1 0.579592 0.799865 0.043734 0.326541
1 0.748524 0.803533 0.054168 0.359438
1 0.894948 0.721782 0.052135 0.459012
1 0.421454 0.732616 0.121756 0.370621
1 0.116383 0.462051 0.102462 0.073916
1 0.212369 0.148958 0.080567 0.118963
1 0.471416 0.078658 0.087720 0.133771
1 0.689355 0.149422 0.038141 0.259921
1 0.865979 0.168630 0.049760 0.256992
0 0.214080 0.589158 0.072406 0.199596
0 0.503061 0.636508 0.071075 0.246844
0 0.666922 0.684642 0.073067 0.216078
0 0.824495 0.700945 0.042655 0.204904
0 0.776653 0.217050 0.069102 0.195080
0 0.954642 0.229675 0.077550 0.187273
0 0.606159 0.186596 0.067492 0.207082
0 0.320708 0.156900 0.089011 0.198785
