1 0.933000 0.711432 0.104041 0.318801
1 0.614161 0.801067 0.095585 0.165790
0 0.768276 0.810056 0.117873 0.114442
0 0.455860 0.796267 0.133851 0.080420
1 0.453626 0.935733 0.079551 0.054782
1 0.786592 0.944831 0.050743 0.073208
1 0.313360 0.812350 0.054110 0.260440
1 0.129666 0.825184 0.045817 0.267283
1 0.140072 0.120883 0.048556 0.187251
1 0.295434 0.128056 0.028817 0.252605
1 0.469272 0.169106 0.028441 0.260700
1 0.711961 0.154800 0.055364 0.246500
1 0.960419 0.204247 0.070617 0.252986
0 0.838766 0.237359 0.065946 0.109358
0 0.586117 0.251294 0.076338 0.088562
