1 0.195930 0.202807 0.062355 0.143776
1 0.366312 0.242111 0.055644 0.113963
1 0.540972 0.285830 0.068557 0.164724
1 0.783769 0.255710 0.043504 0.133459
0 0.682164 0.178111 0.068629 0.074623
0 0.683128 0.402113 0.152437 0.076204
0 0.938841 0.369811 0.122317 0.085453
0 0.458510 0.394692 0.154907 0.109075
0 0.287104 0.374088 0.141091 0.153315
1 0.087509 0.738045 0.055818 0.140094
1 0.284009 0.740882 0.072943 0.165415
1 0.484514 0.769426 0.074661 0.144802
0 0.630236 0.622435 0.210336 0.089164
1 0.804240 0.736377 0.079851 0.169769
0 0.926694 0.551948 0.146612 0.060182
