1 0.259405 0.211851 0.094724 0.168154
0 0.153635 0.102141 0.132572 0.184697
0 0.404869 0.148428 0.114566 0.254498
0 0.582258 0.212774 0.024932 0.307502
0 0.734260 0.163835 0.082710 0.281380
0 0.945969 0.175595 0.097803 0.243058
0 0.125760 0.826782 0.122583 0.281831
0 0.441487 0.850095 0.147315 0.232314
0 0.706791 0.840536 0.074747 0.306260
0 0.884535 0.837205 0.072024 0.277545
1 0.596622 0.794467 0.119352 0.200469
1 0.803090 0.795701 0.064987 0.191608
1 0.301049 0.762253 0.081417 0.217665
1 0.517769 0.196359 0.088598 0.159989
1 0.685305 0.240924 0.083073 0.172224
1 0.869234 0.188247 0.074241 0.239223
