1 0.863719 0.227692 0.224050 0.201863
0 0.634000 0.313711 0.204542 0.094336
1 0.527614 0.198768 0.039501 0.114260
1 0.289472 0.181927 0.048792 0.132951
0 0.401875 0.264560 0.205402 0.145824
1 0.119190 0.131558 0.054556 0.114866
0 0.191727 0.250900 0.105745 0.204141
1 0.026800 0.607926 0.043952 0.137779
0 0.124886 0.546912 0.128919 0.154732
0 0.347121 0.591267 0.268863 0.160645
0 0.591321 0.578427 0.201300 0.095766
1 0.515826 0.710642 0.113886 0.165916
1 0.211482 0.645065 0.101250 0.146935
1 0.798651 0.642353 0.056085 0.132543
