1 0.093311 0.156472 0.052817 0.093155
1 0.273840 0.186775 0.050219 0.122336
1 0.541821 0.172185 0.042427 0.070708
1 0.772570 0.130097 0.015585 0.058362
1 0.056945 0.646376 0.038963 0.141416
1 0.227950 0.649348 0.076195 0.115602
1 0.530132 0.648786 0.053683 0.112235
1 0.805905 0.578640 0.045890 0.099889
0 0.355230 0.355854 0.117755 0.078564
0 0.639229 0.344631 0.128146 0.051628
0 0.482510 0.374934 0.069268 0.029181
0 0.880801 0.241936 0.095243 0.063974
0 0.138335 0.498392 0.127280 0.069585
0 0.354364 0.476506 0.230316 0.070708
0 0.650485 0.455743 0.230316 0.047139
0 0.879935 0.390647 0.079658 0.051628
