1 0.562029 0.191993 0.050723 0.225130
0 0.684170 0.288342 0.078285 0.038562
0 0.723790 0.071545 0.089002 0.115754
0 0.473677 0.176859 0.029535 0.146560
1 0.387052 0.191748 0.051468 0.184887
0 0.922732 0.230271 0.120255 0.067858
0 0.916156 0.769747 0.109803 0.069260
1 0.792789 0.779812 0.101102 0.119218
1 0.488854 0.778651 0.079788 0.166588
1 0.295326 0.770372 0.037529 0.198791
1 0.385136 0.794789 0.043670 0.133684
0 0.218923 0.798189 0.042464 0.141198
0 0.084018 0.651206 0.102825 0.150737
1 0.046757 0.169892 0.074635 0.147691
1 0.216907 0.173522 0.048535 0.163656
