1 0.271271 0.200225 0.065266 0.134668
1 0.546234 0.167135 0.067176 0.148751
1 0.705746 0.184703 0.043519 0.122303
1 0.891487 0.195542 0.053055 0.132060
1 0.773586 0.717725 0.094068 0.204515
1 0.572265 0.714010 0.065033 0.181544
1 0.377442 0.728408 0.075311 0.118623
0 0.159808 0.267408 0.196120 0.139361
0 0.422253 0.294209 0.206339 0.243581
0 0.638667 0.264791 0.153055 0.216166
0 0.803911 0.291940 0.200547 0.183154
0 0.929249 0.320798 0.072316 0.118662
0 0.229602 0.641058 0.232679 0.250868
0 0.491050 0.632752 0.194234 0.153376
0 0.681651 0.600646 0.127534 0.125066
