0 0.583289 0.751163 0.095152 0.155129
0 0.883615 0.566736 0.167710 0.216397
0 0.270189 0.738131 0.070390 0.142841
0 0.101807 0.740220 0.054543 0.109595
0 0.187328 0.197749 0.055663 0.149765
0 0.354142 0.215017 0.055305 0.139175
0 0.610015 0.156078 0.044945 0.106716
0 0.904347 0.214897 0.136931 0.216379
0 0.023667 0.169326 0.032437 0.123482
1 0.054822 0.625736 0.095347 0.119713
1 0.099728 0.367246 0.146736 0.096367
1 0.346067 0.362560 0.277196 0.097278
1 0.564401 0.387141 0.078396 0.081522
1 0.746422 0.319320 0.149200 0.076828
1 0.457812 0.586227 0.584032 0.106494
