1 0.652961 0.591680 0.214957 0.144667
1 0.782029 0.338209 0.131415 0.158040
1 0.592416 0.383797 0.063830 0.071726
1 0.480244 0.357052 0.122967 0.125216
0 0.189253 0.579523 0.045995 0.105765
0 0.666102 0.284111 0.049750 0.181138
0 0.385907 0.335170 0.043179 0.127647
0 0.217883 0.193542 0.073217 0.350119
0 0.055961 0.240346 0.053505 0.156824
2 0.076612 0.205699 0.062891 0.252863
2 0.389661 0.188071 0.122028 0.290550
2 0.663755 0.152208 0.041302 0.175059
2 0.533279 0.710210 0.086358 0.189648
2 0.813005 0.666445 0.067585 0.187216
0 0.357746 0.604445 0.052566 0.116706
2 0.353522 0.716896 0.106071 0.183569
2 0.197702 0.717504 0.128599 0.240707
0 0.041412 0.644563 0.071340 0.274746
