0 0.142315 0.652751 0.020379 0.065361
0 0.489644 0.475015 0.050504 0.051601
0 0.530845 0.080555 0.028353 0.044721
0 0.792228 0.502535 0.021265 0.042427
1 0.241109 0.688872 0.053163 0.144482
1 0.427178 0.663071 0.021265 0.196083
1 0.261931 0.093742 0.022151 0.158243
1 0.438697 0.070808 0.021265 0.103202
1 0.081178 0.105782 0.036328 0.111229
1 0.628753 0.684858 0.048732 0.154803
1 0.712041 0.648164 0.041644 0.113522
1 0.949058 0.557576 0.063795 0.143336
1 0.857352 0.045581 0.025695 0.071095
2 0.350979 0.078835 0.062023 0.057334
2 0.523757 0.694605 0.077972 0.098615
2 0.337245 0.700912 0.085946 0.037841
2 0.527744 0.030101 0.041644 0.021787
2 0.195478 0.062208 0.061137 0.058481
