0 0.484612 0.697497 0.026216 0.059526
0 0.281648 0.666081 0.031290 0.042991
0 0.321395 0.666632 0.031290 0.046298
0 0.804705 0.668837 0.027062 0.055116
0 0.768763 0.167278 0.031290 0.059526
0 0.300676 0.188773 0.033827 0.049605
0 0.329429 0.194285 0.020296 0.054014
0 0.469390 0.200348 0.021142 0.030865
0 0.501103 0.198694 0.032136 0.042991
2 0.491378 0.124287 0.105711 0.097005
2 0.316744 0.117673 0.071038 0.094800
2 0.145069 0.096178 0.072729 0.117949
1 0.193274 0.581753 0.052433 0.125665
2 0.304058 0.756472 0.096408 0.080470
2 0.517171 0.785684 0.103174 0.090391
2 0.808510 0.723953 0.109094 0.028661
