0 0.264838 0.714103 0.034133 0.064893
0 0.306847 0.712395 0.032382 0.066031
0 0.558467 0.700441 0.026256 0.051231
0 0.596539 0.704426 0.028882 0.054646
0 0.744447 0.700441 0.023630 0.067169
0 0.775955 0.695318 0.025381 0.052369
0 0.301159 0.245055 0.033258 0.048954
2 0.281904 0.733457 0.113776 0.308524
2 0.573346 0.738011 0.101523 0.292586
2 0.754950 0.733457 0.088395 0.235662
2 0.901983 0.757934 0.051637 0.198093
2 0.742697 0.176747 0.167163 0.242493
2 0.580347 0.201224 0.098022 0.182155
2 0.283217 0.222285 0.123403 0.210616
2 0.034660 0.187562 0.065640 0.243632
