2 0.108137 0.872762 0.079723 0.129070
2 0.431795 0.821695 0.099654 0.154884
2 0.700861 0.739764 0.093588 0.139171
2 0.878938 0.656149 0.063259 0.147027
0 0.091239 0.836286 0.042461 0.078564
0 0.387168 0.804299 0.027730 0.057240
0 0.424429 0.765017 0.050260 0.068463
0 0.659266 0.690942 0.036395 0.066218
0 0.692628 0.685891 0.018198 0.087543
2 0.605973 0.247615 0.085789 0.097644
2 0.782317 0.207818 0.071058 0.081931
2 0.299212 0.315002 0.305894 0.287321
1 0.591241 0.625892 0.099654 0.074075
1 0.930064 0.449123 0.092721 0.068463
1 0.116369 0.554623 0.101387 0.059484
1 0.722091 0.369436 0.136049 0.077442
