0 0.469428 0.325372 0.053763 0.119255
2 0.448716 0.137316 0.089898 0.094028
2 0.702106 0.104062 0.074915 0.077975
2 0.873970 0.089728 0.081966 0.102055
0 0.742207 0.293838 0.038780 0.086001
0 0.933461 0.245104 0.051119 0.059628
0 0.483970 0.670525 0.031729 0.048161
0 0.440784 0.691738 0.031729 0.058481
0 0.175496 0.658485 0.026441 0.049307
0 0.723699 0.597710 0.051119 0.040134
2 0.801258 0.111515 0.058169 0.138749
2 0.343394 0.202677 0.053763 0.100908
1 0.641292 0.705499 0.071390 0.069948
1 0.312987 0.746206 0.125152 0.105495
1 0.810953 0.776593 0.063458 0.147923
