1 0.697758 0.636132 0.014729 0.072805
0 0.717397 0.691646 0.024549 0.012741
0 0.384238 0.758080 0.024549 0.023662
1 0.901511 0.698471 0.033667 0.031852
1 0.508735 0.203399 0.050500 0.053694
2 0.728269 0.164266 0.084166 0.059154
1 0.884678 0.165631 0.021042 0.049143
1 0.452623 0.238891 0.043486 0.082815
1 0.087551 0.173822 0.038576 0.087366
1 0.141909 0.720768 0.032264 0.089186
1 0.673911 0.752620 0.023146 0.050963
1 0.447714 0.757625 0.046292 0.050053
1 0.943945 0.187017 0.045590 0.090096
1 0.265353 0.209314 0.015431 0.056424
1 0.930268 0.300320 0.028056 0.032762
0 0.852414 0.719403 0.018236 0.020931
