2 0.543690 0.253718 0.099679 0.120353
2 0.259699 0.256150 0.078991 0.151961
2 0.094194 0.267699 0.084633 0.145883
2 0.174126 0.789230 0.067707 0.109412
2 0.356087 0.778896 0.053601 0.127647
0 0.049997 0.371032 0.067707 0.133726
0 0.444011 0.421484 0.710918 0.132510
0 0.247474 0.349150 0.129771 0.114275
0 0.550743 0.353405 0.181491 0.088745
0 0.247004 0.672524 0.196537 0.189648
0 0.448713 0.600190 0.236973 0.132510
0 0.377715 0.695014 0.091216 0.088745
0 0.731764 0.610523 0.189954 0.070510
0 0.753393 0.547915 0.176789 0.091177
