1 0.073619 0.246424 0.035646 0.302707
1 0.286088 0.323620 0.045965 0.109412
1 0.551556 0.349150 0.059097 0.121569
1 0.732600 0.350974 0.068478 0.110628
2 0.283742 0.198404 0.105062 0.235844
2 0.530919 0.237914 0.096619 0.249216
2 0.721344 0.257365 0.087239 0.275962
2 0.887848 0.200836 0.146336 0.274746
0 0.945538 0.657935 0.057221 0.182354
2 0.780441 0.753975 0.066602 0.194510
2 0.929122 0.726014 0.112566 0.299060
0 0.586264 0.653680 0.055345 0.110628
2 0.583919 0.777681 0.060035 0.212746
0 0.298751 0.730877 0.022513 0.051059
0 0.058610 0.675563 0.033770 0.069294
2 0.047822 0.640308 0.064726 0.246785
2 0.295937 0.738171 0.069416 0.289334
1 0.421167 0.398993 0.147274 0.068079
1 0.430548 0.614778 0.132265 0.076588
