0 0.643376 0.741155 0.014526 0.024178
0 0.667182 0.185063 0.018560 0.028383
0 0.423476 0.180858 0.023402 0.072534
1 0.701882 0.256545 0.052453 0.062022
1 0.697040 0.745885 0.036314 0.023127
1 0.853593 0.720656 0.020174 0.046253
1 0.920975 0.653379 0.050032 0.067278
1 0.433967 0.738001 0.041156 0.116685
1 0.485210 0.859942 0.079083 0.112480
1 0.914923 0.716977 0.065365 0.181860
1 0.798315 0.690171 0.053260 0.056766
1 0.631675 0.239200 0.042770 0.065175
1 0.118037 0.224483 0.077469 0.134555
1 0.898783 0.340643 0.091188 0.104070
