2 0.170640 0.143332 0.051656 0.118190
2 0.358912 0.161261 0.047740 0.116901
2 0.513331 0.150056 0.056939 0.137550
2 0.736028 0.214293 0.075967 0.192919
1 0.616305 0.256972 0.136867 0.221303
1 0.397572 0.245215 0.068323 0.216762
1 0.250947 0.273427 0.135142 0.080590
1 0.261747 0.495709 0.236318 0.146681
1 0.518509 0.603925 0.196846 0.137017
1 0.794893 0.609773 0.225360 0.155911
2 0.956999 0.668871 0.055975 0.152318
2 0.673955 0.698533 0.107233 0.174153
2 0.386000 0.682744 0.069064 0.197399
2 0.204100 0.630899 0.046717 0.165108
2 0.053096 0.599214 0.062992 0.271980
