2 0.386652 0.256233 0.168860 0.363124
2 0.121906 0.790766 0.190608 0.331175
2 0.380470 0.961187 0.072732 0.048114
2 0.534636 0.830661 0.055756 0.262967
2 0.694823 0.825550 0.033301 0.270941
2 0.861818 0.813532 0.026148 0.326351
1 0.909763 0.323625 0.060208 0.087934
1 0.811767 0.356870 0.048111 0.119460
1 0.958847 0.243894 0.039722 0.060476
2 0.743633 0.150725 0.087209 0.217048
2 0.584634 0.152379 0.080938 0.203561
0 0.692194 0.363970 0.123458 0.104546
0 0.558605 0.386051 0.117698 0.099619
0 0.338468 0.661622 0.190987 0.064484
0 0.505235 0.641709 0.059468 0.079839
0 0.189426 0.474952 0.194132 0.104673
1 0.387896 0.815186 0.102123 0.056353
1 0.124786 0.256592 0.093190 0.144692
