0 0.347446 0.298699 0.059701 0.117922
0 0.625896 0.267091 0.056903 0.217609
0 0.806399 0.265875 0.057836 0.113059
0 0.261159 0.640308 0.021455 0.054706
0 0.296606 0.645778 0.028918 0.053490
0 0.782145 0.653680 0.037313 0.079020
2 0.794272 0.681641 0.085820 0.317295
2 0.575523 0.676778 0.062500 0.314864
2 0.272819 0.629974 0.106343 0.306354
1 0.225245 0.297483 0.115671 0.161687
1 0.558732 0.315718 0.230409 0.164118
2 0.346513 0.171659 0.102611 0.296628
2 0.614702 0.145522 0.107276 0.241922
2 0.803600 0.217855 0.119402 0.294197
