0 0.185196 0.233520 0.035689 0.035926
0 0.220389 0.229671 0.024784 0.035926
0 0.361163 0.225822 0.038663 0.043625
0 0.415192 0.232237 0.027758 0.056455
0 0.645684 0.163593 0.030732 0.060305
0 0.889063 0.180273 0.043620 0.052606
0 0.691287 0.177707 0.018836 0.039775
0 0.112331 0.692863 0.014870 0.030794
0 0.089529 0.695429 0.018836 0.033360
0 0.854861 0.647955 0.026767 0.051323
2 0.106878 0.782678 0.067413 0.048757
2 0.287802 0.767282 0.064439 0.074419
0 0.309116 0.712109 0.025775 0.041059
2 0.577776 0.741620 0.091205 0.061588
2 0.392391 0.161668 0.069395 0.069286
2 0.210476 0.195028 0.060473 0.094948
2 0.664024 0.144988 0.069395 0.089816
2 0.044918 0.155894 0.034698 0.083400
