0 0.522762 0.768088 0.011222 0.012756
0 0.731778 0.752598 0.012625 0.014578
0 0.597461 0.294297 0.018938 0.021867
1 0.395109 0.214117 0.023847 0.072891
0 0.430880 0.319809 0.016833 0.012756
2 0.191003 0.199994 0.060320 0.104781
1 0.631128 0.297030 0.072244 0.136670
1 0.744052 0.242362 0.038577 0.125737
2 0.772459 0.242818 0.089778 0.181316
1 0.889241 0.400900 0.093285 0.083824
2 0.421762 0.246007 0.067334 0.185872
1 0.465248 0.347598 0.070139 0.119359
1 0.266403 0.832778 0.023146 0.074713
1 0.299368 0.737109 0.054007 0.123915
1 0.562391 0.695652 0.024549 0.048290
1 0.936585 0.852368 0.025250 0.101136
