1 0.436706 0.295111 0.283226 0.182864
1 0.735544 0.324704 0.117490 0.111639
2 0.309015 0.152913 0.079173 0.144995
2 0.625432 0.161889 0.075738 0.138171
2 0.953808 0.215689 0.091200 0.253740
2 0.109345 0.132894 0.043689 0.125840
2 0.235702 0.752698 0.057713 0.107544
2 0.438899 0.731207 0.083677 0.189426
2 0.716273 0.755503 0.052799 0.147965
2 0.975884 0.758903 0.048232 0.151971
1 0.821506 0.561454 0.222599 0.212037
1 0.563154 0.542625 0.236763 0.095464
1 0.337786 0.576899 0.151975 0.161496
2 0.025136 0.790205 0.028579 0.110309
