0 0.415801 0.124846 0.030160 0.097306
0 0.857675 0.151467 0.016132 0.042227
0 0.407384 0.724748 0.016132 0.054161
0 0.887834 0.710061 0.021743 0.032130
0 0.072472 0.673800 0.028055 0.064259
0 0.717748 0.695373 0.011222 0.044981
1 0.119465 0.609082 0.044889 0.103732
1 0.682678 0.713273 0.018236 0.132190
1 0.937633 0.692160 0.023146 0.095470
2 0.373016 0.785794 0.083465 0.108322
2 0.699161 0.784417 0.068035 0.072521
2 0.392304 0.120715 0.081361 0.184515
2 0.113853 0.135862 0.124847 0.100978
2 0.064055 0.739436 0.025250 0.083537
