2 0.272371 0.182143 0.052993 0.105817
2 0.546084 0.222831 0.067439 0.135136
2 0.741659 0.207006 0.072926 0.137613
2 0.931714 0.181926 0.062326 0.126644
2 0.832955 0.734141 0.063296 0.184558
2 0.625536 0.759628 0.091510 0.133416
2 0.309707 0.732719 0.083974 0.110564
1 0.152180 0.748882 0.107688 0.084224
1 0.470539 0.776949 0.118308 0.094238
1 0.643300 0.219703 0.042714 0.126755
1 0.832932 0.176821 0.052768 0.130406
1 0.414105 0.197372 0.090850 0.095985
1 0.159590 0.152968 0.077848 0.120729
1 0.732632 0.773904 0.043744 0.128892
1 0.936028 0.816909 0.036096 0.231199
