2 0.594149 0.682399 0.119108 0.226491
0 0.109471 0.694850 0.016492 0.028460
0 0.089773 0.694850 0.019240 0.030831
0 0.192847 0.238310 0.016492 0.035575
0 0.221708 0.239496 0.019240 0.049804
0 0.367386 0.228823 0.026570 0.052176
0 0.411822 0.227637 0.016492 0.042689
0 0.644540 0.156488 0.031151 0.045061
0 0.692642 0.179612 0.022905 0.050990
0 0.885505 0.189098 0.036649 0.039132
0 0.305083 0.712637 0.028403 0.030831
2 0.291340 0.719752 0.092538 0.206332
2 0.111304 0.716787 0.080627 0.221748
2 0.397163 0.211036 0.100784 0.211076
2 0.216669 0.230602 0.054973 0.164829
2 0.668362 0.192063 0.091621 0.201589
