0 0.851893 0.572229 0.046737 0.100902
0 0.682705 0.594719 0.041129 0.131294
2 0.834601 0.705347 0.064497 0.182354
2 0.673825 0.759445 0.088800 0.254079
2 0.385925 0.735132 0.086931 0.186001
2 0.456498 0.150385 0.057954 0.159255
0 0.475193 0.314503 0.082257 0.161687
0 0.744398 0.219679 0.063562 0.210314
0 0.921532 0.234875 0.045802 0.082667
2 0.872925 0.109659 0.083192 0.182353
2 0.702802 0.098718 0.058889 0.109412
1 0.523332 0.593504 0.171058 0.136157
1 0.280299 0.343679 0.064497 0.122785
1 0.616806 0.247032 0.227142 0.262589
