1 0.731050 0.614177 0.044042 0.044254
1 0.780138 0.617167 0.030279 0.021529
1 0.849872 0.613579 0.065146 0.167448
1 0.655811 0.728401 0.031197 0.066979
2 0.224564 0.222467 0.047712 0.093293
2 0.071793 0.224859 0.050465 0.100469
2 0.381923 0.257153 0.068816 0.138743
2 0.620944 0.274496 0.051383 0.101665
2 0.830145 0.272702 0.053218 0.093293
0 0.388805 0.697901 0.022021 0.065783
0 0.073169 0.687137 0.036702 0.173429
2 0.226399 0.715244 0.036702 0.114822
0 0.239704 0.699695 0.021104 0.100469
0 0.215389 0.647667 0.031197 0.137547
0 0.382382 0.627932 0.034867 0.071764
