0 0.733283 0.727325 0.027090 0.028383
0 0.771456 0.726274 0.006567 0.038895
0 0.577718 0.213807 0.011493 0.016819
0 0.747649 0.230626 0.018060 0.016819
0 0.788695 0.224319 0.008209 0.027332
1 0.606040 0.359400 0.027090 0.045202
1 0.383570 0.370963 0.028732 0.032588
1 0.185728 0.311570 0.040225 0.060970
1 0.906087 0.344683 0.064032 0.087251
1 0.853959 0.362554 0.036941 0.045202
1 0.799367 0.364656 0.014777 0.047305
1 0.741903 0.647433 0.024628 0.040997
1 0.719327 0.714710 0.020523 0.036793
1 0.390138 0.240613 0.055002 0.032588
2 0.361405 0.724697 0.406356 0.399461
1 0.865862 0.420371 0.136273 0.049407
2 0.794031 0.751503 0.281576 0.314313
1 0.915938 0.583309 0.013135 0.055714
