2 0.8702792542 0.8425712893 0.0528494828 0.2826432429
2 0.7053301362 0.8281929888 0.0932780654 0.2596465524
2 0.5218115545 0.8279495608 0.1115468753 0.2788614712
2 0.0979617048 0.1452128219 0.0922121165 0.2654693891
2 0.3595817457 0.1574640689 0.1047442933 0.2560279342
2 0.5580548773 0.1577088837 0.0846085002 0.2516421289
2 0.7340188544 0.1519548413 0.0954924345 0.2496942714
2 0.2462997673 0.8322454628 0.1312701609 0.2529172053
2 0.3540310467 0.7320554183 0.4581362966 0.3742320971
2 0.6991969923 0.7598111311 0.0763242169 0.1039194792
2 0.5188502331 0.7526167226 0.0701690504 0.1215058110
2 0.2492533505 0.7566136162 0.0824794214 0.0751417470
1 0.7595177761 0.1538807413 0.0147723998 0.0303764528
1 0.5354692207 0.1906522484 0.0270828086 0.0463640763
2 0.1039910976 0.2090379958 0.0874035546 0.1023207095
2 0.3643552209 0.1890534848 0.0960208067 0.1039194546
2 0.5570123605 0.1682695951 0.0898656212 0.1167095510
2 0.7348970719 0.1482850810 0.0763242169 0.1023207033
2 0.8733886416 0.7526167226 0.0504724795 0.1087157515
1 0.6564350353 0.6049019142 0.0645076139 0.1388931643
