0 0.2772340971 0.7350298437 0.0275688328 0.0338248827
0 0.2030608409 0.2335764466 0.0210048220 0.0558110080
0 0.2736970564 0.7390525823 0.0130558092 0.0409973428
0 0.2398335571 0.7132978496 0.0155037931 0.0210242452
0 0.2002581059 0.2318419096 0.0130558092 0.0210242654
1 0.3944633704 0.2891330706 0.0342715542 0.0346900733
1 0.6196761583 0.2071383952 0.0554871736 0.0367924695
2 0.5364453822 0.1924214158 0.3671948154 0.3227226480
0 0.6720880265 0.3585753444 0.1228888241 0.1180209798
0 0.4087123321 0.6112020302 0.0936579135 0.1311344579
0 0.2771736428 0.7589212042 0.0310204902 0.0563106550
0 0.2055879208 0.2401686277 0.0143171240 0.0971937742
2 0.4370483587 0.7535215141 0.1706126021 0.0763665080
2 0.4203449924 0.2189556954 0.1646470749 0.1936161757
2 0.6708949211 0.2444112283 0.1383991006 0.0686527604
0 0.2804515273 0.7428670571 0.0424644407 0.0507780951
2 0.6609687020 0.1324675442 0.0710248908 0.0748442693
2 0.2188852255 0.2368735787 0.0608417213 0.1808400897
2 0.4003201394 0.2211840499 0.0481127829 0.1286424418
2 0.6642895294 0.2029363381 0.0530618424 0.1858424951
2 0.0333374282 0.2359873201 0.0300507251 0.2015116232
1 0.0998062872 0.3919380041 0.0428593012 0.0684731940
1 0.1734735544 0.3824485743 0.0589594115 0.0594956061
1 0.3244060862 0.2904077508 0.1645447688 0.1890796133
1 0.5429415134 0.3211632912 0.1794130616 0.1766215451
1 0.7545038859 0.3232936467 0.1690911815 0.0858118501
1 0.5475864332 0.6339542295 0.2019314550 0.1342290091
1 0.3448540801 0.5812444263 0.1271890711 0.0886450503
2 0.2636397483 0.7334566009 0.0633797508 0.1820242283
2 0.4306847215 0.7283949501 0.0668363218 0.1349115188
2 0.8266315853 0.6873683032 0.2667748722 0.1626107612
