2 0.4419442624 0.2022813447 0.2970057851 0.3589013627
1 0.0700450883 0.6972985405 0.0684739462 0.1711170819
1 0.6092774637 0.2722837552 0.0547791317 0.0300010543
2 0.6947730983 0.7571495779 0.1332635855 0.1912521659
1 0.0916957687 0.5852314761 0.1074417398 0.1317105059
1 0.1106193965 0.3753748497 0.1390036767 0.1968604934
0 0.2042614048 0.6434259357 0.0936435437 0.1956323095
2 0.5264163030 0.1435445449 0.1186416397 0.2186388281
1 0.2924147841 0.3273563936 0.0919261603 0.1626346094
2 0.3791244041 0.1552992155 0.0766390639 0.2073443062
2 0.1888147661 0.1879057875 0.0695547863 0.1956394009
1 0.1173279018 0.6193157373 0.0940277802 0.1053443022
0 0.4671762371 0.4327202586 0.4377317315 0.4887690804
2 0.1906355272 0.2244765446 0.1193791136 0.1559108839
2 0.3760279198 0.2282484322 0.1354197084 0.1964903986
2 0.2179354112 0.7792756418 0.1079656184 0.1651658058
2 0.6727791602 0.7888865679 0.1687348312 0.1530632188
1 0.2265175249 0.5672422759 0.2977288844 0.3314938209
