0 0.9026483980 0.7238912374 0.0949472542 0.1309473505
0 0.4132662721 0.7457158205 0.1323199587 0.1296245109
0 0.8936971531 0.7157616211 0.0200796239 0.0367924560
0 0.4049609669 0.7267993875 0.0144572644 0.0546631254
0 0.0716405212 0.6710850462 0.0160636360 0.0567655571
0 0.4125912097 0.1197233948 0.0168668147 0.0725337455
0 0.1391077966 0.1806937906 0.0289145382 0.0914555814
0 0.8615698906 0.1496829848 0.0248986492 0.0546631254
0 0.7182019654 0.6957885693 0.0128508598 0.0430997511
0 0.9222101467 0.6999933833 0.0192764028 0.0452021828
1 0.6824603961 0.6731874532 0.0281113830 0.0609703712
0 0.4087251094 0.7266868647 0.0326004641 0.0817800536
0 0.4107626243 0.1213367064 0.0448256287 0.1048918025
0 0.8549437873 0.1453373754 0.0339588450 0.0711130868
0 0.8916192812 0.7062418390 0.0366755315 0.0657796158
0 0.4097905480 0.7215182922 0.0396619565 0.0791784362
0 0.8896047440 0.7101136981 0.0351318963 0.0417844607
0 0.8583912369 0.1522903011 0.0340232354 0.0552122691
2 0.8299039166 0.0835876727 0.0695326524 0.1076101335
0 0.4155200301 0.1207565086 0.0486360848 0.0938383332
1 0.2564493689 0.5620418909 0.1168397994 0.0801399496
2 0.3806021716 0.7203999475 0.0855246550 0.2053660313
2 0.7058767091 0.7318747296 0.0581227350 0.1664643345
2 0.8991784042 0.7000118370 0.0511441434 0.1665114555
0 0.8756540827 0.6969369134 0.0601041345 0.0787209439
0 0.4302711982 0.7252368727 0.1082243422 0.0827579976
2 0.3984087166 0.1316755876 0.0821653464 0.1643946470
0 0.4464592183 0.1100775735 0.1150061812 0.0682928568
2 0.6684116036 0.1539557356 0.0463923736 0.1577098973
2 0.8428895513 0.1278375612 0.0780639271 0.1491539723
