1 0.4260476846 0.2813234944 0.0716601220 0.0385015139
2 0.3577677567 0.6934645868 0.0757163296 0.0892534974
2 0.5470586442 0.0730653553 0.0297456704 0.0700027353
1 0.2076871244 0.2261963352 0.0648997338 0.1242548522
2 0.3764479529 0.6634058183 0.0507181233 0.1495298570
2 0.6755910459 0.6159939304 0.0554142177 0.1689809574
2 0.3470456291 0.6712273628 0.0659504511 0.1603227021
0 0.3575645122 0.5330797011 0.0847893672 0.0792568576
0 0.2898580803 0.2312488043 0.0557488019 0.1872364372
0 0.4201229963 0.3293667250 0.0648867408 0.1022559956
2 0.3797352475 0.6816411582 0.1174030878 0.2200398599
0 0.6362634898 0.6524459060 0.0297386352 0.0500400912
