0 0.4608725636 0.6208566582 0.2503224166 0.1811377529
0 0.2798116940 0.1899074921 0.1128628446 0.3644808387
0 0.1574683632 0.3414796155 0.0848728377 0.1557005603
0 0.4761930171 0.5944930054 0.2636475868 0.1521619598
0 0.7506754452 0.3131704311 0.2058618290 0.2382690224
0 0.5059888230 0.2830919054 0.2275314803 0.2252939552
0 0.9547931475 0.5313870928 0.0904137051 0.2193962328
2 0.6083100938 0.7452416622 0.1251375493 0.1547990895
2 0.8785185824 0.6844793968 0.0741966012 0.0911433673
2 0.1454118748 0.7423482054 0.0985596568 0.0969302399
2 0.2101954745 0.1607667608 0.0930225962 0.1027171228
2 0.3951332800 0.1665536437 0.0575854429 0.0853564844
2 0.6398713417 0.1933179656 0.0442964849 0.0636556812
2 0.6006205136 0.7796859382 0.0729334251 0.1798242845
2 0.1316894099 0.7830408372 0.0534160417 0.2294772678
