0 0.6790346700 0.4094656644 0.0299885226 0.0625759767
0 0.7148904889 0.4289149611 0.0312923522 0.0744146683
0 0.7145179346 0.4280283549 0.1453145450 0.0970681265
0 0.6757565708 0.4050661390 0.0265555318 0.0688912937
0 0.7087368576 0.4250668398 0.0256989567 0.0488905929
0 0.8762082373 0.4600680458 0.0231290421 0.0611132207
1 0.4239070857 0.3283968234 0.0316953610 0.0533352090
2 0.5215630043 0.4167332281 0.5131218959 0.3655682467
2 0.7025533714 0.4631427379 0.0591396580 0.4794438219
0 0.7142428977 0.4298752107 0.0154306595 0.0664145600
0 0.6770689845 0.4062207105 0.0210417912 0.0536774930
1 0.4259701150 0.3288886763 0.0420836140 0.0336622191
2 0.6798745819 0.4830978670 0.0897783597 0.1255508720
2 0.8604834161 0.4935604431 0.0582156729 0.1901458392
2 0.3740670047 0.3566372294 0.0547086761 0.1018963513
0 0.7093331338 0.3161516196 0.0126250621 0.0081881057
0 0.0759747376 0.3143320474 0.0280557453 0.0209251726
2 0.5838450261 0.3910912681 0.2193107092 0.3537658036
1 0.4910841176 0.2578869199 0.8167592377 0.4617725912
0 0.6801713314 0.4049781682 0.0288544806 0.0830424441
0 0.7112799785 0.4266160112 0.0171323853 0.0912297516
