2 0.8736840934 0.0737540300 0.0741353047 0.0879446113
0 0.8145059421 0.6699170045 0.0234111389 0.0490460020
0 0.6253230659 0.7064028345 0.0353773167 0.0530797477
0 0.8140021096 0.6674776739 0.0299346624 0.0365661005
0 0.6201493013 0.7007925117 0.0291823274 0.0474336464
0 0.3310614042 0.6871553466 0.0145911953 0.0272743302
0 0.8116586252 0.6723323527 0.0255345681 0.0426902899
0 0.8129902726 0.6726620864 0.0088925473 0.0304852726
0 0.6242247492 0.7078777686 0.0129347119 0.0378437697
1 0.3784657759 0.6568938490 0.0501219376 0.1103776206
1 0.3230891887 0.6500609530 0.0250609846 0.0336388790
1 0.5514671290 0.2826612376 0.0436545500 0.0872508656
2 0.6424141108 0.7294277204 0.2109969864 0.3185182308
1 0.6460520400 0.6395487467 0.0307198697 0.0462534278
0 0.6239001029 0.6958071725 0.0260733590 0.0456558176
0 0.8096601110 0.6697458184 0.0214175556 0.0402271001
