0 0.8696565291 0.7022600806 0.0169431777 0.0304851871
0 0.3976660845 0.7059393222 0.0137159580 0.0252291136
0 0.2342847811 0.1918957823 0.0112954960 0.0441509610
1 0.5570132876 0.2891330750 0.1758870115 0.0788410045
0 0.8781128686 0.6981459018 0.0325915626 0.0318478290
1 0.1438977501 0.6462457315 0.0488873249 0.0625161216
0 0.3960296007 0.6963766465 0.0334968732 0.0589775615
1 0.4191768904 0.5899960914 0.1409078883 0.1684525941
1 0.4732137587 0.3218940032 0.0765568922 0.1965040906
0 0.3481505856 0.2989163745 0.0537657291 0.0775384117
