0 0.8318534700 0.6657083573 0.0253428091 0.0401047737
1 0.5738999962 0.6892993312 0.0253427713 0.0401047737
1 0.5743418023 0.6836996017 0.0250053783 0.0441510108
1 0.0948035646 0.3063138408 0.0855021902 0.0630728445
1 0.5461099266 0.1870010868 0.1330930124 0.1440162905
2 0.4412487993 0.7725271656 0.4267043879 0.3921026907
2 0.8922104411 0.0613038809 0.0642782532 0.0741500531
2 0.9002551844 0.1392169214 0.1321184517 0.1440326075
2 0.2941670465 0.7238757472 0.0585461041 0.2171826270
0 0.5212729331 0.4646975117 0.8096976894 0.1240004017
0 0.6626133872 0.3001451308 0.1319824445 0.1192553612
0 0.4683986890 0.6563177293 0.2323666941 0.3237912086
