0 0.6897634218 0.7106698390 0.0503498691 0.0388949602
1 0.1667751267 0.5924082823 0.0324837618 0.1009165487
1 0.2187491180 0.8126375378 0.0292353657 0.0473046521
1 0.3259454873 0.5740120014 0.0438530580 0.0725337770
1 0.0880020289 0.7458854792 0.0389805018 0.0441510054
1 0.4404507027 0.8457507550 0.1234381980 0.0609703402
1 0.7165625592 0.3059525049 0.5489753832 0.5981406797
0 0.6884909014 0.7049290234 0.0403074806 0.0296454579
2 0.6408547638 0.7428751644 0.2693272431 0.3189848994
0 0.4328538173 0.7557782567 0.1953521027 0.2270331041
2 0.6681459568 0.7142492833 0.3026461035 0.4309927096
1 0.8040342455 0.8384036542 0.1724560668 0.2463958323
1 0.1417187465 0.6627113545 0.1511016760 0.2784471458
0 0.0394742212 0.3477093427 0.0785787060 0.4808323830
