2 0.2149794538 0.1676179877 0.0754203284 0.0930183272
0 0.5723312993 0.7639674871 0.0222126942 0.0466682932
0 0.1686590485 0.7172992350 0.0281929876 0.0355567753
0 0.8995407089 0.2722837529 0.0239212999 0.0433348583
0 0.6060774289 0.7511892620 0.0128150474 0.0255564502
0 0.1460192186 0.2300600669 0.0153780033 0.0277787332
1 0.7756625060 0.2011701870 0.0905593194 0.1544498220
1 0.8709206172 0.2156151295 0.0384449530 0.1677836230
1 0.2173560142 0.6150734343 0.1187522438 0.0711135505
1 0.0434992898 0.5711830001 0.0512599669 0.0744470469
2 0.2459761532 0.2111705262 0.3263551225 0.3744574382
0 0.5689712098 0.7593375580 0.0301024507 0.0591399059
0 0.4312622638 0.3983854128 0.6243869344 0.3294520118
2 0.4635097855 0.5138759446 0.7730059540 0.3999619628
2 0.4981643101 0.4672021205 0.9734374542 0.5323358265
2 0.6228187979 0.7949402635 0.1243134649 0.1502159339
