0 0.4868252000 0.2416641945 0.0129038677 0.0220755065
0 0.7610326807 0.2768798746 0.0096778455 0.0378436901
0 0.8041800209 0.8723924859 0.0250012378 0.0641240373
0 0.4985193370 0.7620150360 0.0185493197 0.0388949929
0 0.5090037433 0.7677967074 0.0137103969 0.0399461310
0 0.2210859288 0.7141847926 0.0120973701 0.0399461310
1 0.4819862457 0.2931736684 0.0290337576 0.0409973515
2 0.8316007516 0.8502594838 0.2621101581 0.2994810324
0 0.4035675317 0.3298138897 0.1579623629 0.1949718267
1 0.7632592167 0.3628562366 0.0962830379 0.1884425466
1 0.8093756189 0.8059565209 0.0631499471 0.2544779967
0 0.5163212207 0.7765804196 0.0274603578 0.0409151207
0 0.8019680728 0.8742088066 0.0353534697 0.0687589227
0 0.4951273863 0.7586057924 0.0296579707 0.0486327960
0 0.2142524226 0.7179252228 0.0329207782 0.0484889951
0 0.2165498926 0.7085596395 0.0323498011 0.0592603214
0 0.4923975235 0.7632614619 0.0192350416 0.0501433236
0 0.5138183531 0.7615520248 0.0218579746 0.0558414472
0 0.4832171792 0.2544204907 0.0271038720 0.0626791750
0 0.8058408845 0.8663972120 0.0306011897 0.0877508574
2 0.2091181756 0.7638312743 0.0786887148 0.2222261641
2 0.4941461665 0.8265104699 0.0769400717 0.2199469146
2 0.8019064377 0.8834915007 0.0821860324 0.2131092486
2 0.5139464701 0.7940924883 0.1203155754 0.1945104413
2 0.5699071830 0.5290720882 0.6761921401 0.3720011489
