1 0.7702547322 0.6516704432 0.0858557840 0.1219408068
2 0.6509156092 0.5642143770 0.1146730656 0.1319169092
2 0.3667782276 0.5661739365 0.1044062535 0.1527505285
2 0.8736231048 0.7176926701 0.0797283454 0.2168072518
2 0.6762003749 0.5951226169 0.2505749707 0.2525310797
2 0.6656258058 0.5901932927 0.1855412090 0.0261746040
0 0.5542287920 0.7304430327 0.3560637090 0.2707439050
1 0.8760540605 0.7591059428 0.0798602997 0.3085719751
2 0.5987250735 0.6898218280 0.0960823047 0.3079759631
1 0.1546095267 0.6060422517 0.1156114772 0.1887854151
2 0.6679259404 0.5271057987 0.1742747298 0.1073849843
1 0.6863072018 0.6274258308 0.3796274344 0.6184442564
2 0.3664908839 0.5594226883 0.0286697459 0.0846832561
1 0.7505670698 0.6248597090 0.0395445487 0.0821170424
2 0.8726608017 0.6883721409 0.0247153036 0.0834001697
2 0.6625804695 0.5895750156 0.1957453806 0.1398556465
