2 0.1384127572 0.5124655076 0.2273640606 0.1619896029
1 0.1924993618 0.7550642602 0.1832934784 0.1257348331
1 0.6968067320 0.8900556399 0.2564106555 0.0624817648
0 0.1358034682 0.8692386957 0.0561718377 0.0115632987
2 0.1390098471 0.4836827031 0.2146785764 0.0744127062
2 0.1521918649 0.6505694919 0.2240943019 0.0787474456
2 0.1705525322 0.8983710772 0.2476336202 0.1163149987
1 0.3259890764 0.5511763961 0.0904403772 0.1279180833
2 0.1096335340 0.4914973506 0.1101863919 0.1006479522
2 0.1314959169 0.6558889507 0.1434172111 0.0536789129
2 0.1402408695 0.8914050820 0.1259273060 0.0818602762
2 0.8109786877 0.5874483462 0.1311742241 0.1503008807
2 0.7751243634 0.2526262825 0.1469151565 0.0630727132
2 0.1970818950 0.8930222500 0.3034383386 0.0686235593
2 0.1691171442 0.6700939791 0.2672087316 0.0573020652
2 0.1490885703 0.4961101579 0.2547607176 0.0701148139
2 0.7617731808 0.5873560399 0.2134949369 0.1457818679
0 0.1250787123 0.8635980677 0.0989043036 0.0318491241
2 0.6967834325 0.2971850172 0.2436137487 0.1730206902
0 0.0954939458 0.2444691599 0.0445798473 0.0293266014
2 0.5059261920 0.1386710979 0.2607325878 0.0661804293
