1 0.2341884948 0.7147877767 0.2564922187 0.1218573252
1 0.6819934821 0.5214582345 0.0896930105 0.0496835464
1 0.2167382164 0.6892840068 0.1314256666 0.2152828314
0 0.6208330114 0.5854916695 0.2973750507 0.1629084074
0 0.8388393105 0.5482593194 0.1550186591 0.1575457744
0 0.3990998522 0.3047610430 0.1028699274 0.1035454823
0 0.7382048052 0.3026236265 0.3964905992 0.1530800355
1 0.3104694494 0.6219117580 0.1659645109 0.1547287183
1 0.4681054340 0.2684701528 0.0162164903 0.0357412681
1 0.7725702199 0.5848854994 0.0543252877 0.1030188829
1 0.5572961871 0.3883085129 0.0600010668 0.0609703798
2 0.5062435059 0.4727214055 0.9875129881 0.2488309176
1 0.5439567613 0.2753236477 0.7615110117 0.1936077705
