0 0.6154796487 0.6774251630 0.0459776019 0.0578167331
0 0.3238849073 0.6979238449 0.0742094588 0.0946092667
0 0.5920875096 0.2169935288 0.1008280386 0.1082750136
2 0.5879925643 0.1642354919 0.0752686604 0.2486126284
0 0.3200101569 0.6851382102 0.0298479288 0.0355161113
0 0.6178404742 0.6758363539 0.0155728406 0.0338248468
0 0.5952312356 0.3279122876 0.1313997779 0.1433797036
1 0.6832649684 0.1856396706 0.0466415103 0.0838826087
0 0.6114369383 0.6804254839 0.0391789049 0.0571374709
2 0.1800024108 0.7880140489 0.0886189867 0.2066672540
2 0.3651694591 0.7667394577 0.1026114851 0.4096875098
2 0.6496830553 0.7260139219 0.1249993957 0.3720013034
2 0.1762710845 0.1898945824 0.1501858683 0.3160793950
2 0.3455799971 0.1990122434 0.0746265071 0.3707854163
0 0.5722580334 0.3193655937 0.0876861421 0.1398043233
2 0.6156346916 0.2172476192 0.1949617745 0.4023934257
1 0.5915162115 0.5709703507 0.2884705043 0.5414595081
0 0.3486072427 0.1874054509 0.0318347440 0.0691464701
0 0.1674522881 0.1399907697 0.0394144814 0.0612439925
