2 0.8258640554 0.2090534336 0.1309655822 0.2029490990
2 0.6423825368 0.7401036100 0.0959550083 0.2063315871
0 0.6436018613 0.7269636128 0.0104777270 0.0231267084
1 0.3409586519 0.3196182805 0.0580301002 0.1187871728
1 0.4469442462 0.5950362950 0.0475524298 0.0557143586
1 0.6810797134 0.7043625260 0.0402986885 0.0788410178
1 0.8120504700 0.5976643043 0.0604480706 0.1282480654
2 0.6468257715 0.7784730728 0.1378215374 0.2943398981
0 0.6432714557 0.7207283470 0.0194081977 0.0346396926
2 0.6393311567 0.7298311814 0.0991001318 0.2098896559
2 0.3893237539 0.7139338877 0.0320459120 0.1850863773
2 0.6527811749 0.7367023163 0.0649153077 0.1656410396
2 0.8223157826 0.6941155902 0.0546920323 0.1657648833
2 0.8186655706 0.2004046929 0.1410770983 0.1487342151
2 0.6280358758 0.2041766187 0.1000850035 0.1516207248
2 0.3998509020 0.2117206798 0.0612805055 0.1631463446
1 0.5391369055 0.6258734825 0.1443816837 0.1478945876
1 0.3568417294 0.3402174487 0.0846615971 0.1067166948
1 0.5454984419 0.3252672837 0.2062549025 0.1652688187
1 0.7338420755 0.6450094819 0.1309528917 0.1486306056
