1 0.8130932748 0.1234437220 0.1161078232 0.1592488575
2 0.8843805806 0.2877631493 0.2312388388 0.2335650837
2 0.6605699532 0.3057297100 0.1783839051 0.1077992062
2 0.4557979640 0.4782828890 0.2987136534 0.2531647929
1 0.7965830608 0.1135803681 0.0829233274 0.1040701698
1 0.4716862036 0.5198745096 0.2297387385 0.1892184935
1 0.3031205391 0.8519184436 0.5505574212 0.2961631127
0 0.1246799306 0.3729684170 0.1577181988 0.2003233536
0 0.6568129206 0.3035357773 0.0352704764 0.0379469024
2 0.1844957548 0.4914915823 0.1180792914 0.1624602008
2 0.4168206027 0.3930667854 0.1288137576 0.2407257522
2 0.6238427424 0.2910844554 0.0950768406 0.2288673196
2 0.4412947710 0.5119018239 0.1096461652 0.1349035543
2 0.5248583598 0.4324564805 0.7081035425 0.2791188874
1 0.8053409112 0.1168921334 0.0827653060 0.0888913551
1 0.7943312965 0.1067647973 0.1112433131 0.0989270931
2 0.6256122513 0.2924323230 0.1001190226 0.0888910076
2 0.4216661568 0.4042629613 0.0852865400 0.1720471432
2 0.1741497647 0.4988888727 0.0574757118 0.0946259429
2 0.8295583048 0.2788119267 0.0370811044 0.1304690596
2 0.4009167060 0.3972882889 0.2471184175 0.2625767173
0 0.1823627384 0.4147972281 0.3537218804 0.2115300338
