2 0.5359872178 0.7502510619 0.1656686407 0.1860366834
0 0.8466632129 0.6421230215 0.0136055996 0.0277787794
1 0.4618804536 0.7882391412 0.1539130585 0.0977811775
1 0.4529518094 0.6821243495 0.1309536986 0.0788916587
2 0.4070330143 0.7893502864 0.4795966899 0.3933470005
2 0.0583866984 0.7361685912 0.0228095005 0.1287582188
2 0.2490741430 0.7474945783 0.0483561298 0.1180283467
2 0.5442290939 0.7391490921 0.0821142261 0.1442569613
2 0.8635621097 0.6783466231 0.0456190103 0.0989530623
2 0.7677622107 0.1001266837 0.0200723857 0.0536492866
2 0.4999786810 0.1525837588 0.0264590607 0.0679557622
1 0.5019649249 0.7423083880 0.0696829218 0.2077183512
2 0.2450091696 0.7394629379 0.0958140175 0.2134092514
2 0.8743330618 0.6733060749 0.0805708548 0.1920682770
2 0.5689258823 0.7344833756 0.0577061578 0.2375955281
1 0.4420091560 0.7247367409 0.1460047269 0.2001230457
2 0.5365274487 0.7183746510 0.1491507706 0.3104088932
0 0.8428534731 0.6390689237 0.0252800153 0.0439016667
