2 0.7197962086 0.4549293211 0.0974347178 0.0551126821
2 0.3981738425 0.6569164479 0.0842131525 0.1067256712
2 0.7473837957 0.4820048751 0.1363887277 0.2454690979
2 0.5629387020 0.5911022684 0.0732288349 0.1007965137
2 0.8453273548 0.3563057351 0.0411911817 0.0509911628
2 0.7080441529 0.4233889127 0.0829009915 0.0937945724
0 0.7486322283 0.4421502450 0.2449225882 0.1470985105
1 0.5011451584 0.7501203012 0.1812466846 0.2976744524
0 0.8114346350 0.5935416106 0.1030529110 0.2081403502
0 0.9376136111 0.4973555487 0.0827669342 0.1776551325
0 0.2474835516 0.7191616679 0.0803326025 0.1229920318
