0 0.7038419029 0.7184224858 0.0968095173 0.1566308018
1 0.4065561694 0.7173712836 0.1234321062 0.1944745716
1 0.6873036150 0.2748102927 0.2170145197 0.3143129394
1 0.3952732451 0.7105068220 0.0661944407 0.1268431795
1 0.3964848955 0.7040436716 0.0995759082 0.1875483760
1 0.7413796910 0.6940174861 0.0253465914 0.0448229035
1 0.1891859109 0.6067308214 0.0706084022 0.0920048877
1 0.7010967402 0.2086328577 0.1403115916 0.1167754613
1 0.5150707629 0.7577131997 0.0615560527 0.0707729969
1 0.4036471739 0.7123362121 0.1033792028 0.1632714679
1 0.5412693546 0.8311250115 0.1042944778 0.1183351253
1 0.7488313424 0.9107208149 0.0676889030 0.0884461477
2 0.6822788288 0.2247243862 0.1761917469 0.1700276076
2 0.3907042826 0.7040530837 0.0616129873 0.1890065614
1 0.3989220277 0.7015954631 0.0674749172 0.1434655803
2 0.4820681392 0.5778838187 0.0667741327 0.1099992437
1 0.4028680215 0.7276424935 0.1190318657 0.1970387057
