0 0.2146137929 0.1950494220 0.0186031994 0.0378437081
1 0.6962753059 0.2076640119 0.0485301596 0.0672776964
1 0.3092475219 0.7301172533 0.0315446132 0.0315363926
2 0.6325292400 0.6966420594 0.0976291162 0.2122655181
2 0.3537843852 0.6895270248 0.1222645181 0.2810443300
2 0.1868112119 0.7179872044 0.0748185864 0.1909203526
2 0.4025989592 0.2033321856 0.0720813178 0.1909204040
0 0.2119028200 0.1891021009 0.0228105456 0.0486194957
2 0.2360819920 0.1920666987 0.0912421824 0.2134513778
2 0.4586954226 0.1480041093 0.6401835862 0.1368926899
1 0.1591223326 0.3604544489 0.1668854629 0.0995583069
1 0.2179426203 0.5284591315 0.0820748127 0.0728908963
0 0.2118894666 0.1849153461 0.0458008287 0.0793675484
2 0.2432715144 0.1165710757 0.1085649243 0.1058233910
2 0.4150246101 0.1590106643 0.0703975697 0.0870838409
2 0.6622642715 0.1639711322 0.0848163506 0.0727535774
2 0.3577735861 0.7713532624 0.1017796017 0.1124373619
2 0.1889890523 0.7647393121 0.1170465499 0.0948001335
