1 0.3151866246 0.1640386335 0.0654175485 0.0494070607
1 0.3039446409 0.1708872457 0.0199368653 0.0743116194
1 0.3338499577 0.1815032036 0.0380613192 0.0790298339
2 0.8022523334 0.0711794119 0.1151151031 0.1341097609
2 0.7383375960 0.6384956360 0.0773034834 0.1548460437
1 0.5779276001 0.5535125486 0.2771430222 0.1676584059
1 0.1302006614 0.5633609403 0.1224940701 0.0826759584
1 0.4702314828 0.5789788769 0.1758478819 0.1563693631
1 0.7054107931 0.2449938067 0.1075927281 0.0828015358
0 0.3122812907 0.1801885912 0.0930530118 0.1387939207
1 0.2513721471 0.5617771518 0.0964018717 0.1522775465
1 0.1705705012 0.7951331846 0.1201961002 0.2897857666
2 0.4894999300 0.7035751097 0.5722973527 0.1102253083
1 0.3624744912 0.7693546910 0.1051715723 0.2595627323
0 0.5449022154 0.5735017715 0.9101955693 0.3975306603
