0 0.0993135950 0.0741598507 0.0113020313 0.0273315512
0 0.4593643859 0.1135803726 0.0177603473 0.0157682334
1 0.7830871424 0.1056962687 0.0678122350 0.1030189596
1 0.0884152001 0.2660063670 0.0395571450 0.0704313255
2 0.1860801519 0.6886301772 0.1007155465 0.3383567266
0 0.2168166129 0.2610580732 0.1092427887 0.1214197295
0 0.5649396556 0.1779577530 0.4837894095 0.2224463646
0 0.3095851139 0.5625720634 0.1023052521 0.1190893243
1 0.2907666820 0.5627907179 0.2069238944 0.1975942127
2 0.5370525666 0.8105512699 0.3143266387 0.2549747349
2 0.5365835895 0.1902103655 0.4047522887 0.1065943065
