1 0.0892893340 0.8193390360 0.1078411717 0.1103774324
2 0.5036792226 0.7430334837 0.1237836269 0.1750593531
1 0.2867957838 0.8044908448 0.0736722199 0.1334403113
0 0.7985719355 0.3105052299 0.0540263172 0.1052124860
0 0.3422954731 0.3676022784 0.0333980911 0.0551724369
0 0.1522212184 0.3502807125 0.0284865683 0.0384923795
2 0.5372812223 0.2123496880 0.0677783926 0.0808340191
2 0.3452423679 0.1931034614 0.0491147380 0.0628708710
2 0.9268195631 0.7021117476 0.0416427697 0.1273963553
2 0.5849105204 0.7343187109 0.0350675401 0.1431419993
