1 0.3716342959 0.8787006993 0.0789516906 0.0956605973
1 0.3176571501 0.4950067213 0.0805629735 0.1797580104
1 0.5009378120 0.1643991701 0.6098614140 0.2817259912
2 0.6161427351 0.5854113056 0.5019070280 0.4993277519
0 0.4083400392 0.7750930786 0.1268357700 0.2876373291
2 0.1886869650 0.7196549939 0.1049711418 0.3642235541
2 0.1896204483 0.6521778230 0.0703036258 0.1307222428
2 0.2752974596 0.7453405319 0.5310093110 0.4689624909
2 0.1895575411 0.6067134488 0.0472985116 0.1023660475
2 0.0317803142 0.6219754619 0.0350449200 0.0605541598
2 0.4687855158 0.5698558438 0.0699443652 0.1408679101
1 0.3996548458 0.2232558404 0.0757159597 0.1103448314
2 0.1926651001 0.6299920113 0.0432662492 0.0718524071
2 0.0387748629 0.6139535473 0.0324496964 0.0474738829
