0 0.6058500934 0.7080196668 0.0616166330 0.0800022412
0 0.4274099441 0.5647033979 0.3027674515 0.2147093332
1 0.4351753093 0.2638661169 0.2942663789 0.2447453571
2 0.7052056133 0.1205319846 0.3617024550 0.1739538459
2 0.1506360530 0.1181439533 0.1922540921 0.0579493533
2 0.3132590853 0.0969171191 0.1846521350 0.1396725408
2 0.1991899818 0.7464050785 0.2189014901 0.1053913075
2 0.3321820530 0.7611047068 0.2040246999 0.1848856608
2 0.6961713202 0.0418688866 0.2592704568 0.0837377733
2 0.1193383969 0.0515097694 0.0878220236 0.0731618853
0 0.5973064983 0.6983026279 0.0185932926 0.0328221885
2 0.6473278101 0.7643846902 0.0919693657 0.0552373086
0 0.6041767128 0.7036726347 0.0113348477 0.0252290951
2 0.6393955934 0.7252225363 0.2550335365 0.4047173531
