1 0.7397479100 0.6864918617 0.0468712160 0.0830458610
0 0.2977037140 0.6029203846 0.0113137346 0.0168194186
1 0.6233779330 0.1819092739 0.5996285218 0.3395420774
2 0.2263851319 0.5147018679 0.2128248126 0.1238204956
2 0.2203605921 0.6687748571 0.1795891362 0.3960709110
2 0.6930355254 0.6735182239 0.1476824122 0.2063363352
2 0.4696886473 0.6687748817 0.1112176336 0.2300531695
0 0.4794155814 0.6754432432 0.0283236045 0.0636467718
2 0.2154810386 0.5564338684 0.1946150135 0.1612088603
2 0.4682172573 0.6508126290 0.0910010341 0.1386971258
2 0.6906215339 0.6684284579 0.1151685342 0.1349630540
1 0.7060559740 0.8472733282 0.0255459184 0.0524781750
1 0.4081264243 0.8352619294 0.0520212513 0.0444392050
0 0.5551983147 0.5966319546 0.4251265127 0.5260625778
0 0.4886181921 0.6851644208 0.0493186388 0.0872493621
0 0.7204156960 0.6960706157 0.0611550319 0.0885324786
2 0.2435046845 0.5382518399 0.1647241809 0.1141940701
1 0.8017914518 0.8917402206 0.1390784986 0.0744186894
