1 0.2537522071 0.6285108806 0.1012875584 0.1229920175
1 0.6585004399 0.6779179253 0.0618979628 0.1377090516
1 0.2171761386 0.2879176090 0.1294229608 0.2785716686
1 0.6741758742 0.2258959782 0.5482388995 0.3500541718
1 0.8100873918 0.6971819549 0.0731504269 0.1363100368
2 0.1522780474 0.4684859674 0.1088787067 0.1286483209
2 0.3485094761 0.5491653504 0.1168666403 0.1926869010
0 0.0729484889 0.6294957458 0.0399941506 0.0702764225
0 0.5169537335 0.7170111405 0.2323406586 0.2652346221
0 0.7666143364 0.8695089116 0.1994231327 0.1902229093
1 0.2110029191 0.6476240027 0.1587237946 0.1970964563
2 0.3188695949 0.6284782132 0.1435275146 0.3866103199
1 0.2611353918 0.6308548530 0.0775191647 0.1477123430
2 0.3513898537 0.5294835882 0.1273529147 0.1621939841
2 0.6963501732 0.6446123749 0.0465115101 0.1259899556
2 0.1310139234 0.4549033841 0.0764117545 0.0941304195
1 0.6755367126 0.7557212922 0.5977184189 0.4088535077
2 0.3184225171 0.6295292040 0.1754610894 0.2865201757
