0 0.4871265018 0.8319914668 0.0541330565 0.0797805970
0 0.8685837687 0.7597196158 0.0548548095 0.0816578325
1 0.2601287634 0.8258905495 0.0765080019 0.1426664176
1 0.4781043446 0.7982019876 0.0721773710 0.1173243756
2 0.6542355759 0.1544397806 0.6512542404 0.3088795612
2 0.6056817322 0.8115154466 0.4675940266 0.2417046114
0 0.4770115551 0.8255373055 0.0362825918 0.0625162760
1 0.9010647261 0.7636109379 0.0480745161 0.0424638005
1 0.1971818053 0.3873346045 0.2059038809 0.1203140443
2 0.6960678807 0.7712780321 0.0934278218 0.2606805150
2 0.8625144841 0.7984075217 0.0580523127 0.2653984591
2 0.0630884518 0.2458386647 0.0789801637 0.2163380328
2 0.2744023946 0.2403755923 0.1772852633 0.3408962939
2 0.5508329923 0.2223474280 0.1285528191 0.3791378772
2 0.8621324771 0.7500810861 0.1058670053 0.3900639668
2 0.6932493496 0.7692018808 0.1478777786 0.3540076811
2 0.5151238633 0.8003414537 0.1226713146 0.2982842503
2 0.2097058829 0.7790354288 0.1840069720 0.2971915984
1 0.9631452083 0.5951276297 0.0737095833 0.0960026630
1 0.8463129111 0.5533487220 0.1134723854 0.0480013315
1 0.0403856242 0.7995777299 0.0546854801 0.0604461302
0 0.2536589992 0.8369121260 0.0410141170 0.0817800009
0 0.4833380055 0.8306897757 0.0300770242 0.0444457027
1 0.8743392068 0.7453540480 0.0656225571 0.0906691708
2 0.5011107908 0.8946915102 0.1285108975 0.1262257036
1 0.1974354886 0.3639823331 0.1599550300 0.0675574123
2 0.6964405006 0.0964193459 0.4470538304 0.1084474587
2 0.2351659972 0.7785708508 0.1616403392 0.2175731736
2 0.5304249133 0.7808110616 0.1476219135 0.2807130377
2 0.7055496678 0.7680083371 0.0985251433 0.2402999204
2 0.8785899152 0.7753449834 0.0911865234 0.2630938794
2 0.2882271214 0.2429825932 0.1579839413 0.2232576914
2 0.0537986649 0.2477206065 0.0644158192 0.1845023404
2 0.7197984739 0.2058653866 0.4339465023 0.2375781324
2 0.8652293610 0.1758696728 0.1295671186 0.2635344938
2 0.7057621787 0.8138247570 0.0764114163 0.1454479539
2 0.5180560012 0.8613473670 0.0775187954 0.1108860736
2 0.2068734690 0.8354259322 0.0863780728 0.0763241442
2 0.7057621787 0.8224652271 0.0675520823 0.1339273598
2 0.8790720138 0.1852301938 0.0996670549 0.1814499882
1 0.9615741657 0.6078934390 0.0586928237 0.1022456035
1 0.2578793597 0.8330561504 0.0323792446 0.0760248023
1 0.8798308629 0.7687274979 0.0386752529 0.0713463228
2 0.5591862886 0.1628684676 0.1277181568 0.2538057963
2 0.2704712819 0.1716405646 0.1564997201 0.2619930926
2 0.0685506695 0.2593614632 0.0890429440 0.2152086005
2 0.2304469315 0.7874413180 0.1304164272 0.3216433115
2 0.5101677068 0.7973829890 0.1214222239 0.2924030105
2 0.7012952648 0.7780843344 0.0971377339 0.3169648810
2 0.2249035803 0.7580337463 0.1685252293 0.1998638107
2 0.5090100558 0.7644797697 0.1727509808 0.2990376055
2 0.7014611040 0.7608756069 0.1235856733 0.2525263652
2 0.2949359274 0.2734821120 0.1662672489 0.2549387982
2 0.0586701681 0.2919593290 0.1109673395 0.2788490142
1 0.1799217446 0.2826117581 0.0868528011 0.0800034856
0 0.8830789209 0.7591253442 0.0402822229 0.1049678695
0 0.6782308935 0.7871621251 0.0405165995 0.0418896288
0 0.4800734541 0.8340005530 0.0632752106 0.0764970036
0 0.2522957550 0.8203818202 0.0519969391 0.0818482916
