0 0.5502025685 0.5382707898 0.0153440425 0.0409974172
0 0.8461810495 0.5514110013 0.0161516769 0.0357412833
0 0.4047802147 0.3829308918 0.2492496749 0.1890301534
0 0.4634445672 0.1613311485 0.1910427861 0.2132031938
0 0.6719017443 0.4443870056 0.0814600519 0.1190268982
2 0.1212160769 0.4274469035 0.1052671651 0.2677225749
2 0.2762715773 0.4377989387 0.0838058480 0.2935212106
1 0.2297361545 0.1176316001 0.1144560110 0.1323318995
0 0.5636383388 0.5674975874 0.1143327408 0.1892950090
0 0.8584965105 0.5564009849 0.0922686108 0.1592689180
0 0.1318817218 0.4852521389 0.1253648848 0.1449086404
0 0.3104013047 0.5113618074 0.1394057651 0.1814622051
0 0.5483618833 0.5325970069 0.0236632006 0.0420033670
1 0.8012047386 0.2989516133 0.0337497575 0.0370429967
0 0.5489956954 0.5353461166 0.0303783308 0.0487567324
2 0.2726914928 0.5387466379 0.0754141455 0.1277083169
2 0.1041700676 0.4953864204 0.0348545712 0.1284341215
2 0.5566109126 0.5815356117 0.0690069855 0.0860685304
2 0.6720192678 0.0489448933 0.0605554003 0.0978897865
