0 0.0827550356 0.7110935798 0.0686909559 0.1985026074
0 0.6189013816 0.7081915573 0.0686909842 0.1184051538
0 0.7732331419 0.6814922176 0.0865328764 0.2623483318
0 0.6245835882 0.6724538995 0.0286085845 0.0439723135
0 0.7812807823 0.6470852590 0.0299090417 0.0473547727
0 0.6205719637 0.6805459268 0.0169737484 0.0420485503
0 0.7858642049 0.6469070963 0.0113158575 0.0252291105
0 0.3433335315 0.7236456982 0.0121241384 0.0399461081
0 0.9030641842 0.1864754479 0.0161655431 0.0210242506
0 0.9309496496 0.1859498681 0.0105075765 0.0220754840
0 0.5643968547 0.2469202698 0.0145489812 0.0241779140
0 0.5841995674 0.2279984246 0.0105075387 0.0136657764
0 0.0656909824 0.6689825926 0.0193986101 0.0336388796
0 0.3194894141 0.2469202698 0.0080827715 0.0262803563
0 0.1109543934 0.2101277944 0.0193986006 0.0388949238
1 0.9248875804 0.5344272463 0.0210151531 0.0609703832
1 0.9256958991 0.6521631528 0.0549627254 0.0946092137
1 0.8792200478 0.7367858887 0.0557710064 0.1082750393
1 0.3687942297 0.6999934194 0.0404137442 0.0325876585
1 0.5740961314 0.7204920594 0.0210151909 0.0420485995
0 0.6207575272 0.6744927738 0.0435826563 0.0453305794
0 0.0689584456 0.6719723316 0.0427410830 0.0577014859
0 0.4688085771 0.6411074777 0.2368930216 0.1035908738
2 0.6165245085 0.8291470315 0.0916336608 0.2350804208
2 0.7937375888 0.8124531293 0.0848333460 0.2333212214
0 0.7893659741 0.6256075482 0.0249326722 0.0516865966
0 0.7641358405 0.6295399631 0.0127731380 0.0636863739
1 0.9075011073 0.6345514364 0.0800365273 0.1588864630
1 0.4472969367 0.9213184538 0.0557917296 0.1131604584
2 0.3043151534 0.8140128210 0.0642792656 0.2532704712
2 0.0480649208 0.7795369089 0.0236683861 0.1928545193
0 0.0760607359 0.6702938157 0.0239472750 0.0312537870
0 0.0663344798 0.6000694994 0.0402948221 0.1010216429
0 0.6246541341 0.6634324755 0.0273962387 0.0361625186
1 0.1761981818 0.7636863838 0.0723670666 0.0723975318
1 0.4380843152 0.2027898784 0.0856421942 0.0659110218
2 0.3108922965 0.1372234351 0.0787536356 0.2211159576
2 0.1086977282 0.1591343292 0.0382775232 0.1559787354
1 0.1890898259 0.2303379314 0.0859536097 0.1041651625
2 0.6318936259 0.1158566056 0.0647348170 0.1758674880
0 0.4728431749 0.3526508168 0.1833091462 0.0771792994
2 0.7199946785 0.1345877144 0.0766805769 0.1851227151
2 0.8822244221 0.1134173611 0.0912478611 0.1808185209
2 0.5373734636 0.1413130241 0.0850007578 0.2239753391
