1 0.3637607397 0.1693092321 0.0611607685 0.0930183385
0 0.0345336530 0.6377834127 0.0637633464 0.0625759960
0 0.3118578896 0.5438409773 0.2291063220 0.0829573814
1 0.4243193315 0.2412553550 0.1567402736 0.3250443327
0 0.1609986854 0.5738916057 0.1492363174 0.1556471699
0 0.1549877384 0.2174084545 0.0924595097 0.1453478983
2 0.3380749006 0.1930476796 0.0768661578 0.3415312488
0 0.0481361389 0.6259266657 0.0922689251 0.1485946707
1 0.4493053535 0.2642158945 0.2427073741 0.3141344167
1 0.6468121306 0.4932092326 0.1674345501 0.0741570983
1 0.3362631921 0.5333270038 0.2441364031 0.0498432403
1 0.3560172442 0.5345629554 0.2774143990 0.2206896438
