0 0.8000152604 0.2211487738 0.0404193706 0.1169248645
2 0.5325982258 0.8010961750 0.1176490724 0.1169248440
2 0.5261016798 0.7661811573 0.0554357259 0.0508159049
2 0.3455976489 0.7530391002 0.0513794009 0.0560727932
2 0.3516820575 0.1458766809 0.0662524136 0.1138977153
2 0.5267777129 0.1651516857 0.0594919245 0.1068886264
2 0.7809706480 0.1791698584 0.0432668772 0.1033840717
2 0.1880791544 0.1642755393 0.0554356943 0.1541999766
2 0.8066603800 0.7521629385 0.0459710728 0.0823568255
1 0.2888098647 0.2921914427 0.0892379342 0.1471908877
2 0.3423768354 0.8275992374 0.0718671422 0.0976096339
