2 0.2877036662 0.7903535262 0.1091463822 0.1181087279
2 0.4861916635 0.8069804463 0.0589742578 0.0986150229
2 0.7533362616 0.7714331684 0.0845004201 0.1307221688
0 0.6230647555 0.3270922552 0.0616148771 0.0860014591
0 0.0927365330 0.6005769444 0.0501721291 0.1123752563
2 0.1883246253 0.7655796905 0.1898734113 0.0968480502
1 0.2984069711 0.5822574290 0.0234008714 0.0262803525
1 0.6558755844 0.6427022593 0.0782719295 0.0357412440
1 0.1784836070 0.6667594480 0.1135204395 0.1528343901
0 0.4921291620 0.3574244427 0.2083406389 0.1656512569
0 0.5336994977 0.2172580049 0.0880312926 0.1070362036
0 0.7992605014 0.3529646009 0.3100656856 0.2280890423
0 0.5307651515 0.6454027947 0.5927439384 0.1427149381
0 0.3214463186 0.8206108450 0.1036812460 0.0802771527
2 0.4843041682 0.6900012128 0.9536721061 0.3363995391
2 0.5278307393 0.1089475773 0.8587939400 0.1452634108
1 0.1248431518 0.1312467910 0.1232437822 0.1439891821
2 0.4177215256 0.6883721098 0.2797145207 0.4016038093
0 0.5718185180 0.6214645066 0.3592746956 0.2601576358
