0 0.6515447512 0.6428571569 0.0207587390 0.0558109990
0 0.6493178539 0.6434077756 0.0179005294 0.0455571419
0 0.8202255654 0.6456300794 0.0170482237 0.0255564323
0 0.1941322105 0.5811833675 0.0230150040 0.0455571419
0 0.4617882034 0.6272960915 0.0127861301 0.0466683061
1 0.5470289451 0.1445015456 0.5890136493 0.2566755805
0 0.6521612477 0.6432969098 0.0244317812 0.0519002770
0 0.8222786313 0.6486048553 0.0244317812 0.0483615157
0 0.4576120830 0.6244240729 0.0371001010 0.0377456247
0 0.2173664265 0.5683954703 0.0253366585 0.0224114509
2 0.6383960858 0.6011938565 0.0717489562 0.2195526467
2 0.8250650614 0.6420132304 0.0498595023 0.2615609038
0 0.1968957572 0.5656809047 0.1360272696 0.2043003936
0 0.5621180873 0.5623067957 0.1225508654 0.4973125366
0 0.7001849075 0.7518286467 0.1426863974 0.2043682105
0 0.2361366429 0.6926123332 0.4653227720 0.2868305888
0 0.4780400955 0.5825624942 0.7796575630 0.6200019726
