0 0.7839506546 0.6504677311 0.0363366155 0.0439723353
0 0.2972997816 0.6445483792 0.0207637560 0.0524285101
0 0.2629097854 0.6428571393 0.0168705553 0.0558109899
0 0.3328183712 0.1830658205 0.0482071792 0.0640566918
0 0.2954814647 0.6487084912 0.0245761682 0.0418831610
0 0.2628707319 0.6413173306 0.0198499850 0.0443469140
0 0.7813339611 0.6524040714 0.0189048087 0.0517380745
2 0.5733815373 0.7380183066 0.1039762214 0.2303577054
2 0.7940946900 0.6985987756 0.1049214731 0.1958656065
2 0.8007113768 0.1732109316 0.1030309696 0.1675328409
0 0.7829780579 0.6521434907 0.0271530151 0.0460024434
0 0.2987496404 0.6527332675 0.0271530151 0.0448228898
0 0.2589252302 0.6409377806 0.0289631645 0.0471819970
0 0.7965545654 0.2451988712 0.0217224725 0.0436433361
2 0.3345010399 0.1862213996 0.0316784925 0.0412842535
0 0.7796277339 0.6469071173 0.0241987776 0.0294339580
0 0.2964596890 0.6500607644 0.0145192288 0.0294339580
0 0.2658079544 0.6384974326 0.0161324680 0.0315363730
0 0.3343710191 0.1875266783 0.0241987021 0.0357412523
1 0.7909204464 0.2258959924 0.0225854250 0.0515094757
1 0.6465347026 0.2427154172 0.0290384954 0.0325876297
1 0.8344782083 0.2768798705 0.0516240337 0.0546631105
1 0.9296599284 0.2579580061 0.0725961817 0.1093262088
1 0.2589516404 0.6064353697 0.0330715746 0.0388949487
1 0.2194270521 0.6700338056 0.0588835915 0.0609703802
1 0.5795848582 0.6495351484 0.0258119791 0.0473046087
2 0.1046786450 0.1960032801 0.0613357242 0.3022173482
2 0.8033177593 0.1872433570 0.1025062788 0.2496578093
2 0.5596552934 0.6860114805 0.1058671404 0.2551327613
2 0.7734901126 0.6794415382 0.0932639094 0.3317820887
0 0.7823893859 0.6437782780 0.0297636278 0.0482951010
0 0.2969457796 0.6426212680 0.0203718809 0.0511095109
0 0.2613369687 0.6357509982 0.0213892908 0.0438983548
0 0.3379247118 0.1892965317 0.0375044039 0.0460310782
1 0.5629226760 0.5959821886 0.0651287419 0.2202259187
0 0.5476817140 0.3236557868 0.2005448294 0.0970790002
0 0.2434832035 0.3157923545 0.1349833082 0.1471128402
0 0.3474456485 0.2986988314 0.0597012208 0.1179219646
0 0.6258958118 0.2670909143 0.0569027438 0.2176085195
0 0.8063987128 0.2658752195 0.0578355695 0.1130591608
0 0.2611587449 0.6403077402 0.0214551416 0.0547060567
0 0.2966063471 0.6457783115 0.0289177847 0.0534903742
0 0.7821451319 0.6536803215 0.0373133291 0.0790198541
2 0.7942719035 0.6816411664 0.0858204908 0.3172950991
2 0.5755229421 0.6767783873 0.0624997356 0.3148636356
2 0.2728191225 0.6299743652 0.1063427689 0.3063539567
1 0.2252447298 0.2974831366 0.1156711012 0.1616867558
1 0.5587319667 0.3157184970 0.2304094145 0.1641181700
2 0.3465128134 0.1716592181 0.1026114473 0.2966283352
2 0.6147018470 0.1455219107 0.1072755946 0.2419223493
2 0.8036002357 0.2178554658 0.1194023661 0.2941969841
