1 0.3314386429 0.4510200128 0.1801911550 0.0704313325
1 0.1398840831 0.4983245850 0.1379842022 0.0872507235
1 0.3557267701 0.2566582284 0.1651237186 0.1358341124
1 0.1990418517 0.3892924146 0.3881218685 0.1806767347
1 0.7961799061 0.2540551069 0.3943936048 0.3113308232
2 0.6757926007 0.3928233077 0.2138724174 0.1998785996
2 0.9659906305 0.3402241777 0.0372731124 0.1715201773
2 0.1087667964 0.5823948000 0.2175335929 0.0737831302
0 0.1977436498 0.4061006127 0.3874711101 0.2105038527
0 0.8124591375 0.2317470876 0.2428160127 0.1871784768
1 0.5315482648 0.2305940954 0.3188127421 0.1795818794
