1 0.7475387123 0.7722372102 0.0417319268 0.0845621799
1 0.6999382758 0.8407324694 0.0508607759 0.1133131408
1 0.7064588597 0.7375667206 0.0404277784 0.0997832986
1 0.7475387123 0.8745573824 0.0391236300 0.0997833395
1 0.7477695459 0.7772575875 0.0405297460 0.0967116602
0 0.8373401391 0.7788344179 0.0607945557 0.0346901037
1 0.5463368886 0.1696560529 0.3996229601 0.2186524780
1 0.7332112862 0.7777406015 0.1001905207 0.2370287791
0 0.8430808258 0.7771340006 0.0690362299 0.0495147193
0 0.8299717323 0.7849803999 0.0715419269 0.0272878387
1 0.7314262845 0.7931666941 0.1143268445 0.1928341201
2 0.1769764059 0.4202327997 0.3114177560 0.3274541257
0 0.7455147220 0.7668003059 0.1968879087 0.3310344791
1 0.7460773770 0.7938851381 0.1789234701 0.2679175280
