2 0.3401950419 0.7564936224 0.0589152671 0.1708970391
2 0.6042802239 0.7746599100 0.0785537317 0.1695515923
2 0.7779252118 0.7585120805 0.1219649945 0.1399472383
2 0.9402005923 0.2485119699 0.0847554851 0.1184169430
2 0.7887780591 0.2707151428 0.0981920066 0.1386016270
0 0.0684832845 0.6756311093 0.0222022769 0.0300010414
1 0.6201244890 0.7406333656 0.0290337063 0.0200006943
2 0.1575862582 0.1642765408 0.1094784927 0.2649068370
2 0.3814856096 0.2026877468 0.0861300247 0.2674896004
2 0.5926210551 0.1996441993 0.0654593359 0.2704836442
2 0.7758224227 0.2071284939 0.0857978556 0.2292699377
2 0.9238428544 0.1882534593 0.0690298451 0.2448876476
2 0.5877970652 0.8245245427 0.0948665230 0.1464597800
2 0.7705160938 0.8199669357 0.0907785899 0.1407454252
2 0.9412666056 0.8079239673 0.0642647410 0.1152973021
2 0.3228818873 0.8371621926 0.1109660863 0.1799429099
0 0.0659297190 0.6879268142 0.0387188256 0.0679413829
2 0.7734279544 0.7913687981 0.0730801014 0.0753888647
2 0.5897401704 0.8376301562 0.0599125013 0.0805289790
2 0.9409854836 0.7618129761 0.0684713940 0.0573983000
2 0.9324265593 0.2195272112 0.0553037939 0.0865258476
2 0.5966531683 0.2636468276 0.0987569057 0.0942360603
2 0.7707944660 0.2418011976 0.0704465814 0.0882392328
2 0.3813631600 0.2525098343 0.0618876571 0.0822423848
2 0.1479677174 0.1544186523 0.1073158142 0.1019462832
0 0.4993667958 0.4188289385 0.1471339206 0.1079823373
0 0.2547160958 0.3771791689 0.1514469978 0.1601054970
0 0.2251684425 0.6171687864 0.1485247066 0.1237062521
0 0.5551366663 0.6606610445 0.2534042825 0.1969596678
0 0.4214844509 0.5296799282 0.5540247423 0.5045113782
2 0.6015451788 0.8125642021 0.0330023506 0.0979639758
0 0.3944970343 0.5200458948 0.6543185265 0.5590638523
