0 0.5379053226 0.1803324490 0.0064984156 0.0546631431
0 0.9172501367 0.6018691853 0.0129968312 0.0189218776
1 0.6284769547 0.6554810835 0.0527996347 0.0630728574
2 0.6609689697 0.7884596146 0.2412534982 0.2911862460
2 0.5128366770 0.1429142569 0.0790660007 0.1886538133
2 0.7457107355 0.1221303532 0.1000679584 0.1918513150
2 0.9149613814 0.0877569933 0.0753597543 0.1231045952
2 0.9186675647 0.6361319802 0.0852430359 0.1550797243
2 0.3337027652 0.7416502397 0.0444746096 0.1614749113
2 0.6822486436 0.7746633438 0.2151464037 0.2390169358
2 0.9430722954 0.6748587868 0.0801006979 0.0753888625
2 0.2301102157 0.1441383540 0.2363300481 0.2013225096
2 0.5081455767 0.1308596325 0.1158480684 0.1250769620
2 0.7451376166 0.0880250587 0.0986363435 0.1216502037
2 0.3297395470 0.7635263453 0.0542831106 0.0711053858
2 0.0520006605 0.6885658509 0.1040013211 0.0942361189
2 0.6875491812 0.8268205775 0.2248173233 0.1378180356
0 0.3632959256 0.6414059726 0.1145950507 0.1566419958
0 0.8934561674 0.5327887510 0.1876648832 0.1293624225
0 0.5758394446 0.3206850144 0.2651317060 0.1370936511
0 0.8953525449 0.2164406139 0.1093369791 0.1221490238
1 0.7788002708 0.2098568085 0.1004486084 0.1716675988
2 0.3270783543 0.2340964353 0.0899903479 0.2903582527
2 0.5183077725 0.1632773506 0.1003270425 0.2415717936
2 0.7745977985 0.1227530974 0.1276889517 0.1935721923
2 0.7642610723 0.7172400327 0.1033672617 0.2242604628
2 0.9269124811 0.6653060097 0.1051914436 0.2887844963
0 0.9286725068 0.6193070233 0.0329880517 0.0747081328
0 0.7701467404 0.7396702078 0.0403187019 0.0782656746
0 0.5415213719 0.1769872094 0.0192429724 0.0604780371
2 0.6569794584 0.8428385933 0.1292031028 0.0948674819
0 0.8207158806 0.8052927109 0.3585682388 0.2694467147
