1 0.4499757028 0.3196183021 0.0558269809 0.0557143642
1 0.5567751108 0.2618015087 0.1140812149 0.1292992844
2 0.7740147751 0.1535264998 0.2961255818 0.2596498065
2 0.7721557933 0.0988010465 0.2072577625 0.0734308188
2 0.4388767977 0.3125575565 0.0424964541 0.0570896459
2 0.7902492421 0.1623374821 0.2748198894 0.0891386749
2 0.4144911045 0.7657807279 0.1200991802 0.1293810682
1 0.2836010224 0.4181744307 0.2905488893 0.0493905350
1 0.6777527298 0.3264312949 0.6444945404 0.2236711288
1 0.6180546368 0.6144379421 0.7638907265 0.1960128651
