0 0.7327853665 0.7585000532 0.0145661005 0.0273315332
0 0.5284556587 0.7653329242 0.0121384045 0.0346900474
0 0.2254003770 0.7658585183 0.0178030033 0.0294340078
1 0.6049276106 0.3364376914 0.0323690660 0.0178706669
1 0.4345854013 0.3501034703 0.0218491129 0.0599192040
1 0.9006998421 0.7232843871 0.0218491507 0.0977628653
1 0.5632524207 0.6912223595 0.0218491129 0.0672776201
1 0.3042999494 0.7096185960 0.0671657902 0.2028842448
1 0.4722144438 0.3532571210 0.0534089721 0.1124798692
1 0.6433658411 0.3306560210 0.0574550818 0.1450675155
0 0.5246583920 0.7689189114 0.0317807339 0.0389251709
0 0.7339569696 0.7559438380 0.0145283312 0.0436433259
0 0.2195638336 0.7665597848 0.0299646736 0.0412842484
2 0.2377242003 0.7854326009 0.0862618815 0.1568801242
2 0.5410027834 0.8031258537 0.0880779606 0.1710347363
2 0.7266928040 0.7854326254 0.0726415049 0.1592390545
2 0.8869582450 0.8249475412 0.0753656520 0.1391868469
2 0.7789038856 0.2269158563 0.0935260282 0.1155958758
2 0.6075851516 0.2312280373 0.4950597027 0.2577262891
