1 0.1098972621 0.2936992850 0.0510067120 0.0420485876
1 0.4798983935 0.5890903883 0.0137637437 0.0483557998
1 0.6831482755 0.1524059080 0.0672400812 0.0408715792
2 0.1966418628 0.1711523405 0.1003943339 0.0742111206
2 0.3796871651 0.2376622949 0.0873521761 0.1372205057
2 0.5489320301 0.2422130185 0.0643009162 0.1533229684
2 0.1326442505 0.7021817853 0.0864422563 0.1197177518
2 0.3082585621 0.7000814869 0.0949348150 0.1379206668
2 0.5117770367 0.7035819638 0.0906885751 0.1645246526
2 0.4217744397 0.4299933526 0.6797594738 0.2103143918
