0 0.4094613410 0.6919031861 0.0272834081 0.0591935189
0 0.4399927678 0.6859838219 0.0337794456 0.0642671893
0 0.2132806891 0.7054331174 0.0116928802 0.0761058766
0 0.2392648865 0.7071243614 0.0272834081 0.0524285429
0 0.6920394149 0.1464774634 0.0181889177 0.0541197664
0 0.4331287075 0.6925734243 0.1132014978 0.0848013765
0 0.2190070125 0.7002194722 0.0929106642 0.0611681374
0 0.2324824848 0.7200170127 0.0671335357 0.1183521722
0 0.4338593963 0.6883740784 0.0992620386 0.1629010682
0 0.7007781557 0.1541534496 0.1220925587 0.1515941517
0 0.4411883731 0.6889556762 0.0218036043 0.0294339990
0 0.4121168902 0.6879044399 0.0121130995 0.0336389029
0 0.2421296080 0.7105055368 0.0177659097 0.0283827423
0 0.2114430646 0.7078774975 0.0161508098 0.0252290951
0 0.6931410097 0.1423244938 0.0137282151 0.0210242835
1 0.6834505364 0.5191846253 0.0250337411 0.0409973719
1 0.4504852531 0.2935136980 0.1447144815 0.1557425632
1 0.4198530411 0.5976999960 0.1254052520 0.1362019611
1 0.6992974939 0.5420784899 0.1005720100 0.1978558776
0 0.4101201551 0.6885491648 0.0238446426 0.0336539976
0 0.2396355089 0.7078715909 0.0218027535 0.0277812507
2 0.4355250857 0.7162883102 0.0681740638 0.1458827603
2 0.2356724225 0.7424256520 0.0924552008 0.1203532885
2 0.7311015368 0.6840725355 0.0765791121 0.1495298570
0 0.4422518406 0.6853717681 0.0414934764 0.0529116559
0 0.4088029994 0.6826159364 0.0152424983 0.0606279681
0 0.2436759133 0.7019066964 0.0270977818 0.0374791545
0 0.2127675070 0.7074183392 0.0364126384 0.0352744646
0 0.0184256111 0.7068671360 0.0203233344 0.0804698493
0 0.6937530943 0.1512943750 0.0347190782 0.0540140316
