2 0.3029288067 0.7516932580 0.0746055386 0.1873493318
2 0.7970144604 0.2355642319 0.1252810333 0.3195959153
1 0.2314547997 0.3301299926 0.0660616164 0.1377093654
1 0.3337697146 0.2859789079 0.0257801108 0.1208898483
0 0.1835198514 0.2791459976 0.0281970351 0.0672778468
1 0.1484749774 0.2518143746 0.0725066346 0.0967119155
1 0.1879508039 0.7222336800 0.0451152410 0.0641242243
1 0.2818066346 0.7853066475 0.0781460492 0.1082752351
1 0.7772686443 0.7043630046 0.0523659762 0.0746363978
1 0.8195642346 0.1918950481 0.0757291626 0.0925070486
2 0.5421971532 0.1716522032 0.0823551739 0.1421781355
2 0.3654502614 0.1848780786 0.0760201547 0.1454846167
0 0.7058572663 0.2962674725 0.3810564756 0.3780795805
0 0.2544590840 0.6937980406 0.1490685047 0.2832556940
0 0.6569441712 0.6488175669 0.2906836662 0.2589419949
0 0.8983479466 0.5989742648 0.2033041069 0.2516478508
0 0.4175028005 0.4099344930 0.0819877181 0.1312945212
0 0.6653909766 0.6458306097 0.2601076180 0.1279644382
0 0.8930093320 0.5893497344 0.2139813361 0.1958991758
1 0.4635645957 0.6666328676 0.1708493604 0.1616720876
0 0.2289174272 0.6755044999 0.1653799993 0.2344483899
1 0.1743304579 0.3582599640 0.1828564242 0.1755424500
0 0.4269471422 0.4142243662 0.0994611252 0.0734609788
0 0.6736379654 0.3038961226 0.2726232201 0.2937816743
1 0.8704282103 0.3132769923 0.0990369724 0.2352104433
0 0.5191548563 0.4378953380 0.9616902874 0.5276094744
2 0.5162607294 0.4184443012 0.7732930413 0.4595307996
1 0.7335439147 0.4431746021 0.4784407457 0.5753699395
