1 0.3802140085 0.7205432405 0.2180654614 0.3416088394
1 0.4911105224 0.3722480688 0.2329758399 0.2212555474
0 0.7734772957 0.3771108402 0.1602873906 0.2893342494
0 0.7669539413 0.7017000657 0.4156289304 0.2163927513
0 0.1360552743 0.5375819044 0.2385673157 0.5519232188
2 0.8761080432 0.2122260203 0.0799939985 0.2561416688
0 0.7965686149 0.7446686432 0.0227255618 0.0332035194
0 0.8202032036 0.7405182033 0.0172713997 0.0249026396
0 0.2688810839 0.7612704275 0.0236345888 0.0260884866
0 0.2452464951 0.2193410624 0.0181804645 0.0426902709
1 0.3607371044 0.7026861927 0.1008484832 0.1866718841
0 0.2735167890 0.7622434157 0.0327076254 0.0391121958
0 0.8097853906 0.7480207699 0.0367960738 0.0462234818
0 0.2401277619 0.2128947971 0.0367960738 0.0533348047
1 0.2905520035 0.1995610867 0.0231678871 0.0586683184
1 0.7278460145 0.3106475238 0.0735921476 0.1457818298
0 0.8861031830 0.2680074418 0.0422473636 0.0640017705
1 0.8252874888 0.2137559388 0.0967600347 0.1653379277
1 0.6355906389 0.5318179030 0.7288187222 0.5318432933
2 0.8029140413 0.8259839380 0.0411482017 0.1462749426
2 0.2594048468 0.2118509937 0.0947235202 0.1681541973
0 0.8014067564 0.7464554006 0.0235684894 0.0403429071
0 0.8181592628 0.7530374358 0.0299217389 0.0495017303
0 0.2696815703 0.7597598567 0.0280350535 0.0365460570
1 0.1536346813 0.1021414581 0.1325715529 0.1846972898
1 0.4048693394 0.1484278415 0.1145662385 0.2544977592
1 0.5822583839 0.2127742552 0.0249320488 0.3075017606
1 0.7342601481 0.1638351974 0.0827099307 0.2813796103
1 0.9459693365 0.1755948999 0.0978033391 0.2430578488
1 0.1257598216 0.8267817828 0.1225826677 0.2818314609
1 0.4414866917 0.8500946242 0.1473150200 0.2323139542
1 0.7067907753 0.8405364103 0.0747467135 0.3062604618
1 0.8845350897 0.8372049902 0.0720243566 0.2775453928
2 0.5966222993 0.7944674392 0.1193519994 0.2004689847
2 0.8030899662 0.7957013797 0.0649871354 0.1916084844
2 0.3010486426 0.7622525365 0.0814166468 0.2176654674
2 0.5177691858 0.1963590335 0.0885975368 0.1599886991
2 0.6853046618 0.2409243484 0.0830731938 0.1722235610
2 0.8692341618 0.1882468549 0.0742411988 0.2392233262
