0 0.4272409130 0.7588616471 0.0128879606 0.0430997804
0 0.7345381698 0.7399397622 0.0185265320 0.0430997804
1 0.4578498392 0.7036729190 0.0225539075 0.0588680588
0 0.5973487122 0.3929941505 0.1629136659 0.1109830400
0 0.8257853820 0.4073735812 0.1189282302 0.0774577645
0 0.8347161040 0.5729640152 0.1465608422 0.0774328572
0 0.5688511678 0.6446271184 0.2217933489 0.1673470956
0 0.2905528774 0.6289710254 0.1756214028 0.1323944195
0 0.3473704666 0.3381411466 0.1812363852 0.1134140683
1 0.1363006962 0.6732828982 0.1135807018 0.1435944323
0 0.7323927117 0.7998041943 0.0883296498 0.1238861598
2 0.3490562400 0.4701111354 0.3549118278 0.2516478465
