0 0.7249272060 0.7399723965 0.0823304927 0.0988141506
0 0.4242591424 0.3016162500 0.0912094037 0.0861995402
0 0.7425848281 0.7164261840 0.0311664317 0.0541197292
0 0.7088211833 0.7451773184 0.0259720054 0.0541197292
0 0.4272323656 0.7323528662 0.0362281839 0.0412841797
0 0.7066420325 0.7394301495 0.0262653781 0.0436433837
0 0.7401530789 0.7400199505 0.0335111411 0.0401045777
0 0.4150053575 0.2858933266 0.0316996530 0.0448228830
1 0.2596771572 0.7854325728 0.0434737733 0.0507206670
0 0.7109645145 0.7401120992 0.0168510050 0.0293198094
0 0.7461224056 0.7248471450 0.0519005855 0.0509912767
0 0.7101561616 0.7455993858 0.0218528582 0.0664072364
0 0.4324424294 0.7361126319 0.0364214829 0.0616639211
0 0.4251581328 0.2914211594 0.0309582368 0.0569205030
2 0.4561163854 0.8452103226 0.0418846975 0.1090976497
2 0.6829455907 0.6375389228 0.2911604178 0.3747406520
0 0.7055187521 0.7338741829 0.0245458530 0.0551163490
0 0.7419143566 0.7267090666 0.0431668776 0.0694465817
0 0.4266268899 0.7178904113 0.0372420176 0.0694465817
0 0.4211252364 0.2918410484 0.0431668460 0.0683442703
2 0.2302599397 0.7834789135 0.0761768298 0.0727535774
2 0.2662323535 0.2108200330 0.0854873421 0.0650372952
2 0.0935648531 0.1871199945 0.0821017016 0.0595256459
2 0.7448767708 0.8027695987 0.1049547166 0.0628326724
2 0.4270501122 0.8016672667 0.0956442359 0.0826744825
