0 0.1705633528 0.1760742028 0.0286245729 0.0524285246
0 0.6760472078 0.3003805228 0.0247211633 0.0507372890
0 0.1701787737 0.1750763712 0.0234530513 0.0315364212
0 0.6825067052 0.3027988446 0.0226443072 0.0241779192
0 0.4063267752 0.2265858543 0.0234530513 0.0357412847
0 0.2231503347 0.6996320620 0.0517584731 0.0462533638
1 0.4932648252 0.7248611696 0.0242617577 0.0378436613
1 0.4572765419 0.6365592196 0.1528492056 0.0441509382
1 0.3545683022 0.5666534816 0.1334397995 0.0620216296
1 0.9457469933 0.2407772273 0.0752115432 0.0325875972
1 0.9175654348 0.7417892750 0.0408357279 0.0884662886
1 0.9333089193 0.7594507837 0.0509079253 0.1762676668
2 0.1753783406 0.1330721417 0.0562697147 0.1199443179
2 0.8190466528 0.1879064308 0.0595742381 0.0528291905
2 0.6690674583 0.2183627592 0.0431982452 0.0614152154
2 0.5761471703 0.8448712511 0.2128414421 0.1375093613
2 0.9728296925 0.1529352427 0.0291551768 0.0811780212
