2 0.4762626941 0.5633687460 0.2087332762 0.3433222392
2 0.4870017807 0.4962431023 0.2898932437 0.3196759205
0 0.5058092120 0.5529877322 0.0283807804 0.0367924824
0 0.4920242102 0.5876778109 0.0089196792 0.0199730563
1 0.4802664718 0.6744029340 0.0389222780 0.0672777046
1 0.2872769002 0.7290660690 0.0389222402 0.0609704443
1 0.3789064013 0.7306428840 0.0356787170 0.0388949352
1 0.8544878387 0.6754541359 0.0591943450 0.0904043420
1 0.7206925365 0.6807101943 0.0316243792 0.1324529564
1 0.5054037479 0.6123813124 0.0389223158 0.0967116513
1 0.5804102069 0.1771788095 0.5132873989 0.3153641391
2 0.4624270944 0.4699418708 0.3146216713 0.5455799884
0 0.4788776384 0.6209518739 0.1426992121 0.1669601257
2 0.4757737511 0.5794992715 0.2521358901 0.4284097817
2 0.1971890994 0.7181859273 0.1958098287 0.3573146100
0 0.5163625838 0.5474023781 0.0495573325 0.1442889233
1 0.8713879969 0.6627281097 0.0544319389 0.1116395269
0 0.7548064618 0.5811049128 0.0747422002 0.1969490756
2 0.4831587592 0.6196341396 0.1895790526 0.4279513807
1 0.8572245885 0.6531047775 0.0493536929 0.1505453945
2 0.2160148951 0.7069906579 0.1817653803 0.3141972186
2 0.2368221212 0.7714884440 0.2513496465 0.3756813386
2 0.4719079832 0.7638215214 0.1537668448 0.4216831682
2 0.1988880295 0.7075802477 0.1060615171 0.2630817704
2 0.4387139719 0.7044716464 0.0626350790 0.2507766417
2 0.7448209741 0.7086374061 0.0245024765 0.1713970629
2 0.5748055232 0.7824345232 0.2035807216 0.2335588448
2 0.3142011659 0.7964505483 0.1584588941 0.1519384177
2 0.5095494210 0.3414595026 0.5522726595 0.1937449750
2 0.4297198800 0.7488612654 0.4877598230 0.3830564445
