0 0.7160816567 0.2352676933 0.0302465102 0.0456635556
0 0.8982182671 0.2420326636 0.0289314120 0.0422810824
0 0.6667667090 0.7096612207 0.0210410473 0.0372073487
0 0.6391503577 0.7071243659 0.0157807294 0.0422810584
0 0.6654516482 0.7494054243 0.0236711689 0.0253685966
0 0.4063837762 0.6986681590 0.0341917300 0.0490460527
0 0.6656632143 0.7110311450 0.0098087834 0.0315363698
0 0.4094095417 0.7068263085 0.0106261758 0.0378437208
0 0.8969862321 0.2484970874 0.0212522769 0.0189218604
0 0.7110286787 0.2264215997 0.0138956706 0.0231266969
0 0.4449662601 0.2248447740 0.0147131378 0.0178706272
0 0.3930482303 0.7127187502 0.0476530486 0.0959232652
0 0.6670532975 0.7187139513 0.0196827907 0.0652811157
0 0.7147063835 0.2197797518 0.0238265243 0.0559552541
0 0.8944412680 0.2484235110 0.0227906470 0.0386357589
0 0.4463989407 0.2377653610 0.0155390571 0.0599520588
0 0.7063660341 0.2190846773 0.0221299564 0.0355753316
0 0.8912432427 0.2368723311 0.0267403547 0.0379470092
0 0.4034624474 0.7052807098 0.0378053329 0.0687789737
0 0.6690217186 0.7082453157 0.0359611511 0.0367611524
0 0.6650809494 0.7099510776 0.0318777047 0.0412715975
2 0.5375654697 0.4362196054 0.9143696673 0.6816151396
