0 0.5245142208 0.6952856711 0.0312869244 0.0524285107
0 0.8425980657 0.6555414561 0.0443231997 0.0541197894
0 0.5264734683 0.6996320529 0.0210673267 0.0399461573
0 0.8408634541 0.6533786672 0.0275496773 0.0378437150
1 0.3745453639 0.3490522509 0.0380833217 0.0452021892
1 0.2222120581 0.3448473910 0.0218776537 0.0683289066
1 0.6893404185 0.3732301772 0.0421348051 0.0325876093
1 0.6188457987 0.3353864622 0.0307907578 0.1082750393
0 0.8443711180 0.6569034598 0.0420457165 0.0474326774
0 0.5249151573 0.6948496214 0.0265070755 0.0450611099
0 0.8464637140 0.6576908182 0.0332684061 0.0563692866
0 0.5314605334 0.6961198756 0.0410057305 0.0645686049
0 0.4916130137 0.4230478242 0.9389775768 0.5542945831
