0 0.2063482636 0.6792188512 0.0129822305 0.0439722918
0 0.1888222618 0.6868294487 0.0324555575 0.0422810479
0 0.6847430820 0.6800644732 0.0142804159 0.0287510969
0 0.6613751047 0.6758363635 0.0220697542 0.0372073163
0 0.4036780170 0.6826013390 0.0181750850 0.0372073163
0 0.3796609093 0.6792188512 0.0220697919 0.0405898040
0 0.4082323223 0.6839913385 0.0271632097 0.0318478202
0 0.6875603184 0.6816322216 0.0298795382 0.0342069125
0 0.3733729491 0.6786833685 0.0244468812 0.0283092063
0 0.1814198252 0.6810424608 0.0298794816 0.0377455756
0 0.2085829877 0.6857606209 0.0244468434 0.0235909725
1 0.1488240151 0.5347782940 0.0516100342 0.0754911512
1 0.5028507530 0.5312396555 0.0497991423 0.0707730157
1 0.6984256325 0.5294703485 0.0389338660 0.0743116296
0 0.6853283480 0.6794947380 0.0129108594 0.0252290931
0 0.4053247779 0.6815971583 0.0161385554 0.0147169915
0 0.1850337911 0.6847508134 0.0145246697 0.0210243016
0 0.2080311911 0.6784435278 0.0121039165 0.0168194118
0 0.7015410660 0.6960028312 0.0712076571 0.0953781447
2 0.6728132741 0.6133119887 0.2994127498 0.4388131404
0 0.6912386862 0.6969956108 0.0991164161 0.0631578725
0 0.1999654970 0.6948903893 0.0689506201 0.0870175078
0 0.3922731190 0.6591008873 0.0657185294 0.0715789549
