0 0.5474230496 0.3489208483 0.1115419749 0.1282480441
0 0.2422991331 0.3767780362 0.1236661133 0.1271968722
0 0.2136598703 0.3392791010 0.0286086034 0.0811796350
0 0.2481202477 0.3578827863 0.0273082218 0.0879446271
0 0.5355068051 0.3375878591 0.0221066764 0.0439723135
0 0.5615146264 0.3358966296 0.0143043112 0.0507372811
2 0.5508808008 0.3627438726 0.1032597236 0.2350178364
0 0.2355697518 0.3611451056 0.0553177239 0.0495616043
2 0.2454040225 0.3907221964 0.1241575333 0.2430116713
2 0.7752248771 0.3571482250 0.0725276904 0.1374934686
2 0.9393341934 0.3083860042 0.0467127690 0.1390921864
0 0.2210456442 0.3579572482 0.0239721438 0.0425474550
0 0.2461646835 0.3536762296 0.0332484098 0.0482950879
0 0.5350372995 0.3415868300 0.0297283187 0.0398894255
0 0.5643448576 0.3385847954 0.0280403979 0.0380256647
1 0.5200604317 0.4974641546 0.9141762839 0.9044733593
