2 0.7648216701 0.1439405949 0.0992405776 0.1403731278
1 0.6087789688 0.6623064524 0.1371086180 0.1488293669
2 0.4070334107 0.7984514556 0.1044637044 0.1877279626
0 0.3938153723 0.7984461855 0.0186675789 0.0378436761
0 0.4181644252 0.7721658117 0.0235373958 0.0462533729
0 0.6933086228 0.6927991711 0.0235373642 0.0283827775
0 0.0906697552 0.8347129975 0.0146094270 0.0283828184
1 0.6125509415 0.6854406559 0.1623269567 0.2049866131
2 0.3061588061 0.2476101202 0.4390944291 0.4394073486
2 0.1081367039 0.8727618400 0.0797230960 0.1290697458
2 0.4317951843 0.8216949831 0.0996539133 0.1548836949
2 0.7008606430 0.7397637425 0.0935879335 0.1391709416
2 0.8789377612 0.6561489897 0.0632586023 0.1470272774
0 0.0912388725 0.8362855720 0.0424612198 0.0785642570
0 0.3871675713 0.8042986154 0.0277297698 0.0572396193
0 0.4244294711 0.7650165277 0.0502601328 0.0684631429
0 0.6592659568 0.6909417046 0.0363953110 0.0662184055
0 0.6926283725 0.6858911272 0.0181976870 0.0875430024
2 0.6059728342 0.2476150533 0.0857889338 0.0976440757
2 0.7823168693 0.2078181347 0.0710576020 0.0819312712
2 0.2992121655 0.3150021452 0.3058940562 0.2873205264
1 0.5912413762 0.6258919957 0.0996538502 0.0740747822
1 0.9300644985 0.4491225195 0.0927214551 0.0684631021
1 0.1163689803 0.5546230127 0.1013869687 0.0594843158
1 0.7220912884 0.3694359449 0.1360492243 0.0774418679
0 0.4999784484 0.6778999952 0.6138550278 0.0581611929
