0 0.6083989419 0.6381360331 0.0169671429 0.0452021527
0 0.5946636358 0.7001576783 0.0298944899 0.0599192548
0 0.8766408873 0.6407640519 0.0137353062 0.0399461151
0 0.3340972869 0.6922735604 0.0113113971 0.0315364304
0 0.1587704430 0.7190794996 0.0161591522 0.0241778794
0 0.1357436456 0.6933247761 0.0169671271 0.0378437247
1 0.3902503242 0.8210472189 0.1058424958 0.1566308134
1 0.1611943206 0.7175026760 0.0290864676 0.0504582723
1 0.8855284068 0.1729739443 0.1850223384 0.2943398594
1 0.5191195780 0.1705840736 0.4912383024 0.3411681473
0 0.3347264282 0.6910644449 0.0258047876 0.0335740120
0 0.6191935579 0.6343084151 0.0565247969 0.0511603817
0 0.1350464742 0.6998575887 0.0122879990 0.0383702350
2 0.1516352724 0.6814718349 0.0700415934 0.1998450987
2 0.3451712427 0.6758762072 0.0417791950 0.2366166474
2 0.6210367818 0.6191201979 0.0577535708 0.2318203834
1 0.3967808180 0.8237615606 0.1351679652 0.1550798314
1 0.3985958572 0.8090235802 0.1096981458 0.1474436278
0 0.3333209645 0.6892993271 0.0244780611 0.0424638564
2 0.1488286523 0.6780935718 0.0562089573 0.2512440835
2 0.3519061380 0.7052232681 0.0634616820 0.2488849189
1 0.5767419673 0.7376608490 0.0580221759 0.0896457959
0 0.8809048992 0.6373991197 0.0389835578 0.0566183931
0 0.6104730969 0.6552913625 0.1060193905 0.1575447821
1 0.3980772633 0.8249122866 0.1057435658 0.1594876525
0 0.3317592715 0.6901408370 0.0264457513 0.0473472021
0 0.1516663260 0.7027867020 0.0621621628 0.0782795157
2 0.2227357045 0.9098067335 0.1764407040 0.0944436186
1 0.4090282188 0.8160852412 0.1175591020 0.1237897975
0 0.6049504556 0.6721286979 0.0421378396 0.1156905800
0 0.1402828831 0.6968485309 0.0222898909 0.0290759097
2 0.4118674097 0.8205957310 0.1479609466 0.1397351501
