1 0.0618321599 0.5181662797 0.0836030588 0.1051213831
1 0.0768482456 0.1844058920 0.0535708873 0.0914556018
2 0.1833817473 0.7774716693 0.0581086906 0.0796099604
2 0.3495007494 0.7799514734 0.0753920800 0.0716859134
2 0.3903091478 0.1432404354 0.1037051552 0.1181672623
1 0.4912134318 0.2082843368 0.1480846677 0.1586070608
1 0.6529605830 0.5916801153 0.2149573170 0.1446670740
1 0.7820288313 0.3382087714 0.1314150784 0.1580397446
1 0.5924158055 0.3837971385 0.0638301507 0.0717256572
1 0.4802437703 0.3570519442 0.1229668301 0.1252160459
0 0.1892534852 0.5795232533 0.0459952245 0.1057650177
0 0.6661020568 0.2841105457 0.0497498881 0.1811378191
0 0.3859066045 0.3351695559 0.0431792174 0.1276474427
0 0.2178831685 0.1935416430 0.0732169042 0.3501187136
0 0.0559611731 0.2403457262 0.0535046580 0.1568240339
2 0.0766120934 0.2056985471 0.0628914375 0.2528634886
2 0.3896613059 0.1880710651 0.1220281737 0.2905499230
2 0.6637553590 0.1522081982 0.0413018667 0.1750593453
2 0.5332790883 0.7102098993 0.0863584347 0.1896476837
2 0.8130052124 0.6664450492 0.0675847765 0.1872162624
0 0.3577462306 0.6044449061 0.0525660087 0.1167062669
2 0.3535221820 0.7168961856 0.1060705982 0.1835691793
2 0.1977015965 0.7175040165 0.1285989295 0.2407066510
0 0.0414116632 0.6445626241 0.0713395452 0.2747459136
2 0.5302347236 0.4798767836 0.7720512933 0.8421608711
2 0.5263741791 0.7374137872 0.0414474440 0.1194354733
