1 0.4835451972 0.3705670880 0.0194419606 0.0659584538
1 0.4832139363 0.3742810772 0.0378645813 0.0725339582
1 0.4288339697 0.3101568899 0.1031205563 0.0704315186
1 0.2040633967 0.6796594189 0.0418927319 0.1156338107
1 0.4876449264 0.6891203850 0.0338364496 0.0462535243
1 0.4875936237 0.3834697846 0.0854349219 0.1240201396
1 0.1101053330 0.7085501394 0.1535421496 0.2100355579
1 0.4841588118 0.3594989038 0.0354401502 0.0711480171
1 0.4786729471 0.3709623029 0.0809669825 0.1682064426
1 0.1068062918 0.7635404771 0.1507450052 0.1689875941
2 0.1803906633 0.5351505280 0.1928574099 0.2747459412
2 0.7650188356 0.4780131186 0.1043480117 0.3452559933
1 0.3303908830 0.3856206463 0.2580748984 0.3306676311
0 0.2763888686 0.7069756539 0.1624883550 0.2592959989
0 0.1248794657 0.6554030142 0.1844462264 0.1303643503
0 0.6880992234 0.8430702948 0.1778589350 0.1532855618
1 0.5096913681 0.8251631214 0.1284536166 0.2148862777
