1 0.6947937770 0.5464563047 0.0639289809 0.0727234378
0 0.9270255332 0.4838803302 0.0273981888 0.0422810479
1 0.1879283739 0.6910575584 0.0626242880 0.1386818510
1 0.1915780914 0.6889556541 0.1102873524 0.1892185180
1 0.1587351639 0.5470417901 0.1370482451 0.1177359318
1 0.7069281347 0.5444137647 0.0997452446 0.0557143354
0 0.9262864770 0.4860713793 0.0113530698 0.0357412931
1 0.1755616324 0.6633477449 0.0813876229 0.2264528628
0 0.9202394853 0.4840079291 0.0805839965 0.0918769284
1 0.1547241258 0.6013064423 0.1646004339 0.2347811639
1 0.6063575697 0.3291099052 0.4295750209 0.6094627918
2 0.6594951179 0.6705248060 0.0840357431 0.1261354898
