0 0.9285294591 0.7747740619 0.0234592956 0.0321336103
2 0.6474118407 0.8054845170 0.1379880012 0.1007967371
2 0.3408226396 0.7183249881 0.0712785810 0.0664072812
2 0.4527665272 0.1497128027 0.0392945698 0.0960533590
1 0.2476122124 0.5291828821 0.0402084322 0.0320178252
1 0.1688195055 0.1808261887 0.2454283987 0.3616523773
0 0.9250154915 0.7751763882 0.0327056866 0.0485390059
0 0.6275865587 0.7647067965 0.0335780390 0.0335163537
0 0.5108480057 0.6006739794 0.1586581453 0.1475964621
0 0.8092868944 0.6293855699 0.2885322926 0.2171541001
0 0.7230444835 0.2875154392 0.5081734891 0.1931737530
1 0.3429310013 0.6329091840 0.0896501630 0.1521923160
0 0.9230008773 0.7756807998 0.0072907686 0.0199730306
2 0.7654403999 0.7504516994 0.3936988183 0.3185177816
