0 0.7041953828 0.2352676952 0.0222086715 0.0321336031
0 0.5435090277 0.2445695223 0.0169830795 0.0473548007
0 0.5460179253 0.2565454293 0.0194881664 0.0473046312
0 0.2918601336 0.2870306348 0.0097440832 0.0515094928
0 0.7063890266 0.2349955649 0.0089321707 0.0294339901
0 0.5906782436 0.8063302304 0.0211121802 0.0536118624
1 0.9491787843 0.6633651621 0.0479083145 0.0536119032
2 0.7896786464 0.8027590011 0.0796902463 0.2466500384
2 0.5405321466 0.2756630662 0.0961778954 0.2122613452
0 0.7099884317 0.2371240079 0.0119077763 0.0355745263
0 0.5464860662 0.2519467239 0.0146556496 0.0391319749
2 0.2991714399 0.8193604413 0.0952618956 0.2015889690
2 0.6000708550 0.8187675400 0.0632026287 0.2098897502
2 0.8716588448 0.2394956335 0.1044217042 0.2110755528
2 0.7141103203 0.2875212553 0.0970938951 0.2359777233
2 0.5231210652 0.2392065574 0.0995137281 0.1731144275
2 0.6962334128 0.2425614881 0.0870744924 0.1476169502
2 0.8594980466 0.2291417654 0.1026235291 0.1744563957
2 0.3069897741 0.8558428299 0.0881110665 0.1744564161
2 0.5946465050 0.8357132152 0.0808548903 0.1744564161
2 0.7812346940 0.8276614264 0.0684156861 0.1503009274
2 0.6773698805 0.3810746034 0.5143857470 0.4850040352
