0 0.1696775640 0.5424756165 0.0185833877 0.0409973489
1 0.4754956910 0.6560066722 0.0872611526 0.1461187059
1 0.7473789338 0.6864919101 0.0622139829 0.0977628522
1 0.6706213750 0.2644295565 0.5211431158 0.4835583638
0 0.6957198302 0.6331997210 0.0887569304 0.2245388816
0 0.8658373433 0.6575782166 0.0857983913 0.2117080996
0 0.4343799752 0.5331195034 0.0493094395 0.1552525998
1 0.5433537599 0.5889334690 0.0641022486 0.1103448137
0 0.5167266808 0.7384122613 0.2297818773 0.2194066082
0 0.3633744119 0.6691259549 0.0788950956 0.2502004948
0 0.9112020261 0.8814755887 0.0621298513 0.0872493371
0 0.1708345058 0.5376128288 0.0259693610 0.0343718078
2 0.6935207850 0.6027560600 0.0665084044 0.0802904426
2 0.8699420333 0.6606715759 0.0598276294 0.1240326987
2 0.7116837797 0.5756215241 0.1577901154 0.1565357174
