0 0.6020681935 0.6885388882 0.0683209409 0.0456647475
0 0.5965584581 0.7249015820 0.0705248515 0.0473560414
0 0.5965249667 0.6900762250 0.0550213886 0.0233341904
0 0.5994208551 0.7234107692 0.0550213886 0.0166672878
0 0.5907332718 0.8917501055 0.0434379988 0.0222230294
0 0.7384223118 0.0833878775 0.0637089719 0.0166672642
1 0.7123595002 0.9073062324 0.0839799860 0.0400014782
1 0.6696454940 0.6584084537 0.1809913881 0.0755582498
1 0.2273025820 0.3111737995 0.2693151864 0.1788953021
2 0.6034488268 0.6738967148 0.3054491679 0.2545623071
2 0.5638906417 0.9241979873 0.2744034798 0.1516040253
0 0.6415046569 0.3869596012 0.3755522287 0.2545622756
0 0.7985447094 0.2348795847 0.2344594566 0.3549882162
0 0.7533954292 0.5710242568 0.2867375446 0.3634982254
0 0.7098302534 0.7740484496 0.4340667725 0.2054555420
0 0.5997538208 0.7261995627 0.0531205618 0.0219836105
0 0.5989429105 0.6957195689 0.0573503228 0.0313961822
0 0.5930139685 0.6892703973 0.0508609895 0.0265742475
0 0.5946371837 0.7270557232 0.0735860845 0.0157784220
0 0.7374806558 0.0817989568 0.0454501901 0.0157784771
0 0.6043765160 0.8914840564 0.0714217155 0.0240829806
2 0.5529745574 0.6917617585 0.0919825646 0.0764010323
2 0.6059997312 0.3836661580 0.1114611062 0.0764010637
