2 0.3154190451 0.7567204301 0.1100155682 0.1465053763
2 0.5115788791 0.7876344086 0.1183186300 0.1545698925
2 0.8229436949 0.7399193548 0.1411520498 0.1182795699
2 0.2313505449 0.1659946237 0.0934094447 0.1263440860
2 0.4114231967 0.1908602151 0.0882200311 0.1061827957
2 0.6880189414 0.1908602151 0.0975609756 0.0793010753
0 0.8138673205 0.6917479525 0.0292223152 0.0283827833
2 0.2211961811 0.2012940171 0.0753992751 0.1301921106
2 0.4174943260 0.1984881637 0.0779992872 0.1178463146
2 0.6748918534 0.2186903800 0.0502662362 0.1223357006
2 0.3169619487 0.7220625518 0.0554661338 0.1548837641
2 0.5080601089 0.7647116466 0.0979323494 0.1301921721
2 0.8178904780 0.7316024739 0.1126655139 0.1178462941
1 0.1865298752 0.5430483459 0.1135322163 0.0707077929
1 0.4252942199 0.5570776745 0.1005323773 0.0650960451
1 0.4920269145 0.4162232594 0.1282654284 0.0594843382
1 0.8334903291 0.3847975987 0.2010646913 0.0594842972
1 0.6610299681 0.6170656963 0.2624963385 0.1302256841
