2 0.7934873443 0.6563870846 0.2149533024 0.0964008499
2 0.8241949414 0.2817768659 0.2281137420 0.0879446104
2 0.7715533464 0.4322974390 0.1666984660 0.0710321786
2 0.8329685815 0.0864383510 0.1930192635 0.0828708856
2 0.2582974881 0.0779821371 0.1623116665 0.0761059152
2 0.2615875827 0.2301939735 0.1995994732 0.0930183509
2 0.2089459724 0.4120025240 0.1469578679 0.1183869749
0 0.7933517742 0.6586347240 0.0231767506 0.0231266781
0 0.7688117551 0.2728392608 0.0395367088 0.0189218447
1 0.8354632503 0.5547275750 0.0799278280 0.0761826942
1 0.4145485927 0.1823576619 0.1297956370 0.1578187297
