0 0.2745743350 0.2327308296 0.0338423075 0.0507372760
0 0.4613579206 0.2640188128 0.0299374604 0.0321336170
0 0.4621140188 0.2637396384 0.0137537491 0.0157682278
0 0.0939991651 0.2458690567 0.0137537412 0.0220754943
0 0.7052316587 0.2206399188 0.0161808739 0.0262803455
1 0.4530592516 0.3518573019 0.1193227531 0.1914943413
1 0.3292219619 0.6586823943 0.1260620622 0.1892040688
1 0.0972369702 0.3033968522 0.0918591594 0.1406548622
0 0.4641977421 0.2648725369 0.0266278480 0.0310209543
2 0.2920603003 0.2090153534 0.0550523553 0.0775820534
0 0.4613296257 0.2675825797 0.0202800026 0.0298118847
2 0.3188352664 0.7486281427 0.0702416917 0.0589327614
2 0.1185934839 0.7303042828 0.0643094906 0.0666004975
0 0.5832394056 0.7386528271 0.0204194124 0.0513657948
0 0.0953706158 0.2445025041 0.0219631195 0.0294563652
2 0.4624861252 0.2067244459 0.0537254712 0.0790914241
