2 0.6293842850 0.8678955895 0.5800047755 0.2642088211
0 0.7015288659 0.1707291466 0.0130012145 0.0907753731
1 0.8614436592 0.7582475439 0.1586146781 0.0554738124
2 0.1418269434 0.1051691521 0.0481044574 0.0571548615
0 0.4100442838 0.2410407841 0.0287183514 0.0952505463
0 0.7079267586 0.1913646124 0.0308537293 0.1334393760
2 0.0765607156 0.2578711468 0.0401312033 0.2390025263
2 0.2498545324 0.2755604773 0.1009360450 0.2759535876
2 0.4243644639 0.2810638122 0.0705336538 0.2586573164
2 0.6760965615 0.2224924783 0.1058004175 0.2893188426
2 0.2349573600 0.7571033491 0.0492519294 0.2106995650
2 0.4571990730 0.8058472904 0.0583726594 0.2279958259
2 0.8183798990 0.7909096402 0.1191775050 0.1698175233
2 0.6326554126 0.7903978431 0.4447210936 0.3815906537
