0 0.8638160252 0.1267205363 0.0226041414 0.0252291242
1 0.6147674482 0.1955750415 0.0427862438 0.0346900663
1 0.2054720699 0.6018691750 0.0766924402 0.1576820261
1 0.6870197621 0.6864918931 0.0484373107 0.0557143364
1 0.7298622151 0.1646859540 0.1121355555 0.1442478842
2 0.2671553974 0.7073512328 0.1322019434 0.1018220432
2 0.4524741634 0.7281784735 0.1050533009 0.1357627653
2 0.7198290132 0.6757246508 0.0779047057 0.0925654415
0 0.4348435040 0.5815226169 0.0142600836 0.0373124011
1 0.6986834386 0.5259405370 0.0273998329 0.0538845550
0 0.1323471188 0.2317815090 0.1548995617 0.1391868745
0 0.5055553821 0.2583213693 0.2436723734 0.2111393966
0 0.2020972200 0.5136938698 0.1494645151 0.1934460811
0 0.5762113507 0.6286999586 0.2509191863 0.2300122185
0 0.8475120052 0.5420030514 0.2463899361 0.2830919392
1 0.7369988809 0.1739835880 0.0507273120 0.0849275859
1 0.2247481196 0.5499599246 0.2069239023 0.2078588391
