0 0.3507835195 0.7238099414 0.0186686662 0.0420485969
0 0.3114169025 0.6970040458 0.0227271722 0.0199730283
0 0.8937994603 0.7821523460 0.0251621620 0.0220755686
0 0.9372244726 0.7154002711 0.0178569713 0.0378436799
1 0.8787832947 0.6859662819 0.0487010606 0.0630728135
1 0.9185557748 0.6539042810 0.0308438997 0.0473046204
2 0.2943715787 0.7159258653 0.2418815340 0.3794881512
1 0.1360933905 0.6376104528 0.1850637024 0.2207549496
1 0.4209940835 0.4137018973 0.0487009974 0.0462534321
0 0.3518991574 0.7221234307 0.0247216089 0.0426894047
0 0.3125276729 0.6972212711 0.0228903962 0.0332029203
2 0.9204965727 0.7624412245 0.0906459625 0.1541563017
2 0.5231667019 0.4967763019 0.8449095969 0.5802178181
