1 0.7246555106 0.3122597932 0.1748993790 0.1356065810
1 0.8718964720 0.2654807562 0.0610113321 0.1114286693
1 0.5611448985 0.2912355031 0.0870429397 0.0578167612
2 0.9081374006 0.3025561196 0.0981876416 0.2143434718
2 0.7412621783 0.5410987237 0.1595151161 0.3908256977
1 0.6231933934 0.1953552588 0.6355892214 0.2284812225
1 0.6194332648 0.2531104596 0.5578744503 0.4036090933
0 0.7516116269 0.5760625712 0.2774908167 0.3939695458
1 0.7625652252 0.2534556057 0.2501070951 0.1639573683
0 0.9414737895 0.1632201757 0.0565935818 0.1674960574
