0 0.4498053363 0.3409703552 0.0168632819 0.0236773864
0 0.4258075804 0.3358966173 0.0207548200 0.0338248623
0 0.2675520021 0.3139104728 0.0259435251 0.0405898052
0 0.2325282339 0.3105279890 0.0233491914 0.0405898052
0 0.4473274335 0.3380145028 0.0112878448 0.0168194152
0 0.2634962575 0.3138366011 0.0161255411 0.0210242752
0 0.2304389020 0.3133109782 0.0177380877 0.0241779140
1 0.4138669649 0.2208041761 0.0362824580 0.0998653071
0 0.7045351460 0.2322608647 0.0271029290 0.1269495101
0 0.4284867521 0.2054313272 0.0070266629 0.0444977766
2 0.2668729718 0.4220307356 0.4226050171 0.0876867646
0 0.2332862505 0.3112437504 0.0163716433 0.0201592826
0 0.2628461652 0.3088720969 0.0154621138 0.0225309730
0 0.4474819075 0.3391110084 0.0191002694 0.0213451401
0 0.4265625981 0.3361464138 0.0172811727 0.0249026634
0 0.4536751274 0.3383534053 0.0189376095 0.0146314696
0 0.2681564029 0.3113765916 0.0238473748 0.0210328083
0 0.2341387811 0.3127482965 0.0091181167 0.0201182892
1 0.2211630011 0.1865516128 0.0364725045 0.1371702552
1 0.7349341620 0.1385420185 0.0455906966 0.0923613457
1 0.5003178129 0.3849913100 0.0659310208 0.0749864109
2 0.4561300007 0.3772183033 0.1080146856 0.1344268823
2 0.7370383283 0.3305804232 0.1157299744 0.0777298207
2 0.2576354773 0.4037379189 0.1094174568 0.1435716062
1 0.5497661161 0.1467722448 0.1648275519 0.0320064351
1 0.0987697267 0.1481439312 0.0526045527 0.0749864355
2 0.0640507216 0.3282942484 0.0687366151 0.1828936654
2 0.2562566316 0.4199459620 0.0866619624 0.1000050215
2 0.0653518186 0.4209091223 0.0481807110 0.1596952895
0 0.2632906222 0.3180579985 0.0262356677 0.0408261996
0 0.4460939235 0.3373676826 0.0262356865 0.0264818559
0 0.2345160353 0.3147477389 0.0110020396 0.0452398136
