0 0.0874825770 0.6927488044 0.0274412633 0.0372073525
0 0.1116570304 0.6885207083 0.0235210802 0.0456635446
0 0.1920207477 0.2344220662 0.0222143713 0.0338248659
0 0.2194620204 0.2352676878 0.0169874416 0.0321336226
0 0.3651620955 0.2293483485 0.0209076435 0.0608847343
0 0.6461084240 0.1557792895 0.0209075683 0.0456635446
2 0.5941487029 0.6823985512 0.1191078322 0.2264911463
0 0.1094714792 0.6948496257 0.0164918459 0.0284596128
0 0.0897728761 0.6948496257 0.0192404869 0.0308312229
0 0.1928469599 0.2383098207 0.0164918459 0.0355745404
0 0.2217076949 0.2394956501 0.0192404963 0.0498043468
0 0.3673857232 0.2288232770 0.0265701867 0.0521759690
0 0.4118221187 0.2276374659 0.0164918647 0.0426894436
0 0.6445404636 0.1564884034 0.0311512456 0.0450610658
0 0.6926417324 0.1796118570 0.0229053697 0.0509901640
0 0.8855047784 0.1890983886 0.0366485464 0.0391319798
0 0.3050831661 0.7126368959 0.0284026517 0.0308312229
2 0.2913399612 0.7197517991 0.0925376079 0.2063322660
2 0.1113039065 0.7167872865 0.0806268397 0.2217479262
2 0.3971626813 0.2110360251 0.1007835214 0.2110755592
2 0.2166685150 0.2306020089 0.0549728384 0.1648286640
2 0.6683620187 0.1920629346 0.0916213660 0.2015890033
0 0.3064267575 0.7147104364 0.0081221133 0.0115633878
0 0.8567012239 0.6632009016 0.0170563741 0.0367925178
0 0.6459318997 0.1601951331 0.0129954866 0.0294339972
0 0.3677488504 0.2274728072 0.0170564493 0.0357412676
0 0.2199260361 0.2316776622 0.0121832076 0.0252291544
0 0.1935291020 0.2322032752 0.0113709850 0.0199730735
0 0.8920324940 0.1901547251 0.0357372686 0.0325876385
0 0.6885730981 0.1775401601 0.0138076340 0.0515094861
1 0.1805337000 0.6442790541 0.0406106419 0.0473046310
1 0.5391258668 0.6873788301 0.0365495664 0.0325875655
1 0.7990340575 0.5717453173 0.0771603211 0.1166847144
0 0.6702599376 0.1695997430 0.0878768235 0.0910415163
0 0.3855569573 0.2327727846 0.0809752252 0.0685631054
0 0.2086450526 0.2335464502 0.0522347366 0.0556122264
0 0.1029472187 0.6918514075 0.0462571742 0.0535661859
0 0.3038109987 0.7159253231 0.0312541555 0.0450474984
0 0.8518531973 0.6551214093 0.0506582019 0.0613027083
2 0.3416921694 0.7229746647 0.3005742833 0.2224712950
0 0.2835151263 0.7915501937 0.0347507404 0.1622364099
0 0.1851958570 0.2335204956 0.0356890572 0.0359262226
0 0.2203892433 0.2296712532 0.0247840717 0.0359261983
0 0.3611627509 0.2258220107 0.0386631578 0.0436246832
0 0.4151920265 0.2322373945 0.0277582099 0.0564554510
0 0.6456838480 0.1635926412 0.0307323106 0.0603047543
0 0.8890634326 0.1802726879 0.0436199421 0.0526062206
0 0.6912865489 0.1777065283 0.0188359080 0.0397754408
0 0.1123307158 0.6928629411 0.0148704374 0.0307938912
0 0.0895293748 0.6954290703 0.0188358986 0.0333600447
0 0.8548613693 0.6479551324 0.0267667929 0.0513231195
2 0.1068782207 0.7826784612 0.0674126673 0.0487570147
2 0.2878019059 0.7672815156 0.0644385901 0.0744185988
0 0.3091162343 0.7121091170 0.0257754511 0.0410586027
2 0.5777755051 0.7416199558 0.0912053642 0.0615877337
2 0.3923906948 0.1616680139 0.0693953556 0.0692862917
2 0.2104756278 0.1950280952 0.0604731101 0.0949478514
2 0.6640240475 0.1449880341 0.0693953932 0.0898155322
2 0.0449180509 0.1558941806 0.0346976825 0.0834001848
