1 0.6036934107 0.6558360591 0.0606292205 0.0688445716
1 0.4362411774 0.0956485908 0.0447501959 0.0745030478
1 0.6473609015 0.6077391427 0.0772301535 0.0952507081
1 0.1134485871 0.4365378531 0.1850420641 0.1923336636
1 0.6104698555 0.6535329690 0.0399898315 0.0434384822
1 0.2769026223 0.4193048606 0.0637508587 0.0896447688
1 0.3551447034 0.4286318879 0.0598380928 0.0957179314
1 0.6995092257 0.4898209071 0.1143935441 0.0982912788
2 0.6523319144 0.8542422477 0.0971254110 0.1980024065
0 0.6112052363 0.6472400141 0.0188449114 0.0451241876
0 0.6499064358 0.2749180293 0.2211572845 0.2178703884
0 0.5615955528 0.2156165090 0.1637178198 0.1366675241
