0 0.0693327095 0.1703459191 0.0241344186 0.0430997613
1 0.5413552014 0.1027110995 0.0540637652 0.1027085902
1 0.7848994801 0.0487626186 0.0758712608 0.0595508064
1 0.3242091932 0.0890652893 0.0418140583 0.1505027768
1 0.5661310640 0.7779138302 0.1528446605 0.0768119313
2 0.4269453476 0.7879493596 0.0856441618 0.1622243024
2 0.2658829857 0.8496025769 0.0729951252 0.1617927213
2 0.7126781141 0.7194317809 0.0782636580 0.1413001799
0 0.7074249060 0.7260138733 0.1981649793 0.2650203628
1 0.3724981806 0.5084053391 0.4102852193 0.1726279640
