1 0.6464159828 0.3621109316 0.2046726975 0.2384652567
0 0.3040401263 0.3543080375 0.0234987246 0.0325877350
0 0.0799918967 0.4110736821 0.0210678251 0.0452023500
0 0.1002494271 0.4194834255 0.0194472359 0.0367925247
0 0.4786599875 0.4110737026 0.0194472596 0.0767387237
1 0.6318068724 0.3485263389 0.2252636479 0.2438820858
1 0.8056164469 0.6927995925 0.3395161241 0.2154992840
2 0.5066153679 0.4405077326 0.2098679481 0.3942059818
2 0.8283048848 0.3790115766 0.2357975959 0.3300817912
0 0.2548176410 0.3943067717 0.0256735402 0.0452970978
0 0.3035973767 0.3590016922 0.0205388511 0.0386357659
2 0.0905069311 0.4016342675 0.0852361720 0.2997602015
2 0.2892201952 0.3976374684 0.1314485553 0.2811084722
0 0.0764368534 0.4103358326 0.0263674756 0.0412842616
0 0.1037135472 0.4233108623 0.0245490313 0.0342069280
0 0.2519169870 0.3950016918 0.0372782084 0.0365660802
0 0.3091980865 0.3602049757 0.0409150575 0.0636956746
2 0.5137733108 0.4274393171 0.1354742706 0.2382690430
2 0.0968943802 0.3926425601 0.0872854597 0.2771941524
2 0.2882858963 0.3891039548 0.1227451567 0.2630395672
0 0.0821501549 0.4245378533 0.0230472286 0.0763362193
0 0.1023242277 0.4167280568 0.0147607589 0.0622973961
0 0.2606139047 0.3998492964 0.0242192268 0.0794038709
0 0.3065225174 0.3518921718 0.0221334064 0.0487407915
2 0.5220662930 0.4398425928 0.0906297552 0.2180910866
2 0.2975209765 0.3865706681 0.0945638705 0.1582987331
2 0.0925224411 0.4201406492 0.0245754520 0.1904085710
1 0.6455632588 0.3580773885 0.2477088924 0.2608798648
0 0.0934740590 0.4061030036 0.0429605799 0.0557334132
0 0.2593750379 0.3983951850 0.0292497646 0.0308312743
0 0.3041637281 0.3545199401 0.0274216780 0.0474327139
0 0.2701921458 0.4093447077 0.0424820633 0.1226700546
0 0.3113038309 0.3675657541 0.0370005032 0.1244478981
0 0.0653189587 0.4342343529 0.0411116812 0.0942248863
0 0.1125973713 0.4360121145 0.0534451757 0.1262257416
0 0.4723245509 0.4173449318 0.1041495949 0.1813383781
1 0.2551178515 0.1657823857 0.0561859557 0.0764465639
1 0.5990855715 0.4031223169 0.0863345285 0.0960026888
