2 0.6813693856 0.7676292814 0.1125451729 0.1638683680
2 0.3876161590 0.7750167898 0.1073825503 0.1276024177
2 0.1795624677 0.7374076561 0.1373257615 0.1249160510
2 0.1212248322 0.1464069846 0.1424883841 0.1625251847
2 0.2740384615 0.1719274681 0.1156427465 0.1249160510
2 0.5517875581 0.1981195433 0.0805369128 0.1101410343
1 0.3976413331 0.5922948710 0.0316037959 0.0344456352
0 0.6479224351 0.2926916733 0.1410358923 0.2006701078
2 0.6921952011 0.7592276630 0.1093113495 0.0683442904
2 0.2820658135 0.1777502179 0.0805005816 0.0363767892
2 0.1227593685 0.1419245949 0.0821953391 0.0617303073
2 0.3854455352 0.7630858309 0.0906690953 0.0672418865
2 0.1930914678 0.7581253820 0.1008375933 0.0859815240
1 0.0507325176 0.5393134656 0.0364371099 0.1003117507
