0 0.1465570343 0.2538713622 0.0300316378 0.0490460446
0 0.3267468375 0.2631731962 0.0326430801 0.0541197454
0 0.5376211415 0.7637809821 0.0287259120 0.0575022862
0 0.5663470724 0.7603984903 0.0235030085 0.0676496879
0 0.8483832887 0.7637809821 0.0417830757 0.0608847043
0 0.5679008531 0.7563975941 0.0211013320 0.0441509563
0 0.5386836461 0.7737426267 0.0194781380 0.0452022537
0 0.8422180176 0.7558719945 0.0194782518 0.0683289311
0 0.6052339542 0.3348608531 0.0178549820 0.0525606728
0 0.3248298598 0.2712624290 0.0137970539 0.0304852192
0 0.1543961093 0.2570710432 0.0137970445 0.0357412644
0 0.2684244002 0.7422062083 0.0324635950 0.0346900651
1 0.5618139231 0.4573272681 0.0592459922 0.0367925127
1 0.1300484225 0.2554942321 0.0511301171 0.0536119211
1 0.3008879573 0.2975427776 0.0308404010 0.0620216376
1 0.5857558162 0.3317072309 0.0340867700 0.0441509808
1 0.1325933421 0.2723484300 0.0748761858 0.1287541531
1 0.2971918521 0.3112254922 0.0748761858 0.1663770975
1 0.6848052031 0.6657173973 0.2936954095 0.2315902158
2 0.5750728631 0.7953076044 0.0613209979 0.2014918799
0 0.1575636111 0.2794815640 0.0356143359 0.0919271210
0 0.3277256083 0.2993128340 0.0690082621 0.1318525589
2 0.7295010395 0.3418813078 0.3511590235 0.3153438062
2 0.5708840696 0.7540184260 0.1683583893 0.1997556924
2 0.8440584740 0.7923100564 0.0975098414 0.1570209678
2 0.1002682017 0.7389724498 0.1221634432 0.2010398368
2 0.2712056036 0.7570720252 0.0560493801 0.1665264937
2 0.1798027939 0.2254633884 0.0968705835 0.1881100324
2 0.3480068325 0.2574694780 0.0801764068 0.2275941316
0 0.6097337616 0.3307472161 0.0289641386 0.0794455543
0 0.1578074295 0.2595772532 0.0281122812 0.0540671069
0 0.3269071022 0.2645426080 0.0357792635 0.0463432380
