1 0.6651224730 0.6673801645 0.0703133205 0.1116220283
1 0.6672403046 0.6798628992 0.0790085265 0.0967230557
1 0.6688858553 0.6737130436 0.0825523526 0.1019677751
1 0.4228474756 0.6653033501 0.0178054447 0.0325875676
1 0.4488885164 0.6549520499 0.0922647691 0.1592084220
1 0.6899485701 0.6899185539 0.0652521364 0.2549403225
1 0.6568630341 0.6857143015 0.0657352420 0.1363720916
1 0.3852486359 0.7070594516 0.0301286447 0.0960533496
2 0.0852406570 0.2839655828 0.0149050361 0.1278848642
2 0.2685985309 0.2974033292 0.0442530603 0.1469560960
2 0.4509731952 0.2859744244 0.0453452393 0.1363805767
2 0.6991256824 0.2530418381 0.0433701177 0.1370363870
2 0.0790548670 0.7934000952 0.0466808094 0.1001597162
2 0.2404422306 0.7617789244 0.0338526571 0.1269564043
2 0.4260926271 0.7644196684 0.0397301943 0.1102342471
2 0.7198374609 0.7430345114 0.0723046320 0.1234281295
1 0.1283589514 0.6153072155 0.1425186717 0.0819882917
1 0.3189450711 0.5943989853 0.1376383958 0.0311252653
2 0.4737563503 0.3315224529 0.4988710390 0.3002753837
