0 0.2123521173 0.6673801721 0.0324372944 0.0608847112
0 0.2019721820 0.7333386339 0.0376272668 0.0473548083
1 0.3481356783 0.8170248775 0.0854968564 0.1693172378
2 0.4098833869 0.8184013952 0.1667716295 0.1500453010
0 0.3630318940 0.7096185938 0.0120971302 0.0473046107
0 0.1985114130 0.7401037824 0.0185488863 0.0325876502
0 0.2142376218 0.6691468664 0.0193553440 0.0336388441
0 0.6533621868 0.7437830348 0.0201617828 0.0315364071
0 0.6827984789 0.7148746370 0.0290330066 0.0283827762
0 0.3537574414 0.7816267283 0.0145165033 0.0399461058
1 0.3501283439 0.6376104593 0.0330654085 0.1135310557
1 0.6174741385 0.7059393414 0.0354848572 0.0630728635
2 0.6995333739 0.7823652340 0.1956276153 0.1367363857
2 0.3829379622 0.8322554889 0.1445943071 0.1699965556
2 0.1788048239 0.1867613712 0.1067918901 0.1428956162
0 0.3781308201 0.7155698418 0.1477930595 0.2031997299
0 0.6767538065 0.7116114237 0.1538667945 0.1636153522
0 0.4793589495 0.3104898424 0.1194492021 0.2533399137
1 0.5132558155 0.1791440827 0.0524860016 0.0577979038
0 0.1947204684 0.7388403695 0.0361971923 0.0401046790
0 0.2196060133 0.6615798864 0.0352922469 0.0365660685
0 0.3707293342 0.7128903048 0.0262429630 0.0377455889
1 0.3562504346 0.6320911374 0.0316725598 0.1073390662
1 0.6232048106 0.7087618602 0.0515810184 0.0837480177
0 0.1988285502 0.7354339279 0.0283329541 0.0461311494
0 0.2117379203 0.6706589521 0.0207854941 0.0460436115
2 0.4281167990 0.0802948246 0.1851742393 0.1324456533
1 0.3536433453 0.7588204914 0.0173781640 0.0333817477
2 0.2118741912 0.7755113899 0.0338417077 0.1239893977
2 0.3856557368 0.8142580982 0.0777443901 0.0941841920
2 0.6925173922 0.7546478099 0.0932932378 0.0727245956
2 0.4231559446 0.1138370566 0.1655497926 0.0715323657
2 0.1762032240 0.1913304610 0.0375002268 0.0715323657
2 0.6577375193 0.7232723405 0.0888514658 0.1376023558
2 0.4631163819 0.4318168954 0.8132762944 0.1434514105
