2 0.1060341510 0.1912953858 0.0665995728 0.2181702888
1 0.6162038573 0.7085673628 0.0284089415 0.0283827804
1 0.7351153871 0.3690253091 0.0211036876 0.0409973677
1 0.6985896549 0.4094970621 0.0389607853 0.0336388448
1 0.2257843571 0.3716533515 0.0803566236 0.0693801276
1 0.1442102149 0.3112085497 0.0535710877 0.0662264808
1 0.5800839409 0.6071252343 0.0259738569 0.0798922359
1 0.8321115029 0.6334055972 0.0267856149 0.0925068232
1 0.5573568319 0.2596990840 0.0129869284 0.0536119140
2 0.5757672287 0.6782481592 0.1080426572 0.2015890100
1 0.6795594558 0.5977943876 0.1317820142 0.1297814147
1 0.3321087688 0.1941998365 0.0453000654 0.0871135218
1 0.5421363518 0.2288674777 0.0398091455 0.1280035560
1 0.1996403936 0.1550876456 0.0494182632 0.0586683042
1 0.1378675764 0.1870885295 0.0466728033 0.1226700719
1 0.8489413703 0.7071029694 0.0384364076 0.1244478590
1 0.0603083665 0.7222145127 0.0617728132 0.1084474785
1 0.3101451050 0.7017694956 0.0507909853 0.1208922644
1 0.5332136189 0.7791049684 0.0439273591 0.1084473966
1 0.6258728565 0.7408816915 0.0425546212 0.0782244738
1 0.5798864221 0.2777577150 0.0247090921 0.0977804950
1 0.1689343643 0.3609342518 0.1217809328 0.1438033106
0 0.5914774440 0.3619147031 0.5913692812 0.2954126738
