2 0.4887077407 0.2259658562 0.1312826931 0.2908937083
0 0.6937821265 0.2260554278 0.0165464949 0.0741557369
0 0.5319941870 0.2368199752 0.0239005136 0.0645872721
1 0.5701430292 0.4347679765 0.0468817229 0.0466463639
0 0.5284162465 0.2269472131 0.0088871871 0.0241778830
0 0.4860001743 0.2227423479 0.0080793022 0.0304851931
1 0.8645132461 0.2364081415 0.0137346475 0.0304852177
2 0.5983017836 0.7357346785 0.4233528742 0.3269274922
1 0.2048421142 0.3604513589 0.0420121108 0.0704313515
2 0.7226711689 0.8013650891 0.3254496508 0.1349914354
1 0.8596828952 0.6305822105 0.1074486157 0.2151771337
2 0.2703270251 0.6383100623 0.3550160191 0.5421939180
