0 0.4240668737 0.7172718343 0.0313151780 0.0524285024
0 0.3666557510 0.6732995089 0.0234863597 0.0490460316
0 0.4251375347 0.7172992161 0.0222886476 0.0355568931
0 0.3647010922 0.6756310601 0.0197168222 0.0477794189
0 0.7406073536 0.8361922572 0.0394337708 0.0822251360
1 0.2669740193 0.2739504884 0.0540070371 0.0977811692
1 0.1859634478 0.2911733060 0.1011560944 0.0766693177
2 0.7577524452 0.7834126285 0.2691780051 0.3233445823
1 0.6338790656 0.6984096550 0.1277309596 0.2333414194
0 0.4246100707 0.7199676288 0.0336709136 0.0495411173
0 0.3613633072 0.6727855675 0.0309408712 0.0471819384
0 0.4237940180 0.7213744297 0.0328351115 0.0440923052
0 0.3669175855 0.6747648240 0.0279665616 0.0471255762
0 0.4131995483 0.5722290715 0.6115159425 0.5798841365
0 0.3673071194 0.6742582814 0.0425656333 0.0449077742
0 0.4192768156 0.7185244282 0.0257373869 0.0615877929
0 0.6811051285 0.1661588106 0.0405858490 0.0603046917
2 0.3588929804 0.1385725801 0.0831515139 0.0538893393
