1 0.4943458545 0.3217969358 0.9359843371 0.2565105536
1 0.5986038824 0.6311900369 0.7237282036 0.2796086636
0 0.8235558614 0.7278505636 0.0121282416 0.0252291242
0 0.8453865446 0.7126079575 0.0121281152 0.0304852122
0 0.5607796426 0.7861929440 0.0088939469 0.0283827442
0 0.5898871570 0.7693735279 0.0121281784 0.0199730361
0 0.1694451721 0.1481061707 0.0169793992 0.0262803377
1 0.5332891966 0.2206399232 0.0428527137 0.0956604702
1 0.7770647006 0.6936861349 0.0857054274 0.1103773977
2 0.4508178979 0.7935514591 0.4228676585 0.3605663767
1 0.3408561691 0.8198318584 0.0509381660 0.0704312844
0 0.3086889358 0.7606775790 0.0209780865 0.0201592631
0 0.5604260684 0.7867660420 0.0191539188 0.0272743359
0 0.8199159610 0.7233235294 0.0237143696 0.0308318722
0 0.5900690304 0.7654209471 0.0182418665 0.0320177450
0 0.1709631768 0.1458189337 0.0264506370 0.0284601882
2 0.5946294812 0.7755005786 0.1185717849 0.1944779695
2 0.8495589231 0.7369607589 0.1340773683 0.2430974824
0 0.1741555018 0.6687748782 0.0182418191 0.0260885041
2 0.1559136788 0.2187481620 0.0474287313 0.3142479015
2 0.3132494024 0.1997747049 0.0483408231 0.2122655589
0 0.8166881743 0.7271390481 0.0459963718 0.0598493656
0 0.5593810467 0.7878156331 0.0345099471 0.0619708917
1 0.4288924160 0.2877576476 0.1916851099 0.1495298691
1 0.6584470129 0.3157185160 0.2113211496 0.1592554270
1 0.9160530928 0.2883654937 0.0869595545 0.2139614716
