0 0.8728774083 0.7405342444 0.0375471704 0.0333037254
0 0.6969312880 0.7340111121 0.0346467195 0.0295136770
0 0.4054430173 0.7505534979 0.0287783022 0.0559315315
0 0.5738754272 0.2762302007 0.0282627812 0.0401646052
0 0.9758853112 0.2440835024 0.0328495732 0.0407650287
0 0.4081275092 0.7515712396 0.0205439061 0.0466682728
0 0.7013064161 0.7287926552 0.0196879069 0.0411125085
0 0.8712218108 0.7432376177 0.0154079108 0.0277787233
0 0.5716228721 0.2754435906 0.0342398938 0.0544463427
0 0.3554836697 0.3004444562 0.0094159915 0.0177783966
0 0.9795054118 0.2476648429 0.0162639100 0.0188895495
2 0.5331030010 0.7999062660 0.4279983709 0.3433453487
0 0.4679823322 0.6075410843 0.7155101258 0.2176084763
