0 0.6637408214 0.7333551341 0.1394443571 0.0777404005
0 0.6571728339 0.2847012774 0.1040781059 0.1264928781
0 0.2080204573 0.7004143536 0.0707326285 0.1436219616
0 0.6687142103 0.7190795160 0.0217776461 0.0409974006
0 0.3811678891 0.7232843744 0.0403291212 0.0409973186
0 0.6533891581 0.2502381479 0.0088724583 0.0283827843
0 0.6388706329 0.2702112256 0.0120987553 0.0452021975
0 0.2029133768 0.7227587414 0.0145184622 0.0273315183
1 0.2037199668 0.3311816217 0.0209711191 0.0409973596
2 0.6840392311 0.7937156816 0.2282624771 0.3143129535
0 0.6699579985 0.7267236459 0.0378233415 0.0386366084
0 0.6326457714 0.2690796124 0.0163560361 0.0639502520
0 0.6597355231 0.2331075867 0.0214673053 0.0666148449
0 0.2063663983 0.3117131103 0.0143115474 0.0399689152
0 0.6662113595 0.7305835962 0.0307717338 0.0707730343
0 0.2023723590 0.7246858434 0.0244363602 0.0471819408
0 0.6580658746 0.2499170772 0.0325818136 0.0294887438
1 0.3784048830 0.3006377025 0.0217212405 0.0507206048
1 0.2005622478 0.3436912634 0.0298666939 0.0684138839
0 0.6360764951 0.2677776283 0.0220791686 0.0523540853
0 0.6688329108 0.7240137589 0.0310336370 0.0459310279
2 0.0617134106 0.1311385226 0.0633246478 0.0901483614
0 0.6677550955 0.7272727571 0.0502464838 0.0680047390
1 0.5452946367 0.4569993574 0.2845504336 0.1810806777
0 0.6340670905 0.2718556756 0.0359912160 0.0794949868
0 0.6673495487 0.7230780165 0.0560987412 0.0744460208
0 0.6793633649 0.2013299887 0.0977706358 0.1669254778
0 0.9135241120 0.8983395646 0.0576846474 0.0930195483
2 0.2819255764 0.1408035776 0.5054743287 0.1274240285
2 0.4192933633 0.7874806346 0.7411016301 0.1847649518
