2 0.2721766953 0.8182077970 0.0197780911 0.2184963026
2 0.6008447137 0.7648312474 0.0849408820 0.1773169320
2 0.7955760767 0.7268736611 0.0695150394 0.1653951748
2 0.7092848296 0.1662337247 0.1051751316 0.1843609136
2 0.8959370981 0.1244187836 0.1277071509 0.1425159630
1 0.3494213784 0.6448046767 0.0201493443 0.0252290961
1 0.3268541204 0.6358693810 0.0088656964 0.0388949119
2 0.4421083809 0.7725271451 0.3731659238 0.3963076243
2 0.6794677394 0.2185374992 0.4626291483 0.3353372194
1 0.2092565971 0.5465918688 0.0216424394 0.0564554505
2 0.3292737904 0.8109062632 0.0767322956 0.0923817583
2 0.6007879654 0.8147554436 0.0806672502 0.1077786277
0 0.5648812020 0.1552526183 0.0265611705 0.0564555121
2 0.6981789995 0.1122694747 0.0767322956 0.0885324855
2 0.8644322310 0.0981555905 0.0846022804 0.0474739475
1 0.7714681720 0.3220529502 0.0383661100 0.0718524431
2 0.5945006267 0.8443918544 0.0607019557 0.0756197999
