0 0.7133437191 0.6885943228 0.0258920503 0.0409972818
0 0.3706789248 0.1661410504 0.0072821451 0.0346900603
2 0.6413315425 0.7364245189 0.4061812608 0.4373049245
2 0.6975657853 0.1866397221 0.3454967501 0.3721296826
2 0.2685465039 0.6579405799 0.0874603444 0.2058748095
1 0.5951379445 0.6958009651 0.1356766242 0.1790127224
1 0.7347886303 0.6456550077 0.1366996313 0.3634241556
2 0.6533346043 0.2139121059 0.2731811272 0.3497678458
1 0.3654169616 0.2863940912 0.0668440617 0.1785750178
2 0.2408352616 0.5388134774 0.1023785032 0.3576046945
