2 0.3746735962 0.7587936610 0.7493471925 0.3766797209
2 0.5924749782 0.1976631101 0.3086150537 0.3722351337
0 0.1483672320 0.2009695239 0.1327018951 0.2454620841
0 0.3369018309 0.2840168328 0.1828604389 0.2341344251
0 0.5578330242 0.3155916016 0.1585878773 0.2327674171
0 0.1629612515 0.6258919691 0.1410652345 0.1268824009
0 0.3389614079 0.6755375274 0.1427782204 0.1717538642
1 0.8050483756 0.4143974802 0.1773590826 0.1451284207
2 0.0839880383 0.7456783568 0.0607060990 0.0807170023
2 0.2309775497 0.7875472199 0.0560434227 0.0522415198
2 0.4290206351 0.8079172237 0.1595796891 0.0354176536
2 0.6022972112 0.8515216542 0.0707772829 0.0971593619
1 0.0401305744 0.5311335119 0.0641369438 0.0647562351
2 0.2547143320 0.1122570268 0.0556392398 0.0467065324
2 0.4671832922 0.1592700045 0.0811467889 0.0522352614
2 0.4565914412 0.2236574036 0.1106638143 0.2181252380
2 0.6958563297 0.2588261459 0.0845179123 0.2299798786
1 0.2365938815 0.2830648245 0.0364724790 0.1176018112
1 0.0651031773 0.5583807171 0.0413822191 0.1194250459
1 0.0601934207 0.1098528684 0.0203404010 0.1248949191
1 0.4045776064 0.2420409246 0.0385766405 0.1467743289
2 0.4261184428 0.5263505147 0.7454520578 0.6365496615
