0 0.2702327132 0.7231911422 0.0297412626 0.0608847320
0 0.3038532531 0.7181174351 0.0219826450 0.0608847320
0 0.1131213360 0.6809100989 0.0206895630 0.0541197618
0 0.1234661175 0.6589239457 0.0310343445 0.0439723064
2 0.3491116722 0.0365466949 0.1228442647 0.0575022482
0 0.3000001765 0.7294274020 0.0217010388 0.0473045952
0 0.2807103730 0.7210176765 0.0200935486 0.0620215684
0 0.1175508238 0.6836995827 0.0136636115 0.0483558341
0 0.3017815081 0.7224720318 0.0269124391 0.0452118435
0 0.2740107326 0.7173904944 0.0212841595 0.0520601446
2 0.3520247066 0.0425505960 0.2128319216 0.0768956533
1 0.2522296974 0.2223865579 0.3615146493 0.3579904375
1 0.1652714144 0.5967910014 0.1691478046 0.1054262191
1 0.4096247683 0.5967704984 0.1330977299 0.1461833204
1 0.5348426453 0.3616060596 0.1132715764 0.1124556887
2 0.3668181203 0.4460776804 0.6643615037 0.6759819633
2 0.7864646459 0.4147972452 0.4270707083 0.6929432665
1 0.3509433463 0.2675071886 0.6619952669 0.3751902558
