2 0.1309259206 0.3121949819 0.2618518411 0.1120648367
2 0.1379093678 0.6039124639 0.2128840551 0.0784028913
2 0.6890728559 0.0946414248 0.2660519177 0.0809148034
2 0.7539406259 0.2394933814 0.2904948765 0.0382900346
0 0.6271096533 0.4151376808 0.1269331357 0.1704407211
0 0.3074346875 0.4287987051 0.0996783115 0.0649575877
0 0.3441778926 0.5382368536 0.0938341645 0.0875763018
0 0.3415765615 0.7179473640 0.0653520698 0.0636378089
1 0.5748855601 0.6032741340 0.1228322463 0.1746378896
2 0.1100601909 0.1302325739 0.1569463990 0.0423416177
1 0.7537075061 0.2899759613 0.1686340209 0.0795509516
1 0.5633681810 0.4195670194 0.1619553300 0.0872494247
