0 0.7926661001 0.5528490314 0.0161565600 0.0444459584
0 0.7739583911 0.5556269192 0.0178573260 0.0411125719
0 0.3317771191 0.6100732836 0.0110545638 0.0277787302
1 0.7590772736 0.5489600230 0.0272111239 0.0811139492
1 0.2522695210 0.1511684415 0.1938795027 0.1988957908
1 0.5099251307 0.2361713868 0.1530627509 0.1955623303
0 0.7881564729 0.5613472779 0.0490961670 0.0449077862
2 0.1901645201 0.5401764778 0.0373131208 0.0667200958
0 0.3315616111 0.6222935416 0.0294577379 0.0436246686
2 0.0252012397 0.5048917535 0.0392769677 0.0603047541
2 0.1921283753 0.5446672416 0.0706985502 0.0936648759
2 0.3531639660 0.5594226508 0.0667708776 0.0667200958
2 0.5318741684 0.5703288302 0.0589154381 0.0628708908
2 0.3624937872 0.5260776523 0.0848687250 0.1594730405
0 0.7724589394 0.5499069546 0.0406809307 0.0458256288
2 0.4248444131 0.5042502316 0.3613481245 0.6774659238
1 0.3503728611 0.7430891356 0.3413842185 0.2341079035
1 0.7599447720 0.6720413565 0.4189309868 0.2667199875
0 0.8011699297 0.5492403956 0.0425127393 0.0376376567
0 0.7707625089 0.5647381528 0.0331185278 0.0539235507
2 0.3602469847 0.5320503044 0.0651066800 0.0653702780
2 0.1836232026 0.5425085725 0.0392012899 0.0600716481
2 0.0253026396 0.5074292445 0.0262217342 0.0578842840
2 0.5301151382 0.5491354190 0.0544554231 0.0587424216
