1 0.1483554366 0.5089013581 0.0931265774 0.0870353508
1 0.7267719529 0.7855830022 0.0578490705 0.1630664293
1 0.4913834755 0.7517483506 0.0996872485 0.1497338900
1 0.2001960707 0.7191768963 0.0962437853 0.1002467664
1 0.2148960422 0.5302223828 0.2533697440 0.2144476183
1 0.7591568214 0.5859367180 0.1137742700 0.0904043845
0 0.2862422935 0.4836848665 0.1466438183 0.0944590038
0 0.5214935682 0.5354195490 0.2717078547 0.2043594906
0 0.7447698052 0.5365377312 0.1965876672 0.1484508759
0 0.8958276468 0.5789750679 0.1699400718 0.2054245396
0 0.8097541446 0.2642357402 0.3053036013 0.1605910689
0 0.2372792720 0.2532137551 0.1387966306 0.1770973849
1 0.5993452763 0.5363662318 0.7745241122 0.1920790360
1 0.8247038089 0.2640516882 0.3424702836 0.1556083283
1 0.2564083913 0.3035616010 0.2454215103 0.1470984718
1 0.5078954440 0.1941494868 0.2202261220 0.3075695514
0 0.4122463724 0.6263272780 0.2416888251 0.2358438359
