1 0.7215960991 0.2458540897 0.0536302520 0.1181365509
0 0.9078656825 0.6569945602 0.0265779077 0.2453347612
1 0.7218201800 0.2463995771 0.0509410579 0.0817782490
1 0.8524949981 0.5215493036 0.0642299745 0.0596299735
1 0.7285629645 0.2458402122 0.0635169052 0.1021601550
1 0.6675722076 0.1947601347 0.0223752650 0.0555218094
1 0.3484331364 0.5694350481 0.1414542035 0.2005807615
1 0.7997180474 0.3018142314 0.3001226658 0.1854823615
2 0.3209363798 0.7685878102 0.1063117423 0.1686676770
2 0.6526068152 0.7294023525 0.0830560079 0.1277785310
2 0.4294629353 0.1024357812 0.1040968732 0.1482230861
2 0.6863829078 0.0947690663 0.0753041337 0.1090376641
