2 0.2802511387 0.8014683869 0.3308399799 0.1860647893
2 0.4444607238 0.8188134284 0.1299151785 0.2249597129
2 0.7107466237 0.7841233455 0.1283013305 0.2039355095
2 0.9237752379 0.7578430176 0.1202321660 0.1618869554
0 0.1801922094 0.7594198328 0.1210390145 0.1356066030
1 0.4170252325 0.7031798923 0.1347567979 0.1976281994
1 0.3343152116 0.3836108836 0.0645541272 0.0798922430
2 0.7438154562 0.7807450103 0.0868220194 0.3058185670
2 0.4719793181 0.7416756549 0.1447035668 0.3785682961
2 0.9350309431 0.7699672926 0.1260988591 0.2842631317
2 0.7779241121 0.1596774922 0.2542649919 0.3112074215
2 0.4621601270 0.1239601049 0.1312667790 0.2479202099
1 0.3965377902 0.7223455457 0.0636128920 0.1572855828
0 0.7507076759 0.7029102958 0.0501164270 0.0886938123
0 0.8367565707 0.1713631334 0.0765930855 0.1539823560
0 0.1819336965 0.7731262551 0.0624091168 0.0591292573
0 0.4287333824 0.7872926279 0.0548443505 0.0702158856
2 0.4481180236 0.7934519204 0.1106343688 0.2599222917
2 0.8244638714 0.7811333354 0.2203230321 0.1934018342
2 0.7710378904 0.1073064789 0.2137039241 0.1613735316
2 0.1904440221 0.0931401115 0.1683154961 0.1552142283
0 0.2919194725 0.5873494908 0.2761952951 0.2283151722
0 0.6096765167 0.2411411672 0.3088685968 0.3493562658
0 0.6049611925 0.6604086957 0.2422981781 0.2881490366
0 0.8167792133 0.5726186166 0.1610382797 0.1452362503
2 0.7664537277 0.2179239100 0.1989134233 0.4038876197
2 0.4441332729 0.6705839738 0.0803860545 0.4440354794
1 0.3922100279 0.3260152943 0.1808550143 0.2203628859
2 0.4784781523 0.7911788277 0.6923918188 0.3566960382
