0 0.4671404824 0.6546958431 0.0365173568 0.0422810708
0 0.7566710894 0.6690713944 0.0391257367 0.0879446214
0 0.4693721183 0.6518962737 0.0179170827 0.0240537582
0 0.7528384764 0.6739111623 0.0188623685 0.0323968703
0 0.7709525948 0.6798297759 0.0754142496 0.1383104386
0 0.5016160462 0.6344247880 0.1206627461 0.1508840745
0 0.7527326897 0.6751115122 0.0265278223 0.0573343092
0 0.4680008200 0.6561912044 0.0300648628 0.0309605260
0 0.4631052539 0.6529589745 0.0520040408 0.0510338568
0 0.7603715735 0.6793871726 0.0421654241 0.0637922225
1 0.5832339899 0.4962284703 0.8335320202 0.3325390231
0 0.4555549811 0.6599263591 0.0885441718 0.0621951688
0 0.7622314377 0.6814554522 0.0617965015 0.1052533550
