1 0.5179041240 0.5978842030 0.0564732512 0.0743116296
1 0.5192158439 0.5969744730 0.0357173258 0.0662264923
1 0.1425598751 0.6747643104 0.0827993834 0.2070891415
2 0.4554927999 0.5628100137 0.4683847191 0.3994612984
2 0.2827499011 0.5051188083 0.0714246892 0.1992174027
1 0.5190008179 0.6053204080 0.0329652266 0.0675916385
2 0.0315326447 0.4107248364 0.0398676326 0.1616178277
2 0.2924056408 0.5302546983 0.0312007873 0.1582507283
1 0.5095108757 0.6032072239 0.0164671023 0.0437715562
0 0.2244452406 0.3462107375 0.1952046954 0.1881486057
0 0.4563400332 0.4126880046 0.1347405930 0.1106224851
1 0.5208033885 0.6011620155 0.0393272274 0.0740750010
