2 0.2399792058 0.1452901745 0.1334606637 0.2676397146
2 0.3947226584 0.1640887883 0.0971391370 0.2715932171
2 0.5798209077 0.1775346746 0.1039579645 0.2791243691
2 0.8262801439 0.1862452329 0.0734109559 0.3202817231
2 0.6914171210 0.8203817498 0.1413325289 0.2525874635
2 0.4059764289 0.8180684106 0.0891085552 0.2053097793
2 0.2125670867 0.8060285484 0.0928682358 0.2141313720
2 0.0465111233 0.7957320695 0.0671205644 0.2144296063
2 0.9428122328 0.7449244914 0.0649730424 0.1704950551
0 0.3851208862 0.7171684666 0.0333846550 0.0342793317
0 0.2818004035 0.6469043511 0.1937756556 0.2207145434
0 0.5202932284 0.6711575699 0.2358859746 0.2358992360
0 0.7558041377 0.6022805462 0.1867099146 0.1949898269
0 0.4606091012 0.3805210632 0.2010257940 0.1494793488
0 0.7083986644 0.3622467020 0.2838006834 0.1889001736
1 0.2165799591 0.3324611248 0.1185651237 0.1677993631
