2 0.1390649250 0.8068410463 0.1282979824 0.1851106640
2 0.4391166580 0.8430583501 0.1779617175 0.1341381623
2 0.7572749612 0.8336686787 0.1086394206 0.1743796110
2 0.9445971288 0.8249496982 0.1108057424 0.1515761234
2 0.8907462494 0.1636485580 0.1438178996 0.1971830986
2 0.6124224004 0.1710261569 0.1024314537 0.1877934272
2 0.3594477496 0.1918175721 0.0951888257 0.1971830986
0 0.1364782721 0.2273641851 0.0693222969 0.0724346076
2 0.6145432221 0.1633898890 0.1461065443 0.2841287558
0 0.1440263680 0.2309975985 0.0188556164 0.0211118600
1 0.7589769990 0.6532344908 0.0299975952 0.1144484501
1 0.2057356975 0.6015660000 0.0222839261 0.0800027623
2 0.2871577267 0.7526823744 0.4679624278 0.3911247023
2 0.6077034482 0.2109969080 0.2931193329 0.3877912454
1 0.7735472559 0.1137713094 0.0522815844 0.1066703617
2 0.5986510315 0.0716327294 0.1122333904 0.1363983231
2 0.4640992506 0.7772639663 0.0987842163 0.2715522464
2 0.1595146546 0.7381319574 0.1317122568 0.2881536452
2 0.7645678256 0.7778568792 0.0631121198 0.2039606618
2 0.6310262507 0.2335665349 0.1143335302 0.2608798646
2 0.3854377537 0.3011581452 0.1042722020 0.2798529458
0 0.1398492844 0.2341594530 0.0228667202 0.0557334485
2 0.9113721221 0.2821850639 0.1115895058 0.3201707601
2 0.0996375599 0.2059617890 0.1320009740 0.1769325978
2 0.3754881234 0.2524378858 0.0938344956 0.1463747491
2 0.6177308171 0.1957480637 0.1215449618 0.2400668916
2 0.9077814046 0.2158498425 0.0731954560 0.1844363811
2 0.9479684923 0.7775413058 0.0926432207 0.1719652223
2 0.7646186304 0.7821852584 0.0523711321 0.1596521676
2 0.4631422174 0.8080087786 0.0841676383 0.1693744826
2 0.1438741748 0.7604850703 0.1434858059 0.1975971224
1 0.7504759037 0.4270096286 0.0769743942 0.0691055922
1 0.8542355115 0.4073237234 0.1162056960 0.0926056420
1 0.4849771578 0.6399353150 0.4225199897 0.1941905338
1 0.1638226813 0.5621708768 0.0662466129 0.0861477459
2 0.4596345431 0.3965618919 0.3385133541 0.5032956835
1 0.4361263459 0.5818765846 0.3167009112 0.5530073548
