1 0.5050059626 0.2260602305 0.0478540251 0.0746361632
1 0.3573883928 0.1950494363 0.1743833706 0.0693801180
1 0.5589431204 0.2470845278 0.0648868118 0.0494070506
1 0.2182872258 0.7132978125 0.0535316396 0.0378437119
1 0.3172396583 0.6596859159 0.0697533331 0.0967116536
1 0.7945635066 0.6213166290 0.0754308908 0.0599191409
1 0.6919611736 0.2365723822 0.0454206887 0.1061726061
2 0.2611718583 0.2468337092 0.0592107317 0.1406909455
2 0.0607188904 0.2420374225 0.0653785005 0.1534810638
2 0.2648725267 0.7216657422 0.0740134241 0.1502835802
2 0.5615429490 0.7168694248 0.1467932258 0.1662711084
2 0.8569797395 0.5985611220 0.0814147608 0.2398141506
2 0.0946417062 0.7760235640 0.0641449562 0.1279008149
2 0.3616024896 0.4926013900 0.5721742617 0.1361573051
1 0.5162019664 0.4950817964 0.9404884258 0.3806998636
