0 0.8497033827 0.2378381191 0.0094014536 0.0277787544
0 0.4321933784 0.7161880702 0.0153841831 0.0222230330
0 0.1522864351 0.5945171623 0.0128201777 0.0388901972
1 0.2552750937 0.3117295600 0.0700835615 0.1066703766
0 0.8458779590 0.2373697123 0.0296077162 0.0359262112
2 0.4205141351 0.1668003417 0.0394769045 0.0949478702
2 0.8256460889 0.1898957649 0.0384899933 0.0872493876
2 0.1954956621 0.1424218175 0.0592153946 0.1821972823
2 0.2112463488 0.1940687491 0.0687087975 0.3106680983
2 0.4149405602 0.1948592492 0.0893822094 0.3248971677
2 0.6596776566 0.2189696320 0.1009350390 0.2292461932
2 0.8202008540 0.2158076132 0.1130958784 0.2229221556
2 0.3821062617 0.7438643218 0.1465382151 0.2118550406
2 0.6618057855 0.7327972682 0.0577640345 0.2007879869
2 0.8557713197 0.7082916530 0.0711409314 0.1770729071
0 0.6020003781 0.5776996812 0.7959992437 0.7245512124
