2 0.6352232560 0.7967602145 0.1250468947 0.0591934696
1 0.5381854513 0.6412897172 0.1060615871 0.1545284640
1 0.6049799949 0.2497125564 0.0291467134 0.1282480794
1 0.0750768217 0.6160605646 0.1254927226 0.2281133836
2 0.6355834013 0.7595673838 0.2419564383 0.1564066733
2 0.1363502692 0.1331120799 0.1156572141 0.2122808826
1 0.0850849779 0.4971839413 0.1590571267 0.1302876626
1 0.7633371294 0.7133299797 0.1415078489 0.0800338253
0 0.3241271214 0.5836201083 0.0978815114 0.0806050454
0 0.5700135225 0.3177408895 0.0805299747 0.1134252979
0 0.4703307371 0.5230506159 0.7874348658 0.2261183216
2 0.4759343260 0.4946638661 0.8069797018 0.7252722709
