1 0.8978747149 0.5311258527 0.0654460897 0.1208922600
2 0.5549718418 0.4743660467 0.5491500815 0.4327856717
2 0.9693983605 0.5260328514 0.0578052452 0.2054516569
0 0.8360733229 0.1746984569 0.1920627170 0.0887453537
1 0.8939683387 0.5449393753 0.0773954801 0.1114286849
2 0.5525992854 0.4253408530 0.7183388565 0.4400962768
2 0.5661381369 0.4905754974 0.4366725715 0.2883448022
2 0.1031689030 0.2063474732 0.1784067484 0.1280739879
2 0.3764074045 0.0791863136 0.0451197740 0.1027324399
2 0.5678396457 0.0826109278 0.0363155710 0.1232075897
2 0.8161722977 0.0651886123 0.0715277147 0.1028593917
2 0.9451637761 0.5253294459 0.0476558084 0.1730262366
0 0.9094462865 0.2228327851 0.1321835382 0.0414460174
