2 0.6360444191 0.7756196913 0.2154645194 0.3213361299
2 0.6210436612 0.6963627867 0.2285184182 0.2182165695
2 0.1666353942 0.1560902499 0.0833516024 0.2245895177
2 0.1334555631 0.6637081174 0.1127290177 0.2453939359
0 0.2911774795 0.6842252007 0.0137152073 0.0262803317
0 0.1326460452 0.6111658482 0.0177490668 0.0420485995
0 0.8063037426 0.1559902686 0.0129084260 0.0273315528
1 0.2137269991 0.5002627807 0.0201693826 0.0283827739
0 0.3173976750 0.6810715619 0.0193626201 0.0346900516
1 0.3823431106 0.6610984833 0.0734165359 0.1166847592
1 0.6336537811 0.6053841811 0.0919724690 0.1103774815
1 0.1048122776 0.2626884639 0.0492133127 0.0977629017
1 0.1616899706 0.2721493926 0.0403387840 0.1166847592
1 0.2681843623 0.6742386491 0.0322710272 0.0441509926
2 0.7211888961 0.7614894378 0.4122623592 0.3973588844
2 0.1654481339 0.1106697424 0.0873235303 0.1475596555
2 0.3469173358 0.1373371490 0.0654926477 0.1653379307
2 0.6402698109 0.8289118912 0.1773759397 0.2186727347
0 0.8040014301 0.1586710755 0.0382040067 0.0693352612
0 0.2896112785 0.6866857389 0.0191020222 0.0657795699
