0 0.8901503137 0.6765053415 0.0162001499 0.0336388039
0 0.1967860022 0.6723004859 0.0129600821 0.0231267160
0 0.3466369313 0.1945238324 0.0097200458 0.0367924916
2 0.5876134276 0.8263032787 0.4041925317 0.2659570705
0 0.2422911967 0.2920322124 0.1070765769 0.1720057692
0 0.1270670435 0.4879426707 0.1646020658 0.1485391843
0 0.6312742090 0.3179517576 0.3727478816 0.2477285179
0 0.5640132618 0.6427764176 0.6243153338 0.2097100834
0 0.6274667508 0.2965752277 0.4013776912 0.3551609134
0 0.2879898032 0.3177157734 0.1967793467 0.1775804772
0 0.5655659678 0.6864066479 0.6711348502 0.3162624019
2 0.2046339326 0.7194776938 0.0312339605 0.1454491516
2 0.5826566317 0.8130659363 0.3132581292 0.0703400907
2 0.8766231882 0.7403412991 0.0339899265 0.0751090200
2 0.9253113897 0.1680824234 0.0339899265 0.1084907578
2 0.7852179476 0.1710629582 0.0312339763 0.0763012319
2 0.0934778268 0.2050408428 0.1396341309 0.0917998838
0 0.5146895061 0.3230199680 0.6529346082 0.3160116706
0 0.4651057753 0.5886990031 0.8424329970 0.4549037798
