1 0.6323576021 0.6481225793 0.0452858465 0.0693800979
1 0.2866484799 0.6418153089 0.0266863315 0.0378436718
0 0.8737474888 0.6276239196 0.0137474857 0.0304852102
1 0.8729388109 0.6260470959 0.0153648414 0.0756873930
1 0.5907107681 0.1214644726 0.0412424571 0.0777898309
1 0.1196568333 0.1829604918 0.0355817501 0.0683289068
0 0.6212039207 0.7034085150 0.0358717809 0.0905962044
0 0.0950115213 0.5753555730 0.0293449003 0.1209231279
0 0.2105519594 0.5933133297 0.1871861130 0.1630019587
0 0.4290856224 0.6094648258 0.3831184919 0.1936046505
0 0.7528604156 0.6230659701 0.3013778611 0.2133689393
0 0.7107639408 0.2800606594 0.2786539182 0.3727579695
0 0.4469459591 0.2322996551 0.3179712058 0.4216372275
0 0.2192982062 0.2441475852 0.2362305181 0.2927445864
0 0.0393930027 0.2962147151 0.0787860054 0.2632045145
0 0.6305702361 0.7150507366 0.1524386050 0.1521450033
