0 0.1503550764 0.1794566863 0.0324111054 0.0693409345
0 0.1827661818 0.1777654438 0.0272253285 0.0524285089
0 0.3487110335 0.1819935502 0.0324111212 0.0405898110
0 0.4803001135 0.7544791397 0.0207431075 0.0625759127
2 0.4971539357 0.7240367531 0.1063083941 0.2350827358
0 0.5613278849 0.2141271536 0.0298182643 0.0676497022
0 0.0673826466 0.6597695772 0.0246324401 0.0625759539
0 0.5904978877 0.2124359162 0.0233360275 0.0845621175
0 0.7642214125 0.6995137670 0.0181502506 0.0405897801
0 0.7830198616 0.6555414812 0.0401897549 0.0608847320
0 0.4747746943 0.7624562822 0.0427240407 0.0426903209
0 0.7820241229 0.6628456296 0.0318157441 0.0474336716
0 0.7652072314 0.7025712945 0.0345428656 0.0320176582
0 0.5579501956 0.2193410746 0.0327247635 0.0379469084
0 0.3502386658 0.1754649572 0.0372698924 0.0332035577
0 0.1502538172 0.1748720333 0.0209075106 0.0272743385
0 0.1747974056 0.1653853010 0.0227255495 0.0320177098
0 0.5948162829 0.2080253689 0.0161164404 0.0557143413
0 0.5609717517 0.2216911445 0.0177280592 0.0262803536
0 0.1520172103 0.1806937919 0.0153106152 0.0430997736
0 0.1725656734 0.1759633355 0.0096698706 0.0168194304
0 0.3454144243 0.1696560619 0.0153106310 0.0147170042
0 0.4803895812 0.7609637851 0.0161164404 0.0304851854
0 0.7692766841 0.6968397595 0.0169222814 0.0430997633
0 0.7773348727 0.6679313912 0.0185339002 0.0441510022
1 0.2789341313 0.2505995128 0.0370678161 0.0546631024
0 0.2121178763 0.3322688482 0.1572300060 0.1799814043
0 0.4251348049 0.3711726918 0.2338027164 0.1682300761
0 0.7000177040 0.3679389516 0.1987471492 0.1221593513
0 0.3712682704 0.6190102504 0.2575943751 0.1597686500
0 0.6067176013 0.6363919997 0.2051422561 0.1530040094
0 0.8962880958 0.5029521481 0.1118518521 0.0847913908
2 0.1481114026 0.6625810684 0.1974920269 0.3079833572
0 0.4788021933 0.7642220981 0.0318482204 0.0390513727
0 0.5916542069 0.2016767544 0.0339289758 0.0657756427
0 0.1525746616 0.1729010840 0.0312777217 0.0444987810
0 0.5574591658 0.2135316281 0.0265985651 0.0490581093
0 0.7674929538 0.7003386483 0.0290072423 0.0435740737
0 0.4787390099 0.7616863573 0.0210961762 0.0470141321
0 0.7859521080 0.6791249339 0.0272492276 0.0424274287
0 0.5613657318 0.2227438052 0.0175801469 0.0447207598
0 0.1530667575 0.1768763540 0.0202171689 0.0538942593
0 0.0634080006 0.6665113863 0.0149431248 0.0584810348
0 0.5894939667 0.2135703160 0.0298862497 0.0607743659
2 0.5099437864 0.7800333357 0.0993278614 0.1318689072
0 0.1773082702 0.6740722450 0.1045991807 0.1839137621
0 0.5153606565 0.7650403236 0.0409300431 0.1127213421
0 0.7670050200 0.7126348007 0.0257707995 0.1305194162
