0 0.6206230532 0.6834239975 0.0204879969 0.0373042842
0 0.7855513902 0.6507827304 0.0143415978 0.0333074405
0 0.5939886573 0.3163761382 0.0204879969 0.0492949874
0 0.3440351900 0.7200621575 0.0143415600 0.0333074405
0 0.0771791300 0.6880870392 0.0297075860 0.0652825342
0 0.6225656275 0.6754653279 0.0277326506 0.0410464623
0 0.0747483075 0.6841180081 0.0219283736 0.0658444413
2 0.4948224300 0.6652293978 0.3458539734 0.2212556383
0 0.4690699619 0.6173216446 0.2900475333 0.2194066320
2 0.4835513468 0.6149702418 0.3331435344 0.2993320954
0 0.6180304583 0.6709229057 0.0375233098 0.0450356335
0 0.7844892121 0.6502190774 0.0147705834 0.0351717916
0 0.7649430248 0.6503062775 0.0226556147 0.0241400191
0 0.3420841260 0.7185882150 0.0209562356 0.0460738705
0 0.0673360009 0.6790824847 0.0277425300 0.0596369544
