0 0.3907692247 0.7068030352 0.0664034728 0.0750997578
1 0.7393874885 0.7443529141 0.0635163900 0.0863647050
1 0.2377525180 0.7748621599 0.1154843067 0.1210984292
0 0.6949981721 0.2576126684 0.0599074891 0.0741609985
0 0.4126388566 0.7140989323 0.0757859397 0.0473376686
0 0.3962644875 0.7057951136 0.0280212276 0.0457675834
2 0.2385636954 0.7913973923 0.0749404576 0.0491577231
0 0.7525563758 0.5809023664 0.2054698987 0.1455746351
0 0.7166709545 0.3284294985 0.1079303540 0.1655102276
0 0.4147761758 0.7095553636 0.0675856108 0.0459815964
2 0.2494609797 0.4245227437 0.0607562218 0.1142748055
2 0.4195783708 0.4214835048 0.0570173451 0.1276474563
2 0.7247615211 0.4129736977 0.0579521550 0.0838826224
