1 0.2948301062 0.9200401726 0.4158774954 0.1599196547
0 0.8769530683 0.8503337286 0.1087193113 0.0542945442
2 0.6458317607 0.7584981743 0.7083364786 0.3870235149
1 0.3232302582 0.8892118905 0.1610826583 0.0767385233
2 0.7275318086 0.6069609923 0.4720838683 0.5171971595
2 0.2020851567 0.7172414530 0.1382127370 0.2078588479
2 0.6955632145 0.7326383369 0.4165850598 0.2591820930
1 0.3422446078 0.9218927054 0.2511190345 0.1321570258
1 0.3480232260 0.8820265883 0.1526457522 0.0842944067
2 0.5234242070 0.4134883904 0.9531515860 0.4962129628
2 0.5580283035 0.6008092164 0.8521371060 0.5738165679
0 0.7096179902 0.7327322055 0.3481649896 0.1771440448
