0 0.2399047927 0.6689826118 0.0112969737 0.0294339830
0 0.2374426013 0.6706495546 0.0183391783 0.0384572101
2 0.8205455502 0.6056895233 0.0653952845 0.0815616921
2 0.2498336528 0.6818542480 0.0803259059 0.1391057062
2 0.5361039547 0.6780297960 0.1017991716 0.1492791660
2 0.0706835300 0.6817734821 0.0799683711 0.1363038387
2 0.0903068326 0.1873055487 0.0665898647 0.1627575541
2 0.2608688788 0.1836855976 0.0724494472 0.1758842038
2 0.5252897171 0.1484233438 0.0666373386 0.0979231007
2 0.7819518289 0.1153816647 0.0611942701 0.0990446585
2 0.5531548876 0.6798176297 0.2192976189 0.3039224474
