1 0.3844265723 0.3436319368 0.0276071788 0.0388949343
1 0.4396409865 0.4266778046 0.0682060511 0.0935579763
1 0.4644062936 0.6768667375 0.1534635583 0.3290299232
2 0.4879535871 0.4897506506 0.4327834772 0.4551755418
2 0.6488464393 0.4397528765 0.0552879621 0.2063080152
2 0.8283868057 0.4725238198 0.0221151849 0.2390789585
1 0.5007329126 0.2881872515 0.2339553408 0.2279070571
1 0.2810360655 0.2610022344 0.1728476181 0.1586411707
2 0.4494607391 0.6711854347 0.2991532684 0.5022990072
0 0.4977955815 0.3041858902 0.2782518037 0.2283177372
0 0.2822484080 0.2678241165 0.1763567432 0.1860366834
2 0.6401982257 0.4785886571 0.0574822458 0.1129109831
2 0.8200781733 0.4760224928 0.0307232179 0.0898155536
2 0.3711217386 0.4567762975 0.0505447718 0.0949478577
