2 0.8399262647 0.8273866667 0.1002944511 0.2818303020
2 0.8306131847 0.1800479042 0.1045927026 0.2799639144
0 0.6462007544 0.7404651411 0.0137184644 0.0189218344
1 0.6946191421 0.7388882764 0.0363138003 0.0473046107
1 0.4698772218 0.8377023717 0.0887669749 0.1503235799
1 0.4133891468 0.7494004614 0.0629438852 0.1103774249
1 0.4222658481 0.2132814236 0.0338928525 0.1398114319
1 0.1216685119 0.2385105629 0.0556811081 0.1713478513
1 0.6994609998 0.2668933268 0.0395417054 0.0346900626
2 0.8188929221 0.8056403677 0.1444481303 0.3279786930
2 0.4775434870 0.7641174710 0.4268885805 0.3794881776
0 0.4133486647 0.1633500106 0.0582606281 0.1992217919
0 0.6523083541 0.1182879355 0.0682742132 0.1612747753
2 0.8393796710 0.1544561748 0.1092387108 0.2573281350
2 0.6636874023 0.1508986509 0.1019561654 0.2525847761
2 0.4201760747 0.1758013688 0.0791980691 0.2525847668
2 0.6586805719 0.7384843803 0.0682740997 0.2253103187
2 0.8170767669 0.8209005114 0.1338174246 0.2407263509
0 0.6418396526 0.7497498741 0.0364129540 0.0747081643
1 0.4236204769 0.2145305877 0.0380305748 0.0483615312
2 0.8415044432 0.8373328356 0.1276742777 0.2252938160
0 0.3408398351 0.5491309485 0.2370414687 0.4267071469
0 0.5982619596 0.4859720681 0.8034760807 0.6333744643
1 0.5302238039 0.6776571574 0.3224654830 0.1884744443
2 0.1869541343 0.1615082600 0.0917276905 0.1613735048
2 0.8252654613 0.8575085755 0.1087492951 0.1515187163
2 0.8380316790 0.1553489710 0.0813256019 0.2229664689
1 0.5548105913 0.3044039070 0.2600528003 0.1983293190
1 0.2838828691 0.3179543459 0.2383028808 0.2402125028
1 0.9207757621 0.3666127769 0.1465751336 0.2463717580
1 0.9425255682 0.7534165155 0.0974015965 0.3597028361
