1 0.4091264517 0.5134771111 0.0847609492 0.1961841369
0 0.8401034138 0.5126314607 0.0104321017 0.0490460587
0 0.5688682972 0.4145393923 0.0339043872 0.0422810513
0 0.1717957317 0.2005972212 0.0195602379 0.0473547824
1 0.2183269038 0.2667205406 0.1773967271 0.1747853997
1 0.4149759878 0.5404915848 0.1361416354 0.2479099133
1 0.5497423871 0.7723497663 0.1966490415 0.2372088241
1 0.7787078820 0.9043306011 0.3960484042 0.1837030353
1 0.2280877746 0.3075466493 0.0963847850 0.1230939005
0 0.1700596573 0.2038272472 0.0240031327 0.0342596308
2 0.5679150950 0.5085638300 0.0858445120 0.1035867510
2 0.1390105852 0.2973513044 0.0730857566 0.0666181096
2 0.8034254017 0.5858822696 0.0576309355 0.1002012593
1 0.3282262028 0.3481469193 0.0172550088 0.0774401179
