2 0.4292447594 0.7923797418 0.1657552521 0.1215881474
2 0.4003568487 0.9474389573 0.1904362460 0.0810588490
2 0.3968185722 0.3648404395 0.1794140920 0.6792695483
1 0.7294820628 0.8519104887 0.1591230383 0.1190982535
1 0.7250649252 0.8582152690 0.1148122118 0.0588689126
0 0.5309775348 0.9643896119 0.0382707236 0.0126147940
2 0.4913399865 0.6069709841 0.5084542299 0.3300865741
1 0.7429345965 0.8449389560 0.0658115569 0.0347175913
2 0.5401577511 0.8048545585 0.1792520558 0.0750096219
0 0.5316221136 0.9595995501 0.0535854240 0.0183490722
0 0.6545969269 0.7236140228 0.2704715767 0.1775803999
2 0.4967646653 0.8080729335 0.3999023847 0.1276474630
