2 0.5023469576 0.3088367342 0.0650242869 0.1792716954
1 0.4100521219 0.2200172829 0.1435013644 0.1745234693
1 0.4318319461 0.2353776283 0.0908506570 0.1243464408
1 0.6219388304 0.2398335734 0.0703075265 0.0686016326
1 0.2299895579 0.2160800343 0.1101680006 0.1795483083
2 0.5136218413 0.3397098902 0.1191122007 0.1889574753
2 0.7786321301 0.2112656765 0.0666617226 0.1783015496
2 0.9533875550 0.1901741923 0.0456818083 0.2400449961
1 0.8053047137 0.0420198600 0.1254806007 0.0422861008
1 0.6137604657 0.1354508019 0.1837010258 0.0786701103
1 0.4469660208 0.2623827581 0.1437437422 0.2106302570
2 0.2242644587 0.3571663568 0.1639893145 0.5739673996
2 0.4945431769 0.3203060731 0.1619647982 0.4739180526
1 0.7192693182 0.0965114379 0.0809824148 0.1158466377
0 0.8123990512 0.1728648973 0.1133753682 0.0895178403
0 0.2283135700 0.3440019593 0.1032525663 0.0842520946
0 0.4987768731 0.2389271031 0.0558591610 0.0595483505
1 0.4312721162 0.2364123144 0.1431407565 0.2056187937
