0 0.6976845670 0.7637809784 0.0260432520 0.0541197505
0 0.7419580803 0.7316473658 0.0338562804 0.0575022257
0 0.7262712147 0.7690555680 0.1474515010 0.0888627753
0 0.6980316030 0.7663841156 0.0210437291 0.0452021465
0 0.7385004028 0.7395781858 0.0210438046 0.0273314939
1 0.4483390624 0.6812358320 0.0558469415 0.0809434025
1 0.6664659339 0.6744029340 0.0307562833 0.0567655387
1 0.6389471371 0.2817745837 0.0437062676 0.0914556174
2 0.4046327571 0.2092408130 0.3035160553 0.3710784698
0 0.7001497909 0.7636154481 0.0279149213 0.0388637558
0 0.7365084750 0.7406374522 0.0237014195 0.0390638727
2 0.4062489526 0.0922091289 0.2385839534 0.0984477032
1 0.2008997835 0.2810713190 0.1160656912 0.2042359134
1 0.3651701786 0.3254440124 0.1506981599 0.1689809531
1 0.5607970361 0.3594833313 0.1656744396 0.2346281856
2 0.3623621368 0.6901510338 0.2031149596 0.2783930644
1 0.3427058534 0.8247126935 0.2873561956 0.3505746129
