2 0.2345076732 0.6684182307 0.1254441919 0.1699965441
2 0.1052621532 0.1239365669 0.0969341483 0.1010124445
2 0.2834499140 0.1565808250 0.0940831675 0.1416637827
2 0.5309742674 0.6950984371 0.1107943030 0.1934743596
2 0.2317124308 0.6799535331 0.1046230040 0.1692039178
2 0.2263184630 0.7194526617 0.0265581156 0.1982915434
2 0.5349239281 0.7655829498 0.0488669176 0.2106848076
2 0.0933107655 0.1564718144 0.0528168045 0.0931546873
2 0.2738403547 0.1867751709 0.0502192666 0.1223357226
2 0.5418207500 0.1721846838 0.0424265965 0.0707078114
2 0.7725695492 0.1300967043 0.0155852649 0.0583619239
2 0.0569450963 0.6463758165 0.0389632048 0.1414156227
2 0.2279503335 0.6493475542 0.0761947396 0.1156015633
2 0.5301317636 0.6487863142 0.0536825876 0.1122346119
2 0.8059047348 0.5786396695 0.0458899929 0.0998887978
1 0.3552301794 0.3558540436 0.1177554964 0.0785642186
1 0.6392287878 0.3446305995 0.1281457422 0.0516278990
1 0.4825100159 0.3749339560 0.0692679280 0.0291809620
1 0.8808007526 0.2419359438 0.0952434198 0.0639737132
1 0.1383349376 0.4983919753 0.1272798271 0.0695854535
1 0.3543643209 0.4765062294 0.2303158982 0.0707077869
1 0.6504847978 0.4557428413 0.2303158417 0.0471385409
1 0.8799348752 0.3906467948 0.0796582303 0.0516279234
1 0.5099454695 0.5628514775 0.1295711524 0.1806049820
1 0.5412058745 0.2790340488 0.1262732936 0.1783272687
