0 0.6766977587 0.3079911137 0.0286246201 0.0490460411
0 0.1634072025 0.1726917193 0.0351301487 0.0558109958
0 0.6779462051 0.3045071053 0.0213708353 0.0455571264
0 0.1701734610 0.1772804567 0.0316289502 0.0466682827
0 0.2359958476 0.7039654109 0.0794997442 0.0488906321
0 0.8514779869 0.2567276663 0.0145322556 0.0211118594
1 0.9057600202 0.7428556240 0.0410321577 0.1133372316
1 0.3851647787 0.5845168135 0.2393541590 0.1500051811
0 0.1776879711 0.1873761266 0.0502688397 0.0499669655
0 0.6715054674 0.2873100698 0.0561828425 0.0576541815
0 0.2294353138 0.7101074906 0.1064516727 0.0576541815
2 0.5798387781 0.8638520072 0.3045701102 0.2113987963
2 0.1939514245 0.8100414215 0.1478495601 0.1191520078
2 0.8577959371 0.8215723068 0.0680107537 0.1575881615
2 0.4098117618 0.1758452934 0.1241936339 0.1575881308
2 0.8001345869 0.2046723933 0.1301076272 0.1537445166
2 0.1821234614 0.0970512310 0.1301076083 0.1153083936
2 0.5927867052 0.8872982896 0.2701918414 0.1096652604
0 0.6991431072 0.7189244948 0.0369603541 0.0689840041
2 0.5617264539 0.8667474974 0.3023165654 0.1872425141
2 0.6733006635 0.2628213202 0.0504287031 0.1758637014
2 0.8184368674 0.2332442428 0.0824078788 0.1454872303
2 0.9673344147 0.1900776927 0.0653311706 0.1518822820
2 0.8707105157 0.7672304111 0.0491987145 0.2382154066
0 0.2206723055 0.7048787304 0.0405889451 0.0207838445
2 0.2231322355 0.7384527274 0.0848677994 0.2286228781
2 0.1813133160 0.2020684025 0.0750280509 0.2142339627
2 0.3984026983 0.1724913281 0.0688782304 0.2190302699
0 0.6767653617 0.3017570397 0.0218952016 0.0320177232
0 0.1677029196 0.1689428409 0.0346673365 0.0557345301
2 0.5796056027 0.8009961487 0.3019707372 0.2549558192
1 0.9408376454 0.7680465600 0.0871272515 0.1682072483
0 0.6782890136 0.3031264915 0.0245821073 0.0499024223
2 0.5599011744 0.8840310934 0.1956321702 0.0783592298
0 0.1709607890 0.1735327681 0.0280271871 0.0372063615
