0 0.3217007941 0.8287966816 0.0450707311 0.0638235095
2 0.9399258349 0.6442561495 0.0623335267 0.1201831369
2 0.7453776193 0.1343894872 0.0996311976 0.1228187794
2 0.4856427771 0.1298367505 0.0621627722 0.1412626073
0 0.4908130156 0.2153838522 0.0097252380 0.0283827728
0 0.5009434118 0.2237935704 0.0089147699 0.0178706466
2 0.4446976399 0.7653978873 0.0830729015 0.0782403378
2 0.7491367181 0.1415861931 0.0653821021 0.0521789649
0 0.7721482981 0.1978429220 0.0196676414 0.0326407981
0 0.4542432012 0.5823687616 0.4615874430 0.2060065277
0 0.3619741846 0.3534581404 0.1683339380 0.1282642260
0 0.6405763348 0.3545014140 0.1755329040 0.1512240104
0 0.8672933549 0.3007287534 0.0942049411 0.0817811385
0 0.8384535048 0.6519542700 0.1354437176 0.1974484848
1 0.7468483355 0.6399008832 0.0441081487 0.2408201552
1 0.3235252755 0.8326026315 0.0220087242 0.0658009110
0 0.5163291964 0.3016708792 0.1097499248 0.1259105639
2 0.5763400721 0.4883265472 0.6242920149 0.6421828462
