2 0.2360089870 0.4263781042 0.0809518132 0.0896358618
0 0.6642701460 0.6360921770 0.0235021403 0.0456635546
1 0.7701289518 0.6537959156 0.0823511628 0.1173365651
1 0.7583544479 0.6382339375 0.0952190814 0.1266710525
1 0.8051062707 0.7287927410 0.0360288314 0.0500017205
1 0.6335401466 0.6643459653 0.0600481577 0.0944476851
0 0.6644219749 0.6371228109 0.0188722601 0.0533352231
1 0.7681542273 0.6604333045 0.0758732771 0.0956395911
2 0.6677609458 0.6693545143 0.0375344706 0.3000118384
2 0.4292794974 0.6379303388 0.0292951989 0.3225424133
2 0.2297057868 0.4819953458 0.0878856758 0.2217478912
