0 0.1103775419 0.6563870928 0.0285544620 0.0659584533
0 0.2940346888 0.6014216876 0.0194689531 0.0608847262
0 0.4809366389 0.5768986866 0.0350441156 0.0727234503
0 0.9183391561 0.3824058045 0.0558109885 0.0896358606
0 0.6931482596 0.5100945983 0.0545130688 0.1082395406
0 0.4774839731 0.5780465996 0.0245712399 0.0296454536
0 0.2982049040 0.5999842172 0.0282114270 0.0426894268
2 0.1330315247 0.6823985296 0.0782639614 0.4541681463
0 0.9297769236 0.3835725007 0.0445922536 0.0770781546
2 0.7172811188 0.5685600306 0.0746237585 0.4185936514
2 0.4538227722 0.6497885348 0.0318516142 0.3770899917
2 0.3054852784 0.5916834976 0.0518726280 0.2585083008
1 0.3933047272 0.5584805781 0.1638082972 0.2039606268
0 0.9210727741 0.3904158570 0.0658181045 0.0536757138
0 0.1139682858 0.6613339408 0.0317144271 0.0495852486
0 0.4789696824 0.5937421908 0.0380581799 0.0732700541
0 0.9237532426 0.3881276140 0.0521780877 0.0591461490
0 0.6926164494 0.4899807195 0.0257314756 0.0585645271
2 0.6940323389 0.3631857618 0.0475991577 0.1157969054
1 0.3830804554 0.5235221272 0.0964414138 0.1091736867
