1 0.6129768823 0.3604196504 0.1165051766 0.0896358566
0 0.2025907169 0.1803023127 0.0235628401 0.0507372702
0 0.0389598837 0.1337931412 0.0287990288 0.0422810727
0 0.2326987976 0.1845304175 0.0287990288 0.0524285316
0 0.7124644312 0.2597907043 0.0274900239 0.0575022550
0 0.4336374593 0.2386501679 0.0170176088 0.0287511275
0 0.4113836617 0.2318852075 0.0274899863 0.0490460453
0 0.6299944911 0.7713915841 0.0405804488 0.0761059357
0 0.6270481166 0.7659700162 0.0337805912 0.0542592828
1 0.5859636391 0.4008994212 0.1305573938 0.1615983209
0 0.7083041562 0.2617125712 0.0264765547 0.0530797310
0 0.4330380444 0.2440193194 0.0310417138 0.0365660553
0 0.3978879393 0.2410704522 0.0264766674 0.0424637897
0 0.2376583926 0.1921191462 0.0328676008 0.0554388224
0 0.5841376206 0.7577132268 0.0264766674 0.0377456070
1 0.6999103565 0.1832083047 0.0526937851 0.0911767758
0 0.6175761857 0.7564060694 0.1063288045 0.0802355442
1 0.4035073078 0.1607180211 0.0301108149 0.1094120969
0 0.6306088076 0.7776436574 0.0454992285 0.0581142574
1 0.6069926746 0.3643615650 0.1310808154 0.1373489368
