2 0.1733703660 0.8369557444 0.2686826708 0.1607512075
2 0.1445829158 0.2466563702 0.1080791063 0.2793381389
2 0.1271284242 0.3139707149 0.1239474972 0.2658137245
2 0.1146535437 0.2657983366 0.1187563779 0.2262520248
2 0.3206598968 0.2646169916 0.0573233851 0.1464256883
2 0.2358080813 0.8188173354 0.0737206609 0.1203891161
2 0.7082599503 0.7477584950 0.0608495611 0.1013731976
2 0.4382520565 0.7736133511 0.0732611620 0.0760904784
0 0.1450284762 0.6988831550 0.1682761043 0.2241144541
0 0.8507024249 0.5809281170 0.1447536624 0.1273912896
0 0.8495467932 0.2564387602 0.0573008458 0.1221419341
0 0.7313068706 0.7295905274 0.0245575592 0.0841949242
2 0.2265133192 0.8701130808 0.0391101248 0.1067259955
2 0.1214616773 0.8712988891 0.0509341208 0.1209561381
2 0.1332856686 0.2036687035 0.0654867335 0.1446729563
2 0.0926055366 0.8220074674 0.0365767084 0.0977608114
2 0.2384551323 0.7975672154 0.0301757737 0.0846467122
2 0.4313972577 0.7600127412 0.0374910899 0.0977608606
2 0.7166955898 0.7463023565 0.0411487858 0.0989531364
2 0.1268961922 0.2664394333 0.0411488046 0.1287582606
2 0.3180094697 0.2467680139 0.0393199756 0.0774934017
2 0.5959924196 0.2414030925 0.0393199944 0.0596102977
2 0.4384232416 0.7527590497 0.1258779934 0.1847848946
2 0.1309099421 0.2181235167 0.0619993835 0.0718524450
2 0.3169080831 0.2168404320 0.0501899672 0.0615878048
