0 0.3575690178 0.3165318227 0.0404190760 0.0579042985
0 0.3965445396 0.8096523618 0.0461932614 0.0672437834
0 0.1179416071 0.7596865251 0.0591850756 0.0831206251
1 0.9555830263 0.8348687294 0.0888339474 0.1214121979
1 0.6195712268 0.3889122060 0.0894994459 0.1354213638
2 0.6019294074 0.2279785566 0.1071676041 0.1973388262
2 0.6227102952 0.8858024034 0.0453401304 0.0728908872
2 0.3712787232 0.8653573875 0.1222809598 0.1564488353
2 0.3793970955 0.8465518004 0.1008255195 0.2213862272
2 0.6372442918 0.8406209446 0.1112081441 0.1714982206
2 0.8264496989 0.7501183836 0.0818195264 0.1933533124
2 0.6280935454 0.2554843672 0.1067232631 0.2026794638
2 0.7698867924 0.2471953475 0.0798093550 0.1868047829
2 0.3299893264 0.2935994808 0.0660581470 0.2125535389
2 0.6027728196 0.2621542655 0.0702076512 0.2597255732
2 0.7806227751 0.2644220544 0.1072811269 0.2545224593
2 0.6600697941 0.7946964136 0.0808494853 0.3060838533
2 0.8227019251 0.7396455496 0.0458648808 0.2961594959
2 0.3671152107 0.8179095787 0.0755703558 0.2631757698
2 0.9630726225 0.2227560927 0.0738547551 0.1896919097
2 0.7229015303 0.5953570475 0.2176722610 0.5013533010
