2 0.9108210271 0.0492310144 0.0766282034 0.0558110052
0 0.9140679765 0.1143438507 0.0259756711 0.0405898175
0 0.7265793829 0.1661410520 0.0322909969 0.0746361842
1 0.6180008992 0.6302519252 0.0363273998 0.0714825454
1 0.3144655133 0.5871521783 0.0670038355 0.0420485995
1 0.8161869238 0.6113300923 0.0193745075 0.0483557788
1 0.6886374785 0.6933247753 0.1420804392 0.1618869237
0 0.7282194383 0.1793085632 0.0274918056 0.0481700175
2 0.5249249109 0.4635479087 0.9290252157 0.3038718372
0 0.7184841420 0.1578672165 0.0386214303 0.1324000946
0 0.9134060321 0.1155871684 0.0293709783 0.0834164493
1 0.7003113775 0.6659713610 0.1350930847 0.1176919130
1 0.4269052449 0.1638183778 0.0824990225 0.1736122765
2 0.3055250243 0.6992489233 0.0702789798 0.1758137595
2 0.5866567026 0.7466966259 0.0785158365 0.2274586004
2 0.8082563948 0.7299397950 0.0816982760 0.2193031034
2 0.7411990779 0.2103951798 0.0445852752 0.1256955598
