1 0.5337110314 0.6859838173 0.1410475487 0.0710321433
0 0.6596500617 0.2302650885 0.0259762598 0.0367924821
0 0.8297134904 0.7847803633 0.0267880022 0.0378436749
1 0.6779146431 0.3112085451 0.0413997429 0.0578167459
1 0.8751719766 0.6207910442 0.0251644544 0.0420485685
1 0.5155629402 0.7348477061 0.2800566933 0.2470351611
2 0.5309863130 0.7553463939 0.3563619566 0.3868466993
2 0.8126665856 0.7921388760 0.1534223320 0.3363884661
1 0.4262694840 0.2644295479 0.0446467439 0.0525607004
1 0.5934750108 0.3522857360 0.8130499785 0.2705698683
