1 0.5976871467 0.3311815990 0.0268255198 0.0872507363
1 0.5261523798 0.7485135039 0.1763982674 0.1986794836
1 0.4756793541 0.3159417353 0.2939463866 0.2523232783
1 0.5931309607 0.3543110328 0.0250184116 0.0565318934
2 0.1586273067 0.3693140073 0.0913880153 0.1677740421
2 0.3414033057 0.3682587916 0.0995476448 0.1635533222
1 0.5947602392 0.3439895957 0.0334545949 0.0706972789
2 0.8901393409 0.3286894526 0.0579334204 0.1160701154
2 0.6302546784 0.3788106221 0.0799645844 0.1424496611
2 0.1570432912 0.4032237552 0.1429033457 0.2035124956
2 0.3406469531 0.4032237450 0.1356677259 0.1988340528
1 0.5970589458 0.3541000346 0.0262291318 0.0467844686
2 0.6296192114 0.4008845236 0.1655145807 0.2619930814
1 0.5300386006 0.3035616077 0.4860230440 0.2978440659
