1 0.1333765539 0.6097532703 0.0234792958 0.0473046252
1 0.1422824939 0.5561413714 0.0202407600 0.0220754890
1 0.7211683127 0.6113301144 0.0218600003 0.0609703884
1 0.3693838495 0.2880818664 0.0485778556 0.0494070361
1 0.6021526329 0.2339443289 0.0299563832 0.0840970932
1 0.8648777048 0.2696856119 0.0550548482 0.0420485671
0 0.1309476619 0.1971518609 0.0121444402 0.0252291361
0 0.3488734780 0.3400697606 0.0379916679 0.2458033408
2 0.1154501463 0.7438895318 0.0721197661 0.1922951565
2 0.4250515134 0.7193275370 0.2031787691 0.1860005368
0 0.7086667837 0.3196471481 0.2401351139 0.3015236701
