0 0.3213851626 0.2090534278 0.0194586998 0.0338248529
1 0.6634186812 0.5824217172 0.0258022909 0.0367924655
1 0.2042186600 0.6360336082 0.0588614500 0.0430997932
1 0.8307303768 0.6023947819 0.0233833474 0.0325875968
1 0.8262955714 0.2591734780 0.0161263656 0.0273315479
2 0.8601610829 0.7453598244 0.2435090208 0.3416444843
2 0.5570841131 0.7179872331 0.0964160716 0.2952744294
2 0.8631596713 0.7215447249 0.1318898632 0.2739292817
2 0.2742029731 0.7470403372 0.0909585681 0.2964602765
2 0.0672722465 0.7505978537 0.0791339543 0.2419115600
2 0.8644816081 0.7425238096 0.1118463566 0.1915222562
2 0.5676171399 0.7770052465 0.0778308287 0.1611513498
2 0.2804869660 0.7648257501 0.0742345949 0.1923086139
2 0.0852961794 0.7884436193 0.0939749064 0.2193876645
0 0.4152207026 0.6162235587 0.2658720714 0.1022495646
0 0.9336350452 0.2991768709 0.1104243206 0.1520892807
0 0.4973604942 0.3441852822 0.2065051905 0.1439973156
2 0.6083162442 0.1651730514 0.0670073366 0.1767633589
2 0.3472463331 0.1824124634 0.0864978398 0.2106352823
2 0.1539864759 0.2105845203 0.0446677604 0.1877378424
1 0.7234143490 0.2033993008 0.0940765041 0.1275604938
1 0.4204209149 0.7963066286 0.1282134216 0.1211255494
2 0.4666168326 0.5759522618 0.3180440645 0.5753698888
