2 0.3702994531 0.6985520321 0.3662700665 0.2435684022
0 0.6775935450 0.8478531674 0.0179493184 0.0378436450
1 0.4532273103 0.8168423717 0.0652701355 0.1923721617
1 0.6527092815 0.2134456650 0.5980379368 0.3584638801
2 0.1097030286 0.6435881231 0.1027592392 0.3392253739
2 0.2693142581 0.6956862491 0.0705329551 0.3133721948
2 0.4447346099 0.7356411998 0.0723571211 0.3431425178
2 0.6846074922 0.7967487715 0.0826938419 0.3071047354
2 0.9138396103 0.7278068877 0.0778294494 0.2804680691
2 0.3605449254 0.8058337937 0.2109243078 0.1834698316
2 0.1165569874 0.6524459292 0.0229042162 0.0757016854
2 0.3585448067 0.6967121747 0.2081294487 0.0795509369
2 0.3766340587 0.6726950110 0.2044758511 0.2259770488
0 0.6812089626 0.8479649760 0.0367885347 0.0562186800
