0 0.6578062460 0.2343385566 0.0690807338 0.0798922695
1 0.3566956714 0.1928156255 0.1576665086 0.1671429867
0 0.4530023088 0.2064813799 0.0625789845 0.0641240389
0 0.2644526603 0.6485167873 0.0902112592 0.1072238758
0 0.7415157370 0.7299858714 0.0642044688 0.0746361643
0 0.1189768517 0.5207943224 0.0788332449 0.1503236031
2 0.4916061985 0.7820209217 0.6615491460 0.2733155270
1 0.1734286919 0.2763871128 0.1471012271 0.1492723407
1 0.3732157189 0.1901100499 0.1592620962 0.1236649776
2 0.4438893310 0.7199638403 0.0844347633 0.1387565649
2 0.6225537772 0.2021506947 0.1000171290 0.2198206097
2 0.2934789034 0.0930586622 0.0802904875 0.1194737053
2 0.6151864161 0.8435142797 0.3150985849 0.3129714406
2 0.4239858211 0.3229875093 0.2477959799 0.4313095068
0 0.7472317433 0.7220185932 0.0255495723 0.0442298512
0 0.6546219568 0.2300490360 0.0289728844 0.0468441174
0 0.1127777664 0.5041184129 0.0240215861 0.0453368557
1 0.8373779974 0.5770917829 0.2904210026 0.2200399152
1 0.5817323207 0.6494253788 0.2509463083 0.2674518202
1 0.3857686223 0.6561116731 0.2067722457 0.1884319786
2 0.4454506193 0.6749549148 0.1306423653 0.3209422718
2 0.7260029107 0.6640136573 0.1184240828 0.3720011491
2 0.2748635194 0.6877196097 0.0582721865 0.2662361303
2 0.1240137855 0.4974641450 0.0592120414 0.2625890607
1 0.2320992767 0.5041504150 0.1306424782 0.2905498791
1 0.5178208921 0.3224047793 0.2133513238 0.2163927970
1 0.7607782743 0.3309146084 0.2312089236 0.2358438349
1 0.2250502054 0.2111691622 0.0939873673 0.1568240298
1 0.3669711676 0.1455218971 0.0695506518 0.1130591701
2 0.2894315802 0.1084433477 0.0780095337 0.1847848649
2 0.4454506005 0.1236394779 0.0723703105 0.1932947046
2 0.6348352021 0.1771298489 0.1278228948 0.3051381879
2 0.9205567987 0.2403457131 0.1203039054 0.3270206238
2 0.5925408680 0.5351505492 0.7537787987 0.7196885129
1 0.5248699447 0.5734447984 0.8308484022 0.4485896352
2 0.6279258869 0.7133921938 0.5445936699 0.3643945819
