1 0.2601367502 0.8040635558 0.0589957859 0.0283827408
1 0.4419260301 0.1854242687 0.8231968811 0.3574127054
0 0.4847849725 0.7606972677 0.0504266859 0.1199067085
0 0.2569954299 0.7966692652 0.0434712826 0.0879315912
0 0.5015551188 0.7873768227 0.0270560690 0.1169774728
2 0.4886964561 0.8215819258 0.1041618507 0.2434997747
2 0.2683418999 0.8679783590 0.1291051303 0.1526116872
1 0.6599424550 0.7980031902 0.1896493516 0.1397935513
0 0.5219301724 0.7867471929 0.1414891733 0.1233444073
0 0.2726541909 0.7945950112 0.1232691472 0.1197527839
1 0.4051757174 0.8731846089 0.2280607116 0.0954945286
0 0.2656928046 0.6975107069 0.1470145995 0.1833920064
0 0.7458200746 0.6714297559 0.1271192271 0.1478655543
