0 0.5657259120 0.6495185710 0.1111517425 0.1780155111
2 0.5558883365 0.7083863635 0.1444722544 0.1325101814
1 0.5641989189 0.5690899003 0.1179414881 0.1933843506
0 0.7360691033 0.5012795708 0.2172652141 0.1169799115
0 0.3447385259 0.2951700181 0.2802946072 0.1705852074
0 0.6520545129 0.3098412638 0.2264469260 0.1981385657
0 0.9220338576 0.2250368120 0.0993869895 0.1761990009
0 0.1527780495 0.5329218411 0.0711006504 0.0802540875
0 0.0774171069 0.7018799124 0.0664306159 0.1097365803
2 0.1578085682 0.5177986939 0.0829598077 0.1004564287
2 0.6099296324 0.4406373191 0.6888451340 0.7774205119
1 0.3307912184 0.2835026973 0.2479330195 0.1896476345
1 0.6435038123 0.2962674564 0.2190386328 0.1908633376
1 0.9114765129 0.2470319993 0.1025287893 0.2115300435
1 0.7805193722 0.4986798376 0.3327522278 0.0534903439
1 0.1476376788 0.5424446802 0.0717700920 0.0972552111
1 0.5746908660 0.3686327746 0.7590477065 0.3610621368
