1 0.0589413722 0.6017377762 0.0867785231 0.2533425459
2 0.3646936921 0.1392037012 0.1516596503 0.1461187123
2 0.4060554307 0.7704575579 0.1549037163 0.1618868775
0 0.3869965865 0.7294602352 0.1362503605 0.1745014793
2 0.3477361966 0.2098990595 0.1135174213 0.2621425990
0 0.4260240782 0.7282649259 0.0326199388 0.0405898136
0 0.3673081630 0.6758363825 0.0326199388 0.0372073428
2 0.3888373024 0.7282650283 0.1826717080 0.2164790741
2 0.3563384535 0.1235865483 0.0819165166 0.0482137973
2 0.3507011769 0.2365408565 0.1038070125 0.2793619067
0 0.3637155958 0.6772941144 0.0240674903 0.0578521872
0 0.4265907090 0.7258174530 0.0363261643 0.0628538317
2 0.3990061389 0.7273820681 0.1156802163 0.2250517467
2 0.5248106131 0.4372874837 0.8478688057 0.5385506491
0 0.4782206797 0.3406300234 0.1940362960 0.1296818966
0 0.2326435307 0.3465246402 0.1212726810 0.0078595163
0 0.8139943493 0.3710856133 0.0409295433 0.0609111594
0 0.3145025777 0.5498894973 0.1697817313 0.0530517250
0 0.5373410872 0.6422387630 0.0636681433 0.1080682984
2 0.3311775642 0.2305968818 0.0394136261 0.1571902960
