2 0.7711511022 0.3682941508 0.4295377123 0.2349725882
2 0.4901350228 0.4325661237 0.1795082864 0.2778205156
2 0.2978047420 0.4325661033 0.1624122885 0.2529411214
2 0.1460774641 0.4795606066 0.2115633753 0.3690451860
0 0.4322420855 0.4257908634 0.0325227839 0.0599191783
0 0.9042288789 0.3637692449 0.0398404214 0.0304851788
1 0.5964821222 0.4715186725 0.2390424017 0.1576820353
1 0.3171927421 0.8168423936 0.4837763002 0.3479518123
2 0.4650842045 0.4034136038 0.2157313701 0.2315368243
1 0.3116065580 0.1938139120 0.1210679944 0.0558512077
1 0.4865228268 0.1636333619 0.1200734282 0.0202077707
1 0.8724167796 0.1165514747 0.1648752896 0.1753681658
0 0.4313503679 0.4116466001 0.0309350156 0.0569884681
