0 0.6410062425 0.2746876114 0.0271764713 0.0460024635
0 0.3909827296 0.7093516213 0.0253647267 0.0424638049
0 0.9096003454 0.7583030245 0.0262705611 0.0365659255
1 0.8493592520 0.2959195139 0.0344235252 0.0436433906
2 0.7007945323 0.7677393653 0.0996470865 0.2134985608
2 0.8683827213 0.7877916820 0.1014588311 0.2394485597
2 0.4009474572 0.7364812306 0.1395058076 0.2406280468
0 0.6430954472 0.2751187523 0.0546141215 0.0284452423
1 0.9086567237 0.7577988189 0.0177495687 0.0444456726
0 0.3891396913 0.7044640019 0.0464220449 0.0515570078
2 0.6983544134 0.8165901689 0.0597759843 0.2026378527
