1 0.1521492813 0.7840467283 0.1669948529 0.1009083472
1 0.4472618872 0.8190206506 0.1634605703 0.1158153347
0 0.3266544943 0.6470177469 0.0494799552 0.1066418449
0 0.6248596034 0.6418576154 0.0980763359 0.1192553269
0 0.6199999432 0.3282389446 0.0477128376 0.1043484622
0 0.3284216277 0.3133320185 0.0282742601 0.0584810130
2 0.7856694500 0.7989536748 0.0821720567 0.0871481329
0 0.9747535568 0.3190654445 0.0309249208 0.0607743753
0 0.2210677903 0.4990951773 0.0415278156 0.0286671608
0 0.3889462178 0.7192589538 0.0485963807 0.0470140996
0 0.0584907887 0.3139053642 0.0326921133 0.0389873420
1 0.3462319544 0.7078775141 0.0396902316 0.1072238280
2 0.6362681623 0.2347603126 0.0577641135 0.2106924486
2 0.7867588408 0.2213454294 0.1289051775 0.2817123638
2 0.9500184209 0.2142434379 0.0784375252 0.2012231061
2 0.7913191606 0.7283487710 0.1112719159 0.2209508680
2 0.8099676246 0.2582910795 0.0865899295 0.1456291460
