1 0.4159546468 0.3561915309 0.0733159082 0.1251519501
0 0.1946976002 0.4568204726 0.0209474213 0.0524285123
1 0.4288071619 0.3642197023 0.1626857337 0.1488858189
0 0.1958938105 0.4478047362 0.0767957192 0.1018692458
2 0.4750172509 0.3740716119 0.0734043655 0.3537657637
2 0.7658114858 0.4032481767 0.0527006480 0.2881185403
2 0.9639091943 0.3272675333 0.0498773068 0.2650204011
1 0.8448623439 0.1965808684 0.1562195394 0.0984709025
1 0.6326484229 0.3005223780 0.2644439488 0.2723145562
1 0.3004465584 0.2597967436 0.3171445304 0.2127457156
2 0.5164247927 0.3971697326 0.9316708720 0.3975306324
1 0.3526577620 0.2760224664 0.3257855912 0.3323175853
2 0.4775221800 0.4867540709 0.0652144503 0.0964372641
2 0.7722743758 0.4789947314 0.0695048761 0.0897864437
2 0.9670595882 0.4163659271 0.0626401492 0.0687254142
