0 0.4383573897 0.2502381505 0.0184539155 0.0199730400
0 0.4158917297 0.2486613432 0.0120351770 0.0168194255
0 0.6586009824 0.2581222608 0.0112328018 0.0294339822
0 0.6894911685 0.2612759000 0.0232680917 0.0357412606
0 0.6606067512 0.7374757634 0.0120351394 0.0336388509
0 0.6918981813 0.7006832486 0.0152445651 0.0210242942
0 0.3589252702 0.7238099771 0.0120351770 0.0399461293
0 0.3829955867 0.7485134883 0.0216633036 0.0136658109
1 0.3922225632 0.7437830418 0.0288843797 0.0588679645
1 0.6533856751 0.6859662575 0.0377101687 0.0399461293
0 0.6540931862 0.2578808934 0.0208173533 0.0320176970
0 0.4409422774 0.2537304535 0.0181020038 0.0332035441
0 0.4119790826 0.2460224848 0.0235325899 0.0391327545
0 0.6898445854 0.2590667404 0.0144815880 0.0272743583
0 0.3585782316 0.7215447495 0.0181020038 0.0249026396
0 0.6631441881 0.7357748398 0.0153867296 0.0391327545
0 0.6925598972 0.7019783723 0.0253427602 0.0284601806
2 0.2585647432 0.2163764695 0.0859844429 0.1932921032
2 0.4395846403 0.2365357641 0.0660722500 0.1885487275
2 0.6826037914 0.2501729309 0.0705977321 0.1992213013
2 0.3753225795 0.7470403619 0.0552110402 0.1707611330
2 0.6943701051 0.7233235201 0.1031813239 0.1612743569
1 0.6481094831 0.6896248665 0.0301880184 0.0902171096
0 0.5291920578 0.6767783958 0.3971333721 0.3537657311
