1 0.6014954810 0.6075724339 0.0751265298 0.1244479372
0 0.7565292500 0.1026695180 0.0245869010 0.0675574278
1 0.7056836580 0.1197234026 0.0500753460 0.0977629027
2 0.7258752719 0.6143194830 0.4280631082 0.4162807119
0 0.7065484487 0.5556924691 0.1527991516 0.2280203753
0 0.4187328547 0.1510849230 0.2858397934 0.1594428119
0 0.6834968748 0.3148138227 0.1435784969 0.1851593899
2 0.3680193402 0.5736940690 0.3345774207 0.3291722305
1 0.6589587579 0.2550728915 0.1879232149 0.1665544375
1 0.3524649180 0.1199657911 0.2264027158 0.2364374418
