0 0.7286830001 0.7648072860 0.0250349009 0.0210242789
0 0.2134491929 0.7406294095 0.0169591161 0.0231266774
0 0.6628654867 0.7138234612 0.0193818685 0.0262803241
1 0.2150643329 0.6623139631 0.0314954609 0.0683288820
1 0.6632692693 0.3343352535 0.0589530200 0.0683289065
0 0.6584006782 0.2869582357 0.0422842358 0.1158153138
0 0.1448234586 0.4079336472 0.0599026674 0.0435740930
0 0.2082498029 0.7467794257 0.0405224021 0.0516008790
0 0.6504724264 0.7186856258 0.0369987346 0.0435740930
0 0.7213865452 0.7685664722 0.0202611822 0.0584810093
0 0.2109591245 0.7381670362 0.0331235869 0.0437420257
0 0.4887653818 0.2852510313 0.2156799090 0.1996420924
1 0.6838432472 0.2883807587 0.0835335146 0.1805563671
0 0.3473529981 0.3395449208 0.0593421663 0.1845978839
