2 0.7809952623 0.2090534303 0.1099090026 0.1183869807
2 0.9690502074 0.1693092356 0.0618995851 0.1166957331
0 0.7290955062 0.7004583518 0.1155366893 0.1400048187
1 0.3225933313 0.3565575325 0.0569188208 0.1011146484
1 0.1955879443 0.3787804987 0.0594673923 0.0788915999
0 0.1943136428 0.7293482778 0.0161411417 0.0155561504
2 0.7981267395 0.2540281147 0.1112329718 0.2446103983
2 0.6221098391 0.2979940533 0.0843414039 0.1598761217
2 0.3586956262 0.3035897103 0.0537829470 0.1263020970
2 0.1435638577 0.2955959145 0.0464489095 0.1071169871
2 0.4509822604 0.7496440301 0.0843414039 0.1454873304
2 0.1906239403 0.7824186340 0.0941201730 0.1534810439
2 0.9099708490 0.6776998062 0.0733404223 0.1422897709
2 0.7455661308 0.7664310013 0.0867860805 0.0575554120
2 0.9745428684 0.1764882183 0.0509142632 0.1342959237
0 0.5238530485 0.3854332176 0.0841627951 0.1421762348
0 0.2777501479 0.4219881865 0.1815347175 0.1459707584
0 0.3290800147 0.6826635808 0.1684896871 0.1298798512
0 0.5425057821 0.6260412787 0.1127169342 0.0634242055
1 0.7356600086 0.6828412778 0.1181173349 0.1819964303
