0 0.7469251845 0.6065996448 0.0306975609 0.0367924191
0 0.7687366890 0.6376104708 0.0242348999 0.0378436850
0 0.3737068275 0.1319766067 0.0242349314 0.0420485332
2 0.1785867262 0.0612069382 0.0926398147 0.0747316895
0 0.3770395047 0.1392921545 0.0618362466 0.0752487234
2 0.3000387660 0.6311901018 0.0887516781 0.2893342645
2 0.7479727812 0.6595794124 0.0845643194 0.1221195265
1 0.5854453705 0.5485231544 0.1027650345 0.1240003697
1 0.4621273070 0.3290910856 0.0878174774 0.1252160858
2 0.4873514653 0.6743470470 0.0915543115 0.2370595207
2 0.7564090699 0.6269351059 0.0859489185 0.2176085153
2 0.2991045417 0.6676607626 0.0999623853 0.2723146091
2 0.1416871339 0.6962294434 0.0653959447 0.1543926349
2 0.3518884151 0.1139139629 0.0635275040 0.2103143184
2 0.5793728929 0.1400512940 0.0756724907 0.2431380151
2 0.1813918239 0.1126982952 0.1111731083 0.1787064250
