0 0.5699882843 0.6686214768 0.0113061233 0.0325876769
0 0.0955343429 0.6906969475 0.0169592086 0.0515095207
1 0.1044177289 0.6927994134 0.0153440188 0.0746363373
1 0.3143888218 0.6628397829 0.0347259727 0.0357412833
1 0.8134740049 0.3374887023 0.2770003996 0.3311327693
2 0.3216729083 0.5389325383 0.0920487516 0.1190053201
0 0.0925623523 0.6619968607 0.0250085553 0.0475946394
0 0.5662489416 0.6678554959 0.0154307169 0.0684745814
1 0.3102397573 0.6669424757 0.0280558058 0.0264768864
1 0.5985131735 0.6888543434 0.0280557742 0.0374327997
0 0.0773765615 0.7020927866 0.0364725317 0.1406013258
2 0.3151495194 0.5633175834 0.1164315861 0.1424271195
1 0.5536576146 0.7108177313 0.6630950786 0.4096875329
