1 0.9295091865 0.7162874678 0.0951468728 0.0946093421
1 0.6763216129 0.6900070653 0.0741823055 0.1240433715
0 0.6840057688 0.3174941246 0.0841159663 0.1788463040
0 0.8507662056 0.3231405136 0.0580595663 0.1776131062
0 0.4203596352 0.3102862631 0.0754888550 0.1179691405
0 0.1961198287 0.2744125315 0.0521520504 0.1415538236
0 0.0882203993 0.7579785896 0.0543416551 0.1278802840
0 0.3568084969 0.8621514214 0.0719241938 0.1728059403
0 0.6369248698 0.8384240353 0.0593471054 0.1309690328
0 0.8046268432 0.7932757342 0.0334046419 0.1044782953
1 0.1541385060 0.4191777804 0.0690514352 0.0508974840
1 0.3158562873 0.2499828814 0.0858457266 0.0957774769
1 0.5542781452 0.2805099436 0.0691696356 0.1015894418
1 0.7711959082 0.2858309248 0.0366540073 0.1398981679
1 0.8024350316 0.4241447680 0.0341972792 0.0278095078
1 0.6881682025 0.7494947440 0.0707549418 0.0559216021
1 0.9386657841 0.1535003046 0.0751472662 0.1128993590
1 0.5910998258 0.8271340932 0.0463649025 0.1013361973
1 0.1104046648 0.7640212345 0.0640926913 0.0960026699
1 0.4540505685 0.3462318292 0.0477285779 0.1173365737
