1 0.4621534005 0.2046632043 0.0259371430 0.2499268860
1 0.3056464591 0.7465570601 0.1302750787 0.2244713803
1 0.1184865533 0.6902182830 0.0825272174 0.3131799652
1 0.5831117500 0.7989143532 0.2269498501 0.1789599097
1 0.8690096301 0.8420262499 0.0937273104 0.1982445047
1 0.6717926933 0.4463228586 0.2122473356 0.0830559800
1 0.5651607206 0.5643160671 0.1844842809 0.0624730814
1 0.8928373921 0.5973391926 0.0974249668 0.0825979205
0 0.3658161943 0.2032948002 0.0891403331 0.2068394552
1 0.4614766250 0.1856655805 0.0371466238 0.1325220407
1 0.5834398991 0.7650328407 0.1727562660 0.1690824690
0 0.8532160082 0.2739283264 0.0627076103 0.1772103379
0 0.5580664615 0.2652924496 0.1207971585 0.1984858105
0 0.1324593167 0.1982713154 0.1037334078 0.2723516547
0 0.1980388032 0.6913588467 0.0392478177 0.1066257064
0 0.4340856994 0.7286078680 0.0662751038 0.1737183800
0 0.7525391986 0.7657553036 0.0735081102 0.1764577641
