1 0.7017800291 0.1995992883 0.1036139784 0.0419710335
1 0.4864429022 0.2159213147 0.1018120584 0.0349758654
1 0.3792248755 0.2409873625 0.0873962061 0.0547955004
1 0.2799817967 0.1885778956 0.0154354349 0.0378437088
1 0.3612208588 0.2611116463 0.0934249527 0.0861995100
1 0.2629216086 0.2495483031 0.0170602165 0.0294339712
1 0.8051922998 0.2201143196 0.1137346757 0.1513747863
1 0.5598503506 0.2248447771 0.0243717433 0.0515094803
1 0.7099341707 0.1722671141 0.2480279696 0.1081964209
1 0.4064757278 0.1947573436 0.2593018942 0.1847849038
1 0.1913303112 0.1941494984 0.1954159586 0.1616867862
1 0.0837575959 0.1345806873 0.0460354919 0.0571374487
0 0.1081845871 0.2537183218 0.0591884923 0.1665495355
0 0.2932660170 0.2494634146 0.1174374562 0.3063538639
0 0.5826319216 0.2482476813 0.1080424180 0.3282362789
