0 0.6181874041 0.8032025031 0.0735678345 0.2174314103
0 0.7904586753 0.7896130503 0.0649848721 0.1806599496
0 0.9633429791 0.7176688264 0.0551758443 0.2510054761
0 0.3202378778 0.7848167728 0.1643013888 0.2446104805
0 0.4336548640 0.2420374261 0.0723416745 0.2046414090
0 0.6966597210 0.2420374261 0.0882813131 0.2078389273
0 0.8707701848 0.2204541517 0.0784723484 0.2190302517
1 0.9433801932 0.5924331171 0.0299961139 0.0586683165
1 0.8438476247 0.5844329053 0.0572653600 0.0355565567
0 0.1966163576 0.1394684218 0.0841666761 0.1051729002
0 0.4470122739 0.1870248800 0.0729444873 0.1033438300
1 0.9127345832 0.2190340253 0.0420833460 0.1216347378
1 0.6570783748 0.2505859108 0.0287568637 0.1262074391
1 0.7472067663 0.2565304533 0.0476944798 0.1710203022
1 0.2863941597 0.7645613267 0.0210416730 0.0402401001
0 0.3091892923 0.7974850225 0.0904791780 0.1243784614
0 0.6076303408 0.8176050726 0.0490971844 0.1024293308
0 0.6977588900 0.2245213079 0.0988958788 0.1490711510
0 0.7945505541 0.8157759510 0.0483958636 0.0603600679
0 0.5291825248 0.5260423110 0.9416349505 0.2018167748
