1 0.0864499134 0.6174885096 0.0350369984 0.0490460373
0 0.5999271326 0.7157940432 0.7240874898 0.4610885487
1 0.5816033740 0.1328635661 0.0395225627 0.0777898095
0 0.5816033740 0.7283761513 0.7235035616 0.5098386866
1 0.2460515246 0.5943300597 0.0864915877 0.1326730263
1 0.4025390594 0.3226195324 0.1467737094 0.1770874721
0 0.4085122375 0.1115646824 0.1351772501 0.1178833295
1 0.6580075794 0.2432725261 0.2127901595 0.1968662490
1 0.1429164284 0.3875943911 0.1527876957 0.1438749066
0 0.4803751935 0.6257194309 0.7639483047 0.4801975602
