0 0.3714607929 0.2310395797 0.0638218990 0.1860366662
1 0.1001111566 0.5799320924 0.1186907271 0.1992032334
0 0.5620294545 0.1919931057 0.0507232401 0.2251299661
1 0.6841702184 0.2883418015 0.0782845839 0.0385624586
1 0.7237897114 0.0715451582 0.0890018884 0.1157538398
1 0.4736770006 0.1768589035 0.0295353810 0.1465602638
0 0.3870517962 0.1917482715 0.0514681413 0.1848869416
1 0.9227322528 0.2302714537 0.1202552162 0.0678575904
1 0.9161561874 0.7697466899 0.1098033049 0.0692600732
0 0.7927886698 0.7798119911 0.1011019001 0.1192177660
0 0.4888543905 0.7786513165 0.0797883782 0.1665880690
0 0.2953263369 0.7703723861 0.0375291335 0.1987909638
0 0.3851359957 0.7947890266 0.0436699358 0.1336839328
1 0.2189226021 0.7981894655 0.0424641133 0.1411981805
1 0.0840183835 0.6512060311 0.1028245125 0.1507374893
0 0.0467569539 0.1698917871 0.0746346010 0.1476907155
0 0.2169067024 0.1735219487 0.0485350693 0.1636561596
0 0.3916871970 0.2402589634 0.1421349583 0.2397862355
0 0.5760623974 0.2640842429 0.1448926961 0.1874021375
0 0.4939882451 0.7372873050 0.1009424297 0.1823974020
0 0.7573970903 0.7441336033 0.1440672467 0.1620248195
0 0.3107344428 0.7531242094 0.0820809403 0.2003687938
0 0.0546098742 0.1744562519 0.0568024566 0.0943796000
1 0.1177899350 0.6147309945 0.1630068523 0.2477183261
0 0.4927170386 0.7991445208 0.0506415574 0.1757983870
0 0.3827030414 0.1878781062 0.0557758847 0.0713091702
0 0.5654762769 0.2296608567 0.0815186152 0.0947075105
0 0.4925386223 0.8146190444 0.0729376924 0.0657381532
1 0.2518442147 0.6369031567 0.1167003154 0.1225626693
1 0.2565637090 0.3516664144 0.1364363962 0.0846796995
1 0.4341884457 0.3800786725 0.1244231535 0.0635097316
