1 0.2994381358 0.5880720091 0.0655515306 0.1208895454
1 0.7230952336 0.5817647069 0.1327216288 0.1944745822
1 0.9140848392 0.6448375570 0.0971132946 0.1292993144
1 0.0645752367 0.6474871762 0.0631218359 0.0618537946
1 0.1897115116 0.4856603532 0.0321146205 0.1093230144
1 0.1977822751 0.5213200264 0.0848570604 0.1902275116
1 0.1156625393 0.4510958761 0.0656957887 0.1244479048
1 0.9252262541 0.6404344680 0.0807510262 0.0444456926
1 0.7637241259 0.6599905550 0.0670644604 0.0728909280
0 0.3770770317 0.4413178080 0.0684330943 0.0906691509
0 0.5132589222 0.4910969823 0.0698017660 0.1297813987
0 0.3814880333 0.4030564252 0.0870326873 0.0782965968
0 0.2251582039 0.6084893509 0.1767710551 0.2746906142
0 0.7414297667 0.6668249925 0.4842744737 0.3041328719
0 0.5388271105 0.4566399131 0.8781841931 0.7844207665
