0 0.4294245720 0.7204779299 0.0947849769 0.2181032322
0 0.2410446459 0.6833153641 0.0846133244 0.1923944460
0 0.7408358223 0.7666215730 0.1478759639 0.2146762515
1 0.1596381458 0.4910349391 0.1544194821 0.1487575454
1 0.5662710128 0.5939233562 0.0798221752 0.1199917582
1 0.5320615181 0.2125796222 0.0595499148 0.1232792387
1 0.7468212145 0.2495633836 0.0405445839 0.0788986923
1 0.7784966924 0.2569601379 0.0430786322 0.0904047819
1 0.4623754731 0.6991216263 0.0544818182 0.1265666782
1 0.6904388444 0.7163807299 0.0342094946 0.0920484709
1 0.2647205556 0.6563848508 0.0418116396 0.0739675637
1 0.6704592875 0.3402937614 0.1838166720 0.1664705008
1 0.2706555062 0.2940904451 0.1903462970 0.1161282738
0 0.4231360880 0.6561125890 0.1219589147 0.3202928786
