0 0.6476148325 0.1608530270 0.2670766592 0.1944929026
1 0.7705994600 0.2144968861 0.0218640735 0.0325876216
1 0.8795150103 0.2507637633 0.0340107137 0.0357412481
0 0.6452063496 0.1295405687 0.2511668285 0.1467928398
0 0.5276662589 0.8110068273 0.3046541220 0.1119818553
0 0.6496834166 0.1728512520 0.2360264348 0.1490257503
0 0.9118839882 0.1889460561 0.0606137826 0.1335271179
0 0.5697833771 0.7606088053 0.2213321925 0.1347191970
0 0.8264736410 0.7439179524 0.0936758182 0.0846467122
0 0.1753344734 0.6461570426 0.0477563158 0.0894154219
1 0.3716633167 0.6224539094 0.2856456300 0.4016039016
