1 0.7402592118 0.5160139702 0.1066058082 0.1539031172
1 0.7524451431 0.5177676139 0.1174745955 0.1139210634
1 0.5479326407 0.6886491354 0.0950475538 0.2111706906
0 0.6486956632 0.8484679979 0.2951918716 0.1262256625
1 0.7465900711 0.5258956013 0.0920860843 0.1439784473
0 0.6114729750 0.8609655231 0.2912436481 0.0990480774
1 0.7571070665 0.4944811305 0.1624231946 0.2018330483
1 0.5150882907 0.1675536262 0.1195952369 0.1135310989
0 0.6411481585 0.7530798202 0.5268655092 0.3700272797
0 0.1686791053 0.6783465679 0.3115956537 0.1657166362
0 0.6278243198 0.7737231327 0.2566082164 0.1943295541
0 0.6329528205 0.4566398860 0.5586048096 0.5844427279
