1 0.1227029428 0.6202653911 0.0104841392 0.1166847851
1 0.9213792358 0.3059456789 0.0506760352 0.0684138830
0 0.4913779622 0.1242873659 0.1057107364 0.0970047711
0 0.3167437858 0.1176734013 0.0710376468 0.0948001163
0 0.1450694932 0.0961780240 0.0727290009 0.1179489770
1 0.1932736140 0.5817530450 0.0524325439 0.1256652783
0 0.3040584978 0.7564718694 0.0964082228 0.0804699027
0 0.5171713814 0.7856835218 0.1031737147 0.0903908004
0 0.8085102282 0.7239532101 0.1090935202 0.0286605133
1 0.7120812573 0.2795325180 0.4594359218 0.1755698191
1 0.7535965769 0.5555138638 0.4594359218 0.1046202677
