0 0.7106924134 0.7953831844 0.1169199745 0.0995582678
0 0.3998228240 0.7500486129 0.0729030318 0.0800022223
0 0.6652999471 0.1251423665 0.0949114843 0.0533348230
0 0.4252701137 0.1331425875 0.0770296214 0.0764465699
0 0.2608943875 0.1411428085 0.0811562299 0.0853357071
0 0.9238993768 0.1740326087 0.1334263328 0.1120031186
0 0.9774244087 0.6682685461 0.0451511825 0.1795605390
0 0.6619095255 0.1844820334 0.0630861721 0.2110364437
0 0.4219347865 0.1357198098 0.1076175054 0.2126351931
0 0.2561790528 0.1541055762 0.0952477074 0.2142339884
0 0.6940710608 0.7328570684 0.1323572148 0.2526043134
0 0.3916286934 0.7056781084 0.0865887939 0.2110364865
0 0.2165955876 0.7272613721 0.0705080168 0.0975243984
0 0.0508398605 0.7456471125 0.0655601073 0.1694686596
0 0.0768164997 0.1149359231 0.1001956228 0.1902525501
0 0.9309533078 0.1788863616 0.1335941133 0.2446104258
0 0.9617656937 0.6177462798 0.0764686126 0.2781844017
1 0.3834194082 0.1628231574 0.0211467707 0.0409973462
