0 0.5277137007 0.3612652223 0.0793213711 0.2672163060
0 0.2312338276 0.4052375634 0.0689185536 0.2875112137
0 0.9806902944 0.2800856118 0.0386194113 0.2198615212
0 0.8118402270 0.3418159613 0.0832224139 0.2046403301
1 0.8921400226 0.1503728547 0.1074972380 0.1461187336
1 0.8682966420 0.2723136445 0.1244705027 0.0893531702
1 0.2499856328 0.2780953198 0.0323299656 0.0967116622
0 0.2479650109 0.4320981527 0.1268951826 0.3206202001
0 0.6508774861 0.4131763102 0.4235228230 0.4173319034
1 0.5656071439 0.6759797477 0.1592251956 0.1902697729
1 0.8610919057 0.2922581235 0.1025191803 0.0888913635
0 0.5384981142 0.4300397348 0.0751807638 0.2080058013
0 0.2446096631 0.4744853961 0.0314392121 0.1475596527
0 0.6758738757 0.4673741026 0.0710800786 0.0942248182
0 0.7982134814 0.3864829519 0.0779146907 0.0924470205
1 0.9083553973 0.1531798793 0.0238330608 0.0858388976
0 0.9803128169 0.3045900469 0.0339162959 0.1335270464
0 0.8079816943 0.3594314996 0.0522493759 0.1168361887
0 0.5389435698 0.3886405365 0.0549993347 0.1633322536
