1 0.7587811687 0.6467412030 0.0302747217 0.0633355218
1 0.6065426062 0.7517448389 0.0302747217 0.0266676086
1 0.8915573347 0.2056147662 0.0536294314 0.1011146097
1 0.0425681419 0.7228549539 0.0423845796 0.0844473786
1 0.3881322464 0.3889544780 0.0449795487 0.1188930154
1 0.3859697852 0.2839508299 0.0320047058 0.0777804764
1 0.0416902858 0.7250394109 0.0275860258 0.0642308658
1 0.9533119957 0.5528325261 0.0551477564 0.0760826026
1 0.9379634668 0.2097947404 0.0494367392 0.1158344408
0 0.5041796618 0.4946638996 0.8748548904 0.6464077899
1 0.8700207625 0.5337610775 0.0259696281 0.0513231917
1 0.9249565955 0.4375301052 0.0299649380 0.0384923695
