0 0.8800806065 0.5746435547 0.2398387870 0.1468404652
0 0.9077757752 0.6195193981 0.1400355926 0.1707113814
1 0.4585261793 0.8652012163 0.0687520253 0.0809441584
1 0.6778781498 0.2596971491 0.4157864148 0.3332374490
1 0.2956493028 0.6549567427 0.1653323838 0.3542619407
0 0.9114634945 0.5858122337 0.1770730110 0.1789969815
1 0.8261307817 0.9259751420 0.1345605386 0.1227604759
1 0.7895805730 0.9069262251 0.3232741221 0.1049799361
0 0.5460285779 0.6668833896 0.1900882570 0.1879619141
0 0.9009998360 0.6394867276 0.1980003279 0.2330450107
1 0.8510698986 0.9284703480 0.0775156853 0.1013361151
0 0.8812402745 0.5506819513 0.2375194511 0.1920053267
0 0.8984372581 0.5825526012 0.2031254839 0.1300565518
1 0.3501992577 0.9118185813 0.2191766413 0.1132951882
1 0.7132407304 0.9166687234 0.3192937728 0.1084232067
0 0.5101616277 0.7160744629 0.0982210498 0.3211278853
0 0.8896033351 0.6803273260 0.1932263142 0.3821946023
1 0.3674735980 0.5392087180 0.5358897778 0.2082764560
