0 0.4150826915 0.5566037699 0.1247094681 0.2181702635
0 0.7327636794 0.4991015352 0.1299603835 0.1978753916
0 0.8994805465 0.4229956069 0.1352112989 0.2689075653
1 0.4936062930 0.5924082503 0.1476860827 0.2207548976
1 0.2284241006 0.5771656463 0.0840423641 0.0809434397
0 0.4034384570 0.4829441229 0.2186513713 0.3364714357
0 0.7385014760 0.4138240266 0.1275466001 0.3703794388
0 0.9035022828 0.3629620525 0.1255221098 0.3573378907
0 0.8738973562 0.3351480892 0.1126240531 0.1504202651
0 0.7197115780 0.4029438640 0.0833757641 0.1252032880
1 0.4779557892 0.5802385373 0.1244398993 0.1854064259
1 0.2566102720 0.7161375539 0.1345644512 0.2712935183
1 0.4001440059 0.7006854463 0.1196354525 0.1298591199
1 0.6133745055 0.7053744039 0.2315795293 0.1861428453
1 0.8527600453 0.6272718533 0.1770697616 0.2025148434
0 0.7360398256 0.5382586348 0.0855248221 0.1776617861
0 0.9207148023 0.5123171456 0.0935446827 0.2323144541
0 0.4050426731 0.5544806045 0.1147554401 0.2487299617
1 0.6528280581 0.7077785163 0.2934628585 0.1945104142
1 0.2782146645 0.7211510655 0.1877784989 0.2577262610
1 0.8821254099 0.6196409963 0.1915529160 0.1932947323
