1 0.3223860378 0.7222331352 0.0647824155 0.0851483218
1 0.8835639409 0.2528662055 0.0291521486 0.0336388550
1 0.1357316456 0.5571925727 0.0574944163 0.1124799238
1 0.6722195399 0.3143233208 0.3400450031 0.1852497405
0 0.0904464213 0.8319487468 0.1786828233 0.3235437238
1 0.1447770174 0.4666584393 0.1894825675 0.2443873969
1 0.6669012788 0.6567036324 0.0813527406 0.2195123739
0 0.8118937781 0.6626929960 0.1193505920 0.2648949881
0 0.6468010304 0.1001957564 0.2457997507 0.0745690874
0 0.5356228602 0.8248255113 0.3220993790 0.0878342622
0 0.8316507937 0.6655350900 0.1078225627 0.2298262824
0 0.5486425001 0.7379158752 0.3315888493 0.1628374688
0 0.6550064892 0.1412395151 0.2336636430 0.2147194511
0 0.9131346217 0.2042002897 0.0503436609 0.2103495878
0 0.1631940372 0.6205430073 0.0771908893 0.1207273423
0 0.5614683505 0.7749890520 0.1860768314 0.2160576660
