1 0.2232116035 0.6628528774 0.0231494242 0.0311121589
0 0.6336037445 0.2207357061 0.1562608100 0.1804116576
0 0.7905981458 0.2202512856 0.1305267318 0.1584336146
0 0.4631256151 0.2357571339 0.1309998096 0.1587021079
1 0.2228170955 0.6686817758 0.0234390962 0.0303764599
1 0.9451117888 0.1802602934 0.0518128105 0.0607529096
0 0.6743283857 0.8173665501 0.0752518909 0.0783392375
0 0.8569067269 0.8213634517 0.0900555240 0.0511604053
0 0.7865893909 0.1730658768 0.0900555872 0.0687467332
1 0.5219741576 0.7773975347 0.0222054496 0.0623516313
1 0.2284510972 0.6174015122 0.0810411276 0.2603792127
0 0.4508196269 0.4837855806 0.8503536973 0.3822220565
0 0.5865830629 0.4971932789 0.6613540689 0.8429831793
0 0.5046099243 0.7744988563 0.1445474017 0.1385725802
