1 0.2509338473 0.6111844309 0.0266393892 0.0611131972
1 0.5512714209 0.6056286924 0.0343734127 0.0588909604
1 0.3377266993 0.2567276600 0.0403887580 0.0633355561
1 0.2500745177 0.6756310810 0.0163273578 0.0522240058
1 0.8541870117 0.7584117587 0.0455447737 0.0800027717
0 0.2312147111 0.1486106915 0.0472012074 0.1020000204
0 0.3695854069 0.1908320113 0.0472012263 0.1630328188
0 0.5551573384 0.8082665840 0.0472012263 0.1454754624
1 0.5637574565 0.3192458538 0.2736841727 0.4392608264
1 0.6390909862 0.5068164150 0.7218180276 0.5337611398
0 0.2798959171 0.7335925381 0.0336990971 0.1169620267
