1 0.6205976413 0.2595055387 0.0862851137 0.1244487701
1 0.8401546973 0.2011701700 0.0606557424 0.0722247305
0 0.5941140796 0.7711899196 0.1546297769 0.3166776209
0 0.5965024290 0.7302340541 0.0725232703 0.1438884674
0 0.8821588806 0.6441258127 0.0823569469 0.1774624153
0 0.8483557023 0.1101396413 0.0467099259 0.1135120269
0 0.6062016434 0.1597012278 0.0442515068 0.0943269024
0 0.3646622930 0.2380405254 0.0749816895 0.1518822943
0 0.3161085716 0.7192675968 0.0295009731 0.1039194677
1 0.6270025039 0.2928801166 0.0664709065 0.1311687703
