1 0.7064290566 0.6741451196 0.0259965953 0.0845621450
1 0.4087632057 0.6689641833 0.0486774256 0.0500017495
1 0.4382258500 0.6622972964 0.0204957263 0.0388902059
1 0.7033897627 0.6756311192 0.0298897016 0.0788916252
1 0.7080867125 0.7517448339 0.0119558655 0.0355568116
1 0.7110757356 0.1739470072 0.0264736969 0.0755581695
1 0.1487232293 0.2728393235 0.0290356532 0.0466682815
0 0.7110756411 0.7334108952 0.2331392269 0.3677906276
0 0.4390798323 0.7895239494 0.1571341411 0.3711240219
0 0.2755407579 0.7923018107 0.1118726825 0.2988992344
1 0.4269422588 0.6685871610 0.0261201386 0.0423119095
1 0.7102643004 0.7500028748 0.0229205141 0.0371537508
1 0.7073503626 0.6773223386 0.0373452819 0.0484251062
1 0.7597598841 0.4704176800 0.0685900698 0.0708420119
0 0.3930851965 0.2112581987 0.1167893740 0.2877044555
0 0.1562182974 0.1790789053 0.0928055697 0.2259184120
0 0.7583876506 0.2240928029 0.0985639213 0.2900182445
0 0.7383578083 0.7213636021 0.0663599449 0.2705133165
0 0.4519699588 0.7882693133 0.0819345984 0.2041169441
0 0.2723257424 0.7673469580 0.0749565351 0.2165169585
1 0.9051539355 0.2661057194 0.1108143117 0.1290568599
1 0.5205282834 0.3023919982 0.1335470370 0.1945567354
1 0.6746505322 0.3003488071 0.1324627187 0.1668204586
1 0.8298388566 0.5493665317 0.2304899763 0.1844632798
1 0.5566527301 0.5993619910 0.2944346135 0.1785072904
1 0.3550680652 0.6032079675 0.1405989959 0.1482068736
1 0.2514693666 0.2426759195 0.1327634944 0.2991244244
1 0.1199536560 0.3020164011 0.0964267277 0.0943242317
1 0.8371397339 0.5570460763 0.2703983571 0.2590644087
1 0.5852989348 0.2984517415 0.3400299525 0.1712667616
1 0.9076850816 0.2714761805 0.1271806471 0.0821887276
1 0.1150156224 0.3069431839 0.0968636097 0.1467857422
1 0.2702034865 0.2414638317 0.1253586193 0.2637506875
0 0.2730458987 0.7698314869 0.0505652286 0.2343377007
1 0.3615076518 0.5906017506 0.1543498086 0.1481154683
0 0.4550820719 0.8008470766 0.0615911578 0.1998545083
0 0.7541167382 0.7645884589 0.1151413870 0.1545406716
0 0.1905359136 0.1570645822 0.0652905832 0.2262783696
0 0.3946158910 0.2190515515 0.1379604528 0.3142235060
0 0.7689282634 0.2134189544 0.1126966571 0.2714290957
0 0.4520682344 0.8501055436 0.0718843441 0.1186764728
0 0.7478754780 0.8009925388 0.0960221999 0.0839156244
0 0.2741812999 0.7996280689 0.0790910060 0.1423988527
0 0.4021937304 0.1049289611 0.1778977649 0.1121489668
0 0.1831097744 0.0899176267 0.0420520896 0.1160697200
0 0.7785870769 0.0611492117 0.1286514584 0.0947252203
