0 0.3811943583 0.1578752151 0.0668845902 0.0925884837
0 0.2009099824 0.1266167026 0.0443870442 0.1012933662
0 0.2851237442 0.7288374355 0.0778293550 0.1107896520
0 0.0838619536 0.7011401252 0.0693167575 0.1535228046
0 0.4869936102 0.7320029257 0.1191761605 0.1139550190
0 0.5020028936 0.7330198840 0.1162449581 0.1277823570
0 0.2939467090 0.7286293574 0.0716646622 0.1242900042
0 0.8732342409 0.6473265246 0.2092995234 0.1719085570
0 0.0902163142 0.7021807212 0.0560386326 0.1623045561
0 0.7904967946 0.1633658172 0.3516496029 0.1897166010
0 0.3790070653 0.1443811137 0.0548742979 0.1639202883
0 0.2051273097 0.1396317976 0.0334843790 0.1371605464
0 0.4964854449 0.7275437449 0.1236423623 0.1673207752
0 0.2942624649 0.7304029092 0.0916525556 0.1698700403
0 0.0930829329 0.7177891070 0.0606765905 0.2079498579
0 0.3823313984 0.1850726819 0.1141515533 0.2198052592
0 0.2076609315 0.1466020453 0.0709755551 0.1899823668
