1 0.2549272620 0.8529389879 0.2232540154 0.2495408838
1 0.2817678606 0.8560985777 0.1879857223 0.1955257542
1 0.3943972949 0.8508425950 0.1037162828 0.1702965945
0 0.4338946230 0.7791079660 0.0934212821 0.0872973889
0 0.1666966219 0.7032524804 0.0581433409 0.0898400121
0 0.2937626714 0.8367411869 0.1737767000 0.1856128776
0 0.8885885487 0.8371649657 0.0620631248 0.0779743548
0 0.2382325167 0.0947134201 0.0548768606 0.1135713484
0 0.4201754173 0.1349719260 0.0738224385 0.0652611523
0 0.7402904060 0.1510753247 0.2070947872 0.1025532331
0 0.7233047011 0.7901260659 0.0947278514 0.0618709592
1 0.2762329007 0.8465276898 0.1835953991 0.1900657881
1 0.6494274637 0.4179166476 0.5881919719 0.6807665952
