0 0.5328282579 0.7384123603 0.0998935739 0.2638338529
0 0.3188666745 0.2803979171 0.2370939709 0.3104183387
0 0.8842638541 0.6267874817 0.2314722918 0.2464695157
1 0.2541111853 0.3765218737 0.0376989392 0.0697556263
0 0.3374137326 0.2156083162 0.2030879429 0.2092668994
0 0.0893302448 0.2829859189 0.0559403911 0.1141455852
0 0.2319174504 0.7704826901 0.0869508352 0.1442673409
0 0.0571037173 0.8053604929 0.1009359310 0.1395112937
0 0.5210441447 0.7609705957 0.1362026681 0.1585355648
0 0.6903854275 0.2845712783 0.0383070162 0.2203644046
0 0.1767140422 0.2331536431 0.0856230994 0.1741979910
0 0.1501189917 0.8310079021 0.0505954750 0.2232440326
1 0.2973956588 0.6160385194 0.3966429100 0.2348035228
0 0.3307200920 0.1893246557 0.2037832604 0.1102326943
0 0.5395767970 0.8170998351 0.0904763737 0.0760605950
0 0.2377069762 0.7922974868 0.0549622846 0.0771628520
0 0.0914227148 0.2664875437 0.0718737695 0.0903908013
0 0.6905117627 0.1959386097 0.0558078679 0.1388931892
