1 0.1399748413 0.4018550876 0.0507467025 0.1082395543
1 0.4600694991 0.7417948290 0.0377347110 0.0473548219
1 0.7805245406 0.7356950758 0.1381745123 0.0966339972
1 0.4940052730 0.7480022421 0.1248480365 0.1248949959
1 0.1468155109 0.6682336209 0.2146264143 0.2333802893
1 0.1496210825 0.3760523400 0.1290563972 0.1941797593
1 0.3765218868 0.3250003664 0.0582156953 0.0884292935
1 0.7770175733 0.3377633537 0.0203404104 0.0337307274
1 0.9201018398 0.2561714117 0.0904797568 0.1841516733
1 0.6174505604 0.3983875431 0.0434863947 0.0856943184
0 0.8776675353 0.2156033266 0.0827644287 0.1850633029
1 0.1611537898 0.6480599034 0.0770441612 0.1285919263
1 0.1515149745 0.3933341175 0.0911784163 0.1795959964
1 0.7077174320 0.4100765133 0.2914258055 0.1004446123
1 0.7671915186 0.6961326138 0.1314610992 0.1830973045
0 0.8634306405 0.1442848931 0.0643679104 0.0909238718
1 0.4609591820 0.7361437900 0.0589016881 0.0736184316
1 0.1363648606 0.3968178552 0.0416993569 0.0906612080
1 0.7294427312 0.7459722699 0.0486284080 0.0692217363
0 0.4949210558 0.5509957214 0.7963768237 0.6717570856
1 0.5027694513 0.6858960443 0.7248730881 0.4522366213
1 0.1363914570 0.4015591212 0.0564227072 0.1000034723
1 0.4591122348 0.7449043268 0.0350504507 0.0555574354
1 0.7903819643 0.6904579919 0.0547129282 0.0466682871
