1 0.3651237748 0.3601633133 0.1921046207 0.1991600283
0 0.8926424103 0.2797667288 0.1352527725 0.2254301871
0 0.4027058037 0.4460677362 0.1201196062 0.2426763227
0 0.6859799601 0.3191862168 0.1305236627 0.2870231136
0 0.3875465984 0.3067872324 0.0932924064 0.4332642094
0 0.6889055848 0.3043891045 0.0773345286 0.2302215822
0 0.8877657202 0.2284479572 0.1141603830 0.3373385768
0 0.0710201346 0.3979165969 0.1420402692 0.2478079273
0 0.2093039876 0.6836250551 0.2661091996 0.5739291283
0 0.5736146909 0.3581127536 0.0898746266 0.1196219167
1 0.5332004795 0.1704823033 0.2114587365 0.1451366055
1 0.3447610955 0.3236588632 0.0871694087 0.1356065566
1 0.3552537286 0.4561118095 0.0371277044 0.0473046580
1 0.5199069847 0.3467855761 0.1598105227 0.1398114358
0 0.4880256015 0.4335107188 0.5512656386 0.5424263124
1 0.6343744898 0.6931901993 0.3612293728 0.4084717781
0 0.5188873197 0.7559044869 0.2755536248 0.3916084043
