1 0.2904083384 0.1177263352 0.0430433317 0.1183869708
1 0.3296323186 0.6192022980 0.1683415072 0.1983413942
1 0.5647964430 0.6354777836 0.2207819069 0.1905652012
0 0.4078164618 0.7738599133 0.0661499629 0.1478313188
0 0.2211919455 0.7583045591 0.0809294197 0.2057034900
0 0.0455711410 0.7693002584 0.0488077744 0.2286388728
0 0.1392981192 0.0978393447 0.0287883307 0.1045614868
0 0.3432084407 0.0827354490 0.0497139483 0.1600290997
1 0.4265826533 0.2828310510 0.1495594420 0.1690136091
1 0.2191757325 0.1872476167 0.0479665190 0.0721909011
1 0.5467564298 0.1759633374 0.0616155767 0.0756873962
1 0.2885384131 0.1107880786 0.0526975382 0.0883019561
1 0.3562344896 0.1722840926 0.0502653837 0.0367924730
0 0.5155432855 0.7777832375 0.3656399769 0.3374396812
0 0.2139511345 0.7551821252 0.1986292480 0.3784369564
0 0.3381615465 0.3348837512 0.1998899664 0.4901363643
