1 0.4310165839 0.6150093489 0.0420355272 0.0515094880
1 0.4904321636 0.2917611112 0.0444606259 0.0777897989
0 0.2534537066 0.7035985762 0.1369179107 0.2271041460
0 0.1901640150 0.2498010051 0.1345292518 0.1800579256
0 0.7219195383 0.7717084987 0.1195714985 0.2831296203
0 0.7790459842 0.2616640983 0.0958459504 0.1841168455
0 0.5357417617 0.2668515636 0.1370668239 0.2403190469
0 0.3733189782 0.2548492903 0.1280280061 0.2204553953
0 0.4166069405 0.7232982061 0.1125398385 0.1782851270
0 0.5038971290 0.4836149318 0.9922057420 0.1903499480
