0 0.5644295888 0.8208711193 0.1494889091 0.1008965277
0 0.2805969465 0.8023860562 0.1191985573 0.0931948262
0 0.7355143103 0.1531043637 0.1231252028 0.1563513725
0 0.2808773847 0.2020122713 0.0967612128 0.0816414495
0 0.5882691338 0.2070185507 0.0872251791 0.1070581252
0 0.7580919827 0.8116285755 0.0818960872 0.1024372716
0 0.9134708033 0.8120137368 0.0622638057 0.0985860517
0 0.7597032655 0.2009021944 0.1404592629 0.1550268727
0 0.2893777033 0.7332138800 0.0924233840 0.1581906719
0 0.2823851196 0.2345177004 0.1368109082 0.1384168440
0 0.5596552622 0.7340048513 0.0857348315 0.2309584095
0 0.7606152737 0.7272817058 0.0790463168 0.2016930857
0 0.9059388834 0.7601062652 0.0449955864 0.1392077538
0 0.7291111813 0.1254847004 0.1015584890 0.0645060385
0 0.2867373084 0.7281332939 0.1341775042 0.1925845731
0 0.5715802944 0.7186667904 0.1193952472 0.2322256273
0 0.7580643220 0.7201459331 0.0830081909 0.2322255781
1 0.8888866143 0.3800019787 0.1935830066 0.0939740581
1 0.7794701422 0.3357520688 0.0280555115 0.1259070366
1 0.8555707275 0.5706872755 0.1311595938 0.0994483209
0 0.2819042549 0.7334566916 0.1137760207 0.3085242979
0 0.5733458678 0.7380105542 0.1015232226 0.2925857544
0 0.7549499020 0.7334566424 0.0883951772 0.2356623988
0 0.9019834799 0.7579337089 0.0516368017 0.1980930944
0 0.7426970849 0.1767468299 0.1671631465 0.2424932295
0 0.5803474667 0.2012238533 0.0980223853 0.1821545509
0 0.2832170310 0.2222854737 0.1234032098 0.2106162040
0 0.0346602175 0.1875622534 0.0656400068 0.2436316952
