1 0.6294650755 0.3592216214 0.2103418702 0.2907186844
0 0.2594718775 0.1966162537 0.1733899008 0.1823151333
0 0.2883073400 0.7581026634 0.0540171084 0.1638689208
1 0.1060740963 0.7101095618 0.1129487119 0.1404644439
0 0.2489543781 0.1909518338 0.1506083550 0.1295808815
0 0.8292394603 0.1312006492 0.3122907998 0.0763087420
0 0.7954633251 0.7704663694 0.0919153439 0.0388743014
0 0.4826188018 0.8215788357 0.1085266050 0.0547118976
0 0.2915898278 0.8043013684 0.0609077943 0.0835076765
0 0.4632390498 0.1974308841 0.0697671010 0.0907066212
