0 0.7983644155 0.4852193265 0.3863197346 0.2936943674
0 0.4553208935 0.4419883692 0.2047704889 0.2868323393
0 0.2721884321 0.4577710809 0.0876080180 0.3101631405
0 0.1259991077 0.3589579913 0.0886635320 0.3705489221
0 0.4579431657 0.4922623900 0.1156471114 0.2439080438
0 0.2636182051 0.4466836185 0.1042719247 0.2463717899
0 0.8224209729 0.4620818682 0.2985969169 0.3313700905
1 0.5891137885 0.4477021145 0.0962613049 0.1461186969
1 0.6243017073 0.1859498725 0.1828155281 0.2281133884
1 0.1288391468 0.4377155701 0.0364013278 0.0609703909
0 0.7347191153 0.4466508874 0.4505676743 0.4740974011
0 0.4691122208 0.3422247667 0.0965712121 0.1381057319
0 0.2724059585 0.3325307115 0.0650048702 0.0786906102
0 0.8143522514 0.3755503719 0.2244297077 0.1021877107
0 0.3814984856 0.4063629191 0.3772473712 0.3260586792
1 0.1361906066 0.7693162948 0.0647887553 0.0640355117
1 0.3474384475 0.7817676716 0.0529260285 0.0462479242
