1 0.3489052855 0.6025219010 0.0223133982 0.0545268838
1 0.3995752782 0.6303912015 0.0399781780 0.0933015414
0 0.7700703939 0.5116437696 0.0371889468 0.0763376471
0 0.9643827839 0.4225832263 0.0446267210 0.0945132341
1 0.8374753599 0.6631072973 0.0381186403 0.0642205727
1 0.6050443484 0.5952516220 0.0381187533 0.0448331948
0 0.9469598841 0.3986909579 0.0845981174 0.2973684125
0 0.8050967370 0.4273237012 0.1135965230 0.3221887786
1 0.4021329527 0.6264084488 0.0467816388 0.0662264835
1 0.5465106729 0.6463815040 0.0387158052 0.0641240360
1 0.2643447028 0.5371125422 0.1025352007 0.1414705063
1 0.8314898456 0.6440334673 0.0655008198 0.0498428406
0 0.7762945293 0.3626303393 0.3819806511 0.2797113052
