1 0.5415923394 0.5977586050 0.4777909126 0.2297653925
1 0.4460341682 0.2810713390 0.4494073407 0.2674518161
1 0.2709632482 0.5740839883 0.1346669471 0.1441969130
1 0.9151901236 0.3604923067 0.0960904475 0.1892584422
1 0.9485061580 0.4997324626 0.0673335018 0.0423578172
0 0.4312308714 0.7331512451 0.0652292781 0.0838144454
0 0.6672487123 0.1757400028 0.0715417609 0.0865181575
0 0.8285684191 0.1775424473 0.1080140555 0.1351845999
1 0.4136961383 0.5393865918 0.1185349481 0.0748021201
0 0.7061759284 0.7894781446 0.0469930742 0.0558763777
1 0.2837426019 0.5670148577 0.1259898327 0.1219407823
0 0.3041955384 0.7267994230 0.3779694697 0.4141782730
1 0.9310617146 0.3463619172 0.1092341554 0.2018174913
1 0.2944278352 0.5817927285 0.1117506398 0.1544042194
1 0.7267914101 0.3481581431 0.1408359652 0.1133132692
0 0.8437678695 0.1837987219 0.1315917969 0.2757387282
0 0.9014658089 0.7820997450 0.0890775496 0.2185099284
0 0.7222984837 0.7899036710 0.0951510565 0.2029020764
0 0.4358331634 0.7274722871 0.0971755086 0.2393204462
0 0.6858576680 0.1929033022 0.0991999607 0.3147583583
