0 0.1417161073 0.0905951354 0.1782555075 0.1353572707
0 0.1963109586 0.6937059956 0.0966920929 0.1867587182
0 0.4571165103 0.7579578523 0.1447092535 0.1936122771
0 0.9389325688 0.7528177323 0.0769590207 0.0565416398
0 0.7478505799 0.7660964474 0.0513059634 0.0454046434
0 0.4051527277 0.1428533185 0.0618303140 0.0325542696
0 0.6445807962 0.1192943019 0.0513060390 0.0454046557
0 0.8136275064 0.1154391873 0.0434127382 0.0633951741
1 0.8407387181 0.2174862831 0.0314777386 0.0809434829
1 0.6627679122 0.2448178322 0.0435846949 0.0409973391
0 0.4887626530 0.6530724556 0.1054751748 0.2577263125
0 0.6609766154 0.1503846938 0.0634718006 0.0620002008
0 0.4798952652 0.6597587585 0.0672054515 0.1154905750
0 0.7533841443 0.7211510935 0.0560045744 0.0850983650
0 0.9391325676 0.6731313152 0.0933409322 0.1495298816
0 0.2101400747 0.6293664994 0.0616049941 0.1203533050
