1 0.6290082912 0.3725403243 0.0274718859 0.0189218438
0 0.6201203151 0.7988074922 0.3393591966 0.3311322864
0 0.7207859268 0.7115711148 0.0546571088 0.2664736558
1 0.8186999019 0.3716348154 0.1723498232 0.1178614555
0 0.5593279884 0.8539945763 0.1612928244 0.1215487393
0 0.7025524953 0.8476878157 0.0916636844 0.0951748935
1 0.3804075348 0.3374124238 0.0678663866 0.1295755200
1 0.8980191628 0.6348370793 0.0345735728 0.1240003798
1 0.4532351918 0.6032291502 0.2158510196 0.2066672585
1 0.3135394300 0.5959350586 0.0429833454 0.1021179405
1 0.5069643577 0.3679931641 0.2485556909 0.1446671303
1 0.2813019131 0.3272675383 0.1952937819 0.1191376041
1 0.2051466948 0.5308956056 0.1495072264 0.1860005902
1 0.7914953133 0.8463671546 0.0233605426 0.2747458307
1 0.6686190809 0.4555228391 0.5120622465 0.1300788648
