1 0.0628599428 0.5938208224 0.0266236003 0.0872507641
1 0.7066669641 0.7041982794 0.0169422572 0.0515094914
0 0.6025928693 0.7672710557 0.4283978351 0.2995959089
1 0.9430522742 0.8355999623 0.0701894483 0.1082749901
1 0.6263927490 0.1891035069 0.0371116398 0.0746361719
1 0.6881111065 0.1875266783 0.0718030110 0.1723990429
0 0.3579940466 0.8480568147 0.2429629145 0.0784717840
0 0.3531955773 0.8917405761 0.2492416844 0.1596946747
1 0.3496345893 0.8217846473 0.2656617645 0.1219539965
1 0.7580541116 0.1947684645 0.2202818050 0.3338337913
1 0.5131915393 0.1319436420 0.3053693046 0.2328213424
1 0.2607655569 0.1806020852 0.2070460370 0.2784001506
