1 0.4034384023 0.6549510404 0.0566874439 0.1264301544
0 0.8387169058 0.7589925336 0.0728838745 0.4082640780
0 0.6666300519 0.7813811948 0.0607364884 0.3898263231
0 0.3588982813 0.7655774460 0.0971784572 0.3476829657
0 0.1969341649 0.1913737776 0.0809820582 0.2897357825
0 0.6453722525 0.2901473434 0.1113503024 0.3924602881
0 0.4125488787 0.2796114938 0.0911048273 0.3397810502
0 0.8164468769 0.2901473383 0.0971784572 0.3766565085
0 0.9520917936 0.3099020499 0.0809820898 0.3371470853
1 0.2797267116 0.3902165371 0.1065115287 0.1321571016
