0 0.5244468815 0.7934129800 0.3428562259 0.3833466603
1 0.8344674544 0.2533942180 0.1321959062 0.1033369349
1 0.7301683347 0.1457079121 0.0465030513 0.0957249555
1 0.0698249596 0.6800712082 0.0279018308 0.0521034867
0 0.4818420410 0.8109357174 0.1748514727 0.1320762172
0 0.8078284776 0.7600439387 0.1385790612 0.0908781439
0 0.2567672414 0.7794312673 0.1060269569 0.0860313118
0 0.0967967372 0.7485326918 0.0632441497 0.0436214894
0 0.1335341517 0.1099625122 0.0753349509 0.0702790713
0 0.3000151106 0.1057215340 0.0790551871 0.0617971151
1 0.7641155779 0.2323450266 0.0325521674 0.0727024823
0 0.4873420936 0.7908849703 0.1465905245 0.0886375869
0 0.8047212017 0.7241783091 0.1416808199 0.1361546471
0 0.3049806642 0.1183357727 0.0834654501 0.0849824343
0 0.5245157983 0.1274736720 0.0680348420 0.0996030856
1 0.4650107928 0.6560058799 0.0851221321 0.3091792521
0 0.7837569497 0.6604740148 0.1583759529 0.2419116096
0 0.4865744882 0.7428899588 0.1429024373 0.2241240100
