1 0.6233660515 0.8339895903 0.0868583842 0.1133162085
1 0.6459956473 0.8415459070 0.0985254328 0.1366578097
1 0.5575927166 0.7758450224 0.0458885355 0.0452021752
1 0.4374726275 0.8163167992 0.1592603237 0.1745015030
1 0.3632411551 0.6591603118 0.0809797733 0.1145823008
1 0.1682147675 0.6381360552 0.0256436328 0.0367924094
1 0.6682650789 0.1322147680 0.5857539075 0.2644295359
1 0.6415197697 0.8331038694 0.0920395141 0.0985695332
1 0.6519208462 0.8440697471 0.0861523405 0.1124009024
1 0.4744459315 0.8324675676 0.2236917780 0.1866718689
1 0.6456386282 0.8422456146 0.0867376530 0.1706714284
