1 0.5649706523 0.7900363842 0.0545148605 0.0378436830
1 0.3768944007 0.4357773978 0.0681435756 0.0546631312
1 0.5443160473 0.7939989918 0.1325869927 0.1305173820
1 0.5644162985 0.3113871246 0.1641016251 0.4790966708
1 0.3047735385 0.3841209977 0.1572607236 0.5881802308
1 0.2695901577 0.7770271443 0.1460655408 0.1211134412
0 0.6730962411 0.5164924688 0.2117950244 0.0957640847
0 0.7278708189 0.6791506320 0.1716269958 0.0774562539
1 0.6566638702 0.7805479448 0.1898852128 0.1337880817
0 0.1965573934 0.6692925490 0.1643237456 0.0971724200
0 0.2193801281 0.5200132127 0.1844077599 0.1197051436
0 0.2230317654 0.2707448613 0.1624979117 0.0943558249
0 0.1865153741 0.8425129253 0.1515429937 0.0971723446
0 0.6813124143 0.2411706498 0.1588462438 0.0577401254
1 0.4022195889 0.5096210838 0.0110327647 0.9482382408
