0 0.4847927152 0.7396347784 0.0713978840 0.1641591226
0 0.6722122221 0.7212587664 0.0610639941 0.1543585500
0 0.8356758453 0.7488227844 0.0385172979 0.1506833476
0 0.2024891794 0.6973699262 0.0760951187 0.1604838710
0 0.5406897645 0.2312315787 0.0779740163 0.1837601939
0 0.7140175673 0.2336817095 0.0901867849 0.1935607418
0 0.8854664535 0.2379694416 0.0685795847 0.2290877065
0 0.4857496782 0.4467818168 0.9525200650 0.7111893315
1 0.7691820247 0.6961350718 0.1464212638 0.3067328176
1 0.5764726911 0.7256996647 0.1369748561 0.2377488167
0 0.4749224019 0.7663509984 0.0963546951 0.1367363222
0 0.6662148102 0.7626554674 0.0557346474 0.1761558779
0 0.7186430658 0.1923047404 0.0831294299 0.1909381620
0 0.5452990889 0.1953843886 0.0670703895 0.1773877052
0 0.8896254125 0.2089348270 0.0661258733 0.1773876682
1 0.9174926984 0.6560996517 0.0916313969 0.3005735828
1 0.9538618759 0.3302729453 0.0831295054 0.2180390389
