0 0.2160614804 0.1112626005 0.0665593647 0.0509719062
0 0.2095898912 0.1884431105 0.0846147831 0.1877280832
0 0.3393295138 0.7341149593 0.0978537111 0.1014905259
0 0.1325692813 0.7059453470 0.1043210859 0.2111546322
0 0.6176585281 0.7102298600 0.1084159352 0.1829728468
0 0.4016691648 0.1616833299 0.1067307704 0.1436081901
1 0.7525358188 0.2586605789 0.2282872135 0.1346028969
1 0.5779016309 0.3078166771 0.1136798976 0.1233504535
1 0.4417203628 0.3106804408 0.1298767541 0.1137002677
0 0.6470548580 0.1700673175 0.0701089617 0.1163424099
0 0.3948222582 0.1823792787 0.0800367701 0.1562320186
0 0.2031457292 0.2007237040 0.0917683612 0.2073245491
0 0.1240254036 0.7056114687 0.1100641667 0.1765364209
0 0.3206492658 0.7148847709 0.0640471396 0.1329901844
0 0.6100320310 0.7203437388 0.1044254703 0.1503659399
1 0.7233509294 0.5283683275 0.1737275035 0.0858634447
1 0.3400572790 0.2812711276 0.0672467816 0.1281734409
