1 0.7696172670 0.8564492556 0.0889413129 0.1318689606
0 0.6115482616 0.8335155215 0.0986280811 0.0814147374
0 0.2481855210 0.1139139712 0.0475127306 0.0911311872
1 0.8099915024 0.1841434925 0.1052984824 0.1897869392
0 0.2342265442 0.1573643280 0.0800671166 0.1088984966
0 0.4122581620 0.1721850943 0.0970377604 0.1076413099
0 0.6200645112 0.7885897856 0.0722091005 0.1250740144
1 0.4133733547 0.3860693376 0.0355882590 0.0364586072
1 0.2215359947 0.3522595782 0.0258147799 0.0382872385
0 0.6268158826 0.8419021873 0.1058176755 0.0749582365
1 0.0460884067 0.5178180761 0.0804214453 0.1014140605
