1 0.6517207281 0.7162990524 0.4470383591 0.2649103244
0 0.2607729625 0.3786418293 0.2001190615 0.2028784276
0 0.4869429241 0.3300435885 0.1503853910 0.1565943994
0 0.7125208675 0.3431574225 0.1894618198 0.1874504182
0 0.7181375605 0.2831063468 0.0618516087 0.1161290190
0 0.4961343495 0.2845400418 0.0640606295 0.1161290190
0 0.2774446125 0.3160812768 0.0640606295 0.1103942760
0 0.2737388075 0.3345725902 0.0965117550 0.1679594128
0 0.4927255761 0.3136939167 0.0768171773 0.1320112094
0 0.7102331646 0.2838594942 0.0571813038 0.1105696035
1 0.5336818820 0.1350599368 0.0734648772 0.0369272441
1 0.4013386148 0.1149862897 0.1238578360 0.0291001257
