0 0.2877036662 0.7903535262 0.1091463822 0.1181087279
0 0.4861916635 0.8069804463 0.0589742578 0.0986150229
0 0.7533362616 0.7714331684 0.0845004201 0.1307221688
0 0.1883246253 0.7655796905 0.1898734113 0.0968480502
1 0.2984069711 0.5822574290 0.0234008714 0.0262803525
1 0.6558755844 0.6427022593 0.0782719295 0.0357412440
1 0.1784836070 0.6667594480 0.1135204395 0.1528343901
0 0.4843041682 0.6900012128 0.9536721061 0.3363995391
0 0.5278307393 0.1089475773 0.8587939400 0.1452634108
1 0.1248431518 0.1312467910 0.1232437822 0.1439891821
0 0.4177215256 0.6883721098 0.2797145207 0.4016038093
