0 0.7868244074 0.7105068289 0.1288878731 0.3196448459
0 0.4511817818 0.8010741818 0.4078426766 0.3563615122
0 0.8007438964 0.7236519270 0.1521092714 0.2766800747
0 0.4389384231 0.8256304341 0.3790598799 0.2081891132
0 0.7668494606 0.2120020159 0.0592390871 0.1803018098
0 0.9248031403 0.1645942350 0.0270122720 0.1083299883
1 0.5948398549 0.5604292552 0.0177965001 0.0422266888
0 0.5897372463 0.8890865285 0.1177574351 0.0830090430
0 0.2419420490 0.0388363904 0.0629865446 0.0616638872
0 0.7962200325 0.7013418341 0.1454925932 0.3174125507
0 0.7613159748 0.1699150621 0.0747906428 0.3070083203
0 0.3939627516 0.1441004936 0.0531170367 0.2581669861
0 0.6084743131 0.1541906864 0.0328811196 0.2621145197
0 0.9135330129 0.1565172429 0.0656006365 0.2668278833
0 0.1235781619 0.5576333077 0.1789816330 0.1854391611
0 0.8418758765 0.7622596782 0.0662029047 0.1926432374
