1 0.5174705124 0.6437534695 0.0354828390 0.0714824879
1 0.4799715906 0.6884300736 0.0185478639 0.0304851440
1 0.2977187856 0.1796425713 0.4653091855 0.2701619220
1 0.7194808385 0.8187805765 0.1169320496 0.0599191269
1 0.3512058930 0.6816412884 0.0690127226 0.0911767441
1 0.2947832453 0.7296609187 0.0792713790 0.1240003896
1 0.1045319092 0.7065628224 0.2061056459 0.1872162504
1 0.5787613829 0.7363472415 0.1697340948 0.1835692770
1 0.7452313033 0.7156804771 0.1743970073 0.2200398468
1 0.6808815874 0.1862475139 0.0494281470 0.0778041723
0 0.2267031184 0.6403077106 0.0736757671 0.3343147610
0 0.4724444554 0.6257194728 0.1100473292 0.4023934332
0 0.6571001568 0.6469939842 0.1175081702 0.3987463123
0 0.8347613574 0.6500332352 0.0867322011 0.3197263758
0 0.4834800942 0.5971776744 0.0710342153 0.1100417182
0 0.6528296939 0.5911388059 0.0514740122 0.0738085073
