1 0.1632339506 0.6164547341 0.1252284380 0.1629381164
1 0.3373418846 0.6253900943 0.2019813273 0.1135310912
0 0.5147043171 0.5845092675 0.2014734627 0.2638338491
0 0.5353079314 0.4269171084 0.2775934805 0.2250555410
1 0.3569483332 0.6872371606 0.3585173918 0.2506881444
1 0.7095395268 0.7684422983 0.2286305569 0.1784702369
1 0.7014680617 0.7492239886 0.1692388553 0.1407986701
1 0.4788880112 0.6705557413 0.0799186253 0.1337758431
0 0.4945916469 0.5232667170 0.1868748051 0.2277766426
1 0.3335077928 0.6957386404 0.1755461173 0.2233665085
1 0.1347688448 0.7835548143 0.0884751046 0.1150540707
0 0.0410419033 0.6339048671 0.0682030474 0.1045691940
0 0.9110713619 0.6396998407 0.1093173641 0.3549814516
1 0.4218020327 0.7172544667 0.8049990151 0.3270889258
0 0.9029114600 0.5910935824 0.1941770799 0.4216273457
0 0.4987831305 0.5019927831 0.2184188767 0.1735427046
