0 0.6628272638 0.0450029073 0.0698914366 0.0777971577
1 0.6533849479 0.2835267739 0.2098865568 0.1024164996
1 0.2518723260 0.3220969655 0.1183999658 0.1374473048
1 0.2316929403 0.7620837787 0.1081670015 0.2189996579
0 0.0629030561 0.1277927987 0.0531464589 0.1673544883
0 0.2449950229 0.1021773178 0.0897390968 0.1912622667
0 0.4175032014 0.1061619465 0.1123916975 0.1992315349
0 0.6745229607 0.1107158076 0.1211042304 0.1924007345
0 0.2489156552 0.8393339907 0.1289454950 0.2242777457
0 0.4336213836 0.7989184708 0.1045503952 0.2481855957
1 0.5204138541 0.4555228282 0.9591722918 0.5409819916
