1 0.1186330150 0.5234223273 0.1010344079 0.2039354741
1 0.6246133306 0.2416970424 0.2109598115 0.1976281719
0 0.6805004323 0.7764653061 0.1092328872 0.2452302083
1 0.6271478022 0.2966223754 0.1518371658 0.0579257077
0 0.6738252321 0.2044828662 0.2589231205 0.2455693813
1 0.8495564703 0.4354639537 0.1972301535 0.1969417108
1 0.2326276985 0.5090132105 0.1355373567 0.1519612597
1 0.3648934914 0.6123468367 0.1215162502 0.2030202418
0 0.4798665667 0.8494063999 0.0897350666 0.2565106462
0 0.5990460099 0.9152816293 0.0663665809 0.1694367414
1 0.5635258747 0.6360527979 0.2290114695 0.2990597242
1 0.8303943053 0.7199354149 0.2841611576 0.2577262835
0 0.6621409892 0.3916991155 0.4785871730 0.4011776883
0 0.3526241487 0.1539574745 0.0521357464 0.0944544003
0 0.6885074204 0.8601744819 0.0793913850 0.0945188659
0 0.1458640684 0.0922705922 0.0436958209 0.0828909678
