1 0.3802140085 0.7205432405 0.2180654614 0.3416088394
1 0.4911105224 0.3722480688 0.2329758399 0.2212555474
0 0.8761080432 0.2122260203 0.0799939985 0.2561416688
1 0.3607371044 0.7026861927 0.1008484832 0.1866718841
1 0.2905520035 0.1995610867 0.0231678871 0.0586683184
1 0.7278460145 0.3106475238 0.0735921476 0.1457818298
1 0.8252874888 0.2137559388 0.0967600347 0.1653379277
1 0.6355906389 0.5318179030 0.7288187222 0.5318432933
0 0.8029140413 0.8259839380 0.0411482017 0.1462749426
0 0.2594048468 0.2118509937 0.0947235202 0.1681541973
1 0.1536346813 0.1021414581 0.1325715529 0.1846972898
1 0.4048693394 0.1484278415 0.1145662385 0.2544977592
1 0.5822583839 0.2127742552 0.0249320488 0.3075017606
1 0.7342601481 0.1638351974 0.0827099307 0.2813796103
1 0.9459693365 0.1755948999 0.0978033391 0.2430578488
1 0.1257598216 0.8267817828 0.1225826677 0.2818314609
1 0.4414866917 0.8500946242 0.1473150200 0.2323139542
1 0.7067907753 0.8405364103 0.0747467135 0.3062604618
1 0.8845350897 0.8372049902 0.0720243566 0.2775453928
0 0.5966222993 0.7944674392 0.1193519994 0.2004689847
0 0.8030899662 0.7957013797 0.0649871354 0.1916084844
0 0.3010486426 0.7622525365 0.0814166468 0.2176654674
0 0.5177691858 0.1963590335 0.0885975368 0.1599886991
0 0.6853046618 0.2409243484 0.0830731938 0.1722235610
0 0.8692341618 0.1882468549 0.0742411988 0.2392233262
