1 0.0858106224 0.1235554428 0.0342453767 0.0458674458
1 0.5323177003 0.5352158073 0.0474166964 0.0550409029
0 0.4751275891 0.1929206756 0.1056505352 0.1601416686
0 0.0878994262 0.2126304189 0.0745213937 0.1872425711
0 0.2808060428 0.1984640372 0.1075371552 0.1342726146
0 0.7552902542 0.2144782041 0.0999907504 0.1663009483
0 0.2034547332 0.7109173520 0.1037639528 0.1293451711
0 0.4123975756 0.7096855404 0.1292332294 0.1194903333
1 0.3980689880 0.6014324986 0.1001917364 0.1621673067
1 0.4598322657 0.3035734360 0.0742161849 0.1305571303
0 0.0875629783 0.1868553531 0.0567865501 0.2565105829
0 0.2849194936 0.1911102654 0.0977473312 0.3379618004
0 0.4687775941 0.1977965718 0.1154349460 0.3707854607
0 0.7503829975 0.2123848374 0.0902998162 0.3829423413
0 0.7122150511 0.7065628212 0.0977473123 0.3792953183
0 0.4124564983 0.7059549573 0.1033328968 0.3683540646
0 0.2057907001 0.6968372952 0.1182277099 0.3452559279
0 0.0228635488 0.6737392078 0.0446845001 0.2869028703
1 0.5339424501 0.5321112903 0.0651648749 0.0863139574
1 0.8686106980 0.3181498653 0.1182277382 0.1179219416
1 0.9370338996 0.3801500815 0.1228824045 0.1398043506
0 0.2020037431 0.6793746887 0.0616970935 0.1527216852
