0 0.4550512597 0.1346387571 0.0686784070 0.1522118143
1 0.4719419956 0.3553595551 0.0555749384 0.0683289066
1 0.4526115855 0.2302650968 0.0346336671 0.0893531713
1 0.6004589535 0.6049614997 0.0732048736 0.1262118575
1 0.4653463770 0.6096797581 0.1211043681 0.1096982111
1 0.3810368326 0.6704876050 0.1385014585 0.1507302006
1 0.1728564338 0.7715019189 0.0899187261 0.2498638749
0 0.2661909778 0.7850177169 0.0889224241 0.1216747143
0 0.5646472439 0.7466509292 0.1599345881 0.1839092457
1 0.5706524858 0.1823448083 0.0959744133 0.1417345056
1 0.3582143154 0.2007581431 0.1126847547 0.0976664717
1 0.1349438921 0.1542113945 0.0392276263 0.1827623487
1 0.4616428684 0.6142020847 0.1118008557 0.1074850724
0 0.5524707867 0.6349783881 0.1090300629 0.2644425790
0 0.2494580259 0.6865624813 0.1335618656 0.2561416995
0 0.2058459781 0.2495800332 0.0808639762 0.3118762202
0 0.4547980071 0.2430579052 0.0572407727 0.3249204762
