2 0.818995 0.081181 0.275863 0.122005
0 0.682182 0.170076 0.022079 0.040455
2 0.462400 0.115273 0.069860 0.177191
0 0.563239 0.288182 0.184636 0.134687
1 0.569051 0.405453 0.111329 0.032439
2 0.302950 0.118767 0.041683 0.219580
2 0.111621 0.097939 0.050893 0.105235
2 0.914613 0.496633 0.157045 0.445786
0 0.681652 0.546436 0.118915 0.070384
2 0.625041 0.787187 0.161822 0.227524
0 0.465686 0.648882 0.110609 0.125595
1 0.378212 0.660730 0.057781 0.161964
2 0.353017 0.796315 0.142394 0.238369
2 0.118919 0.835362 0.060325 0.157835
