0 0.620572 0.680546 0.016974 0.042049
0 0.785864 0.646907 0.011316 0.025229
0 0.343334 0.723646 0.012124 0.039946
0 0.903064 0.186475 0.016166 0.021024
0 0.930950 0.185950 0.010508 0.022075
0 0.564397 0.246920 0.014549 0.024178
0 0.584200 0.227998 0.010508 0.013666
0 0.065691 0.668983 0.019399 0.033639
0 0.319489 0.246920 0.008083 0.026280
0 0.110954 0.210128 0.019399 0.038895
1 0.924888 0.534427 0.021015 0.060970
1 0.925696 0.652163 0.054963 0.094609
1 0.879220 0.736786 0.055771 0.108275
1 0.368794 0.699993 0.040414 0.032588
1 0.574096 0.720492 0.021015 0.042049
