0 0.20443985544656684 0.13101604278074866 0.061951471347444505 0.15106951871657753
0 0.376097057305111 0.1657754010695187 0.07898812596799173 0.1443850267379679
0 0.8133711925658235 0.6761363636363636 0.10067114093959731 0.12901069518716576
0 0.5413009808982964 0.6951871657754011 0.09447599380485286 0.1270053475935829
0 0.28007227671657203 0.6647727272727273 0.0738255033557047 0.09692513368983957
0 0.10789881259679918 0.6112967914438503 0.0867320598864223 0.1677807486631016
0 0.2121837893649974 0.1303475935828877 0.05782137325761487 0.09090909090909091
0 0.37635518843572535 0.16143048128342247 0.020650490449148167 0.04879679144385027
0 0.8102736189984512 0.6858288770053476 0.04594734124935467 0.04411764705882353
0 0.10841507485802789 0.6400401069518716 0.06298399586990192 0.09157754010695188
0 0.2080536912751678 0.11831550802139038 0.0495611770779556 0.06550802139037433
0 0.10789881259679918 0.6356951871657754 0.05678884873515746 0.07352941176470588
0 0.21270005162622613 0.12032085561497326 0.06401652039235932 0.06818181818181818
0 0.11177077955601446 0.63201871657754 0.06659783169850284 0.03943850267379679
