0 0.12213976499690786 0.25120967741935485 0.055040197897340756 0.10080645161290322
0 0.3559059987631416 0.24475806451612903 0.09461966604823747 0.13629032258064516
0 0.6051329622758194 0.20725806451612902 0.12430426716141002 0.14677419354838708
0 0.7547928262213977 0.7681451612903226 0.07606679035250463 0.1782258064516129
0 0.6032776747062462 0.7870967741935484 0.08719851576994433 0.19516129032258064
0 0.3144712430426716 0.8064516129032258 0.10698824984539271 0.21129032258064517
1 0.46351267779839206 0.9028225806451613 0.08348794063079777 0.125
2 0.7909709338280767 0.7814516129032258 0.0733964131106987 0.09571129032258056
2 0.7179962894248608 0.7516129032258064 0.07943599257884963 0.10358709677419363
1 0.39332096474953615 0.7685483870967742 0.0878169449598021 0.11451612903225807
