0 0.607568 0.156625 0.016989 0.033825
0 0.694473 0.636938 0.033978 0.057502
0 0.694274 0.643918 0.041426 0.039946
0 0.604517 0.151424 0.014621 0.022075
1 0.200409 0.502004 0.065794 0.081995
1 0.427035 0.567705 0.041426 0.034690
1 0.610609 0.211343 0.036552 0.057817
2 0.669388 0.700019 0.155232 0.135115
2 0.385562 0.127531 0.072808 0.124448
2 0.590248 0.147087 0.089293 0.135115
2 0.824469 0.140865 0.090666 0.165338
0 0.602141 0.190169 0.037439 0.041910
0 0.701007 0.409043 0.588073 0.441414
0 0.586715 0.544933 0.096755 0.121569
