0 0.176509 0.239496 0.032519 0.060885
0 0.178760 0.236934 0.016170 0.033639
2 0.580275 0.272581 0.072660 0.180504
2 0.396956 0.243781 0.071485 0.154420
2 0.160934 0.237296 0.061871 0.132978
2 0.787479 0.281919 0.075352 0.210304
2 0.984747 0.260599 0.070087 0.152945
2 0.840085 0.790018 0.046431 0.122402
2 0.653300 0.787036 0.072327 0.155643
2 0.445089 0.796708 0.125767 0.218712
2 0.136082 0.757066 0.055997 0.176065
1 0.307820 0.716349 0.214578 0.235188
1 0.054390 0.578626 0.108749 0.132729
1 0.279853 0.391953 0.136300 0.107922
1 0.065102 0.342923 0.091783 0.115273
