1 0.562739 0.301729 0.031728 0.064447
1 0.208585 0.328952 0.047163 0.085559
1 0.516005 0.626740 0.034301 0.054446
2 0.317918 0.782857 0.538521 0.291121
2 0.183586 0.153991 0.062099 0.170165
2 0.562539 0.181232 0.059512 0.076708
2 0.140018 0.804581 0.090558 0.156869
2 0.314066 0.827007 0.076466 0.208723
2 0.185346 0.143175 0.091351 0.168665
1 0.216160 0.592263 0.154189 0.147478
1 0.412158 0.595526 0.151290 0.106530
0 0.519924 0.631230 0.050699 0.071807
0 0.123464 0.626156 0.049566 0.106047
0 0.345199 0.351669 0.036490 0.095006
2 0.808746 0.230144 0.103396 0.181980
2 0.548843 0.250809 0.110130 0.191925
2 0.355570 0.230848 0.095045 0.168631
2 0.175666 0.235140 0.095884 0.249431
2 0.537037 0.719657 0.133101 0.163479
2 0.319379 0.737143 0.094095 0.177305
2 0.139170 0.761077 0.123839 0.214018
