2 0.362545 0.009799 0.099546 0.169128
2 0.197530 0.005512 0.074377 0.183937
0 0.560532 0.725781 0.129644 0.125094
0 0.221122 0.708436 0.066030 0.086200
0 0.845990 0.624864 0.057977 0.076739
1 0.686149 0.177047 0.082940 0.133504
2 0.174583 0.153242 0.085504 0.287511
2 0.363728 0.144786 0.075140 0.287511
2 0.680481 0.124491 0.079026 0.223244
0 0.536728 0.732943 0.028914 0.042464
0 0.576032 0.712300 0.020782 0.043643
0 0.331622 0.150245 0.023492 0.033027
0 0.231328 0.697556 0.028914 0.056618
0 0.857036 0.616757 0.031624 0.034207
2 0.042034 0.755354 0.042467 0.169855
2 0.248947 0.744738 0.093066 0.245346
2 0.576936 0.761252 0.120172 0.240628
0 0.544061 0.750328 0.071893 0.129797
0 0.839280 0.606552 0.022944 0.145772
