0 0.615510 0.784076 0.043163 0.050737
1 0.521990 0.760398 0.096789 0.152212
0 0.569077 0.815364 0.018311 0.035516
0 0.278709 0.795915 0.023543 0.043972
0 0.278055 0.888933 0.014388 0.040590
0 0.609079 0.781627 0.023577 0.033639
0 0.276163 0.801074 0.021138 0.028383
0 0.570463 0.816842 0.011382 0.026280
0 0.308276 0.057340 0.030080 0.042049
0 0.829804 0.661263 0.017886 0.034690
1 0.368843 0.636034 0.211375 0.129299
1 0.536317 0.764282 0.081298 0.171348
1 0.333072 0.819996 0.042275 0.043100
1 0.086332 0.673352 0.021951 0.044151
1 0.175760 0.261802 0.052844 0.070431
1 0.375753 0.179807 0.181295 0.116685
1 0.813138 0.655481 0.043088 0.063073
0 0.523938 0.310248 0.033847 0.133726
0 0.098975 0.606268 0.045129 0.147099
0 0.616546 0.778896 0.072394 0.081451
0 0.336841 0.841504 0.060172 0.072941
0 0.273849 0.801387 0.024445 0.070510
2 0.610905 0.794700 0.202140 0.368354
2 0.319918 0.803210 0.178635 0.368354
2 0.091453 0.681033 0.080856 0.362276
0 0.594452 0.094463 0.037607 0.105765
2 0.240943 0.173483 0.133506 0.302707
