2 0.148532 0.090666 0.083874 0.104857
2 0.140925 0.118987 0.070380 0.135648
2 0.297679 0.166169 0.076778 0.168676
2 0.570515 0.175016 0.050271 0.113237
2 0.666488 0.691658 0.092316 0.160419
2 0.360747 0.706993 0.073122 0.186369
2 0.179771 0.685761 0.095058 0.167496
1 0.876475 0.576476 0.043173 0.046253
2 0.675887 0.704948 0.051594 0.164815
2 0.147515 0.133871 0.114780 0.149440
2 0.195947 0.706117 0.105262 0.238375
2 0.315206 0.164101 0.117580 0.175683
2 0.574217 0.170369 0.080097 0.164864
2 0.367211 0.722532 0.100913 0.153073
