1 0.2477706588 0.2469682007 0.0415338384 0.0448228964
0 0.4969738875 0.7288142384 0.0343105958 0.0294887139
0 0.4928962405 0.7204920430 0.0152887779 0.0378436718
1 0.2426429786 0.2521763326 0.0201168249 0.0325876173
0 0.4869913913 0.6995862438 0.0266528743 0.0613913016
1 0.2344904229 0.3042077795 0.0490974200 0.1081220277
1 0.4848872081 0.2675562421 0.0308612408 0.0604750341
1 0.0517779058 0.5213681763 0.0147292260 0.0586424992
2 0.2130979783 0.7399029497 0.0918823091 0.1438573469
2 0.5342941426 0.4911431426 0.8839670030 0.7717460811
2 0.7425344864 0.2061168513 0.0412544024 0.0550409439
