0 0.2388317723 0.6716082484 0.0233663922 0.0388985758
0 0.7658739642 0.6631520452 0.0181739114 0.0355160946
0 0.5315608821 0.1735373403 0.0246645715 0.0473547893
0 0.2344689882 0.6728532260 0.0238805251 0.0222229990
0 0.7679430749 0.6628528662 0.0196162452 0.0266676398
0 0.4587754494 0.7056320827 0.0136460233 0.0144449596
0 0.2728484288 0.6850758651 0.0136460233 0.0266676398
0 0.5231676023 0.1711691424 0.0162046448 0.0366679380
2 0.5244468815 0.7934129800 0.3428562259 0.3833466603
1 0.8344674544 0.2533942180 0.1321959062 0.1033369349
0 0.2358408920 0.6800711877 0.0213914193 0.0448331974
0 0.2753684777 0.6873414770 0.0204613741 0.0424097813
0 0.7683008683 0.6673482738 0.0260416456 0.0387746161
0 0.5241598019 0.1705479166 0.0288318603 0.0484683215
1 0.7301683347 0.1457079121 0.0465030513 0.0957249555
1 0.0698249596 0.6800712082 0.0279018308 0.0521034867
2 0.4818420410 0.8109357174 0.1748514727 0.1320762172
2 0.8078284776 0.7600439387 0.1385790612 0.0908781439
2 0.2567672414 0.7794312673 0.1060269569 0.0860313118
2 0.0967967372 0.7485326918 0.0632441497 0.0436214894
2 0.1335341517 0.1099625122 0.0753349509 0.0702790713
2 0.3000151106 0.1057215340 0.0790551871 0.0617971151
1 0.7641155779 0.2323450266 0.0325521674 0.0727024823
0 0.2751552014 0.6887095722 0.0380258797 0.0365661375
0 0.2335078263 0.6769139943 0.0271613539 0.0294887291
0 0.7672278034 0.6627594035 0.0226344589 0.0625161008
0 0.5250393734 0.1726565765 0.0344042502 0.0401046773
0 0.2394006666 0.6757475082 0.0238472647 0.0283275004
0 0.7717558490 0.6675233494 0.0266528800 0.0356377952
0 0.5325817707 0.1759045217 0.0322639528 0.0246723119
2 0.4873420936 0.7908849703 0.1465905245 0.0886375869
0 0.2758729635 0.6940232453 0.0224444492 0.0264998548
2 0.8047212017 0.7241783091 0.1416808199 0.1361546471
2 0.3049806642 0.1183357727 0.0834654501 0.0849824343
2 0.5245157983 0.1274736720 0.0680348420 0.0996030856
0 0.2385022187 0.6791865681 0.0262491526 0.0248105035
0 0.5223895302 0.1723819799 0.0288606123 0.0415592938
0 0.7651941599 0.6622501337 0.0269692161 0.0329409942
0 0.2526720674 0.2775594473 0.4053205104 0.2624061964
0 0.7552597424 0.2843357256 0.3478585235 0.1499576286
0 0.5915512684 0.6136821269 0.2222764512 0.1228226961
0 0.8469135190 0.5109894702 0.2048340474 0.1036669807
0 0.3497169274 0.5545925587 0.1280253702 0.0888020861
1 0.4650107928 0.6560058799 0.0851221321 0.3091792521
0 0.5225276632 0.1713145219 0.0254858033 0.0391327561
0 0.2358125734 0.6782615939 0.0109224871 0.0237167995
0 0.2685800032 0.6907129506 0.0163837149 0.0201593042
0 0.7637323742 0.6604739943 0.0254857717 0.0332035357
2 0.7837569497 0.6604740148 0.1583759529 0.2419116096
2 0.4865744882 0.7428899588 0.1429024373 0.2241240100
