2 0.647615 0.160853 0.267077 0.194493
0 0.174196 0.597139 0.021054 0.034690
0 0.652776 0.682813 0.014576 0.027332
0 0.548720 0.195049 0.020245 0.048356
0 0.930126 0.240777 0.028342 0.055714
1 0.770599 0.214497 0.021864 0.032588
1 0.879515 0.250764 0.034011 0.035741
0 0.548231 0.197136 0.050876 0.045499
2 0.645206 0.129541 0.251167 0.146793
2 0.527666 0.811007 0.304654 0.111982
2 0.649683 0.172851 0.236026 0.149026
2 0.911884 0.188946 0.060614 0.133527
2 0.569783 0.760609 0.221332 0.134719
2 0.826474 0.743918 0.093676 0.084647
2 0.175334 0.646157 0.047756 0.089415
0 0.670143 0.415405 0.659714 0.538551
1 0.371663 0.622454 0.285646 0.401604
