0 0.3502202547 0.2394957956 0.0208049911 0.0473547932
0 0.3762264935 0.2361133122 0.0286068910 0.0473547687
0 0.3502091265 0.2433938765 0.0153775398 0.0300010362
0 0.3677224441 0.2333935066 0.0111059842 0.0388902376
0 0.0477841275 0.6617417412 0.0529670880 0.0622243605
0 0.8905587968 0.5950727309 0.0145232739 0.0266676041
1 0.6205976413 0.2595055387 0.0862851137 0.1244487701
1 0.8401546973 0.2011701700 0.0606557424 0.0722247305
2 0.5941140796 0.7711899196 0.1546297769 0.3166776209
0 0.8905198671 0.6101341125 0.0256078317 0.0772714891
0 0.3496818401 0.2497557490 0.0194619913 0.0572875044
0 0.3747775499 0.2390976075 0.0163890334 0.0439648153
2 0.5965024290 0.7302340541 0.0725232703 0.1438884674
2 0.8821588806 0.6441258127 0.0823569469 0.1774624153
2 0.8483557023 0.1101396413 0.0467099259 0.1135120269
2 0.6062016434 0.1597012278 0.0442515068 0.0943269024
2 0.3646622930 0.2380405254 0.0749816895 0.1518822943
2 0.3161085716 0.7192675968 0.0295009731 0.1039194677
0 0.7954780569 0.3036225494 0.2871807461 0.1591023142
0 0.1844766850 0.5981485054 0.1858122912 0.1119787087
0 0.4779266244 0.6088650572 0.1633407159 0.1473516728
0 0.7293520858 0.5758422410 0.1555910617 0.0955558850
0 0.5301504430 0.3508274042 0.1187820717 0.0913527020
1 0.6270025039 0.2928801166 0.0664709065 0.1311687703
0 0.7920895872 0.2894776887 0.2027242352 0.1766859097
0 0.3738566848 0.2381034189 0.0337318826 0.0548415107
0 0.3478550103 0.2463296479 0.0407594131 0.0383890526
0 0.5389768839 0.4780131521 0.9220462323 0.5519232796
