2 0.408566 0.804495 0.420767 0.246706
2 0.725661 0.738493 0.070832 0.064002
2 0.890482 0.729604 0.043589 0.081780
2 0.412364 0.799828 0.335091 0.115559
2 0.022105 0.652268 0.034054 0.147560
0 0.119565 0.198564 0.025774 0.064124
0 0.897211 0.649535 0.008860 0.019973
2 0.294969 0.711031 0.589938 0.479353
2 0.740836 0.749799 0.460410 0.163560
0 0.122416 0.200450 0.043589 0.042668
1 0.165901 0.568140 0.222051 0.242912
1 0.601250 0.639691 0.191646 0.234494
1 0.259882 0.297571 0.094901 0.149114
1 0.562092 0.361906 0.192567 0.157532
2 0.521853 0.497464 0.838309 0.323374
