1 0.337086 0.602789 0.060537 0.087251
1 0.338139 0.609711 0.041745 0.069801
2 0.078972 0.507344 0.083021 0.400566
2 0.215987 0.507532 0.065272 0.390473
2 0.396634 0.496705 0.134578 0.384151
2 0.651784 0.483211 0.107103 0.350878
1 0.346713 0.608367 0.015431 0.047500
2 0.393706 0.513367 0.138876 0.173558
1 0.697409 0.519304 0.040681 0.145241
1 0.875914 0.542597 0.035771 0.109616
2 0.657079 0.515650 0.063827 0.221972
0 0.059843 0.610650 0.009820 0.024664
2 0.393442 0.347292 0.140056 0.486459
1 0.746303 0.574223 0.057813 0.105670
1 0.785038 0.362396 0.036192 0.148223
1 0.865749 0.452738 0.029925 0.176919
2 0.219566 0.483859 0.029443 0.406867
2 0.077621 0.468846 0.046756 0.385981
2 0.650966 0.564684 0.048047 0.234663
2 0.393083 0.572229 0.098946 0.193295
2 0.648849 0.609915 0.063475 0.224903
2 0.488443 0.605215 0.872645 0.543602
