2 0.846899 0.811157 0.115412 0.152216
2 0.490864 0.871198 0.448582 0.218176
2 0.282905 0.314764 0.176384 0.265532
2 0.730398 0.288549 0.195982 0.290901
2 0.311756 0.336353 0.231570 0.214495
2 0.764605 0.303713 0.138942 0.181188
2 0.858090 0.838618 0.082336 0.150546
2 0.487578 0.876588 0.343067 0.178524
1 0.430364 0.402676 0.144280 0.113239
0 0.785747 0.309490 0.047081 0.089647
2 0.442514 0.928175 0.460176 0.121496
2 0.851812 0.825552 0.100236 0.168679
0 0.792582 0.314724 0.020302 0.021024
1 0.412257 0.404602 0.152942 0.154528
1 0.810177 0.100276 0.182718 0.130351
2 0.365562 0.840330 0.590112 0.302750
2 0.351449 0.412462 0.126059 0.111085
2 0.761705 0.392651 0.076782 0.090113
2 0.037640 0.807688 0.075280 0.113398
2 0.505943 0.888810 0.248080 0.137771
2 0.858987 0.831970 0.070073 0.126685
1 0.128809 0.476371 0.188677 0.183791
1 0.599382 0.518553 0.311185 0.070925
1 0.901181 0.423332 0.177429 0.233937
1 0.268937 0.752009 0.388380 0.188446
1 0.726437 0.706435 0.214464 0.101301
1 0.899275 0.701030 0.132141 0.123760
1 0.422560 0.391081 0.106792 0.120278
2 0.339919 0.356705 0.250138 0.225455
2 0.764948 0.318090 0.172300 0.190104
2 0.372896 0.909534 0.286501 0.180933
