1 0.522658 0.388316 0.192038 0.184989
1 0.544571 0.412003 0.097445 0.101475
2 0.549084 0.376655 0.100731 0.159697
0 0.288697 0.330139 0.050365 0.107586
1 0.521540 0.370438 0.137288 0.210243
1 0.634600 0.805640 0.201894 0.147170
1 0.438359 0.900250 0.140518 0.159785
2 0.109300 0.296393 0.090743 0.266863
2 0.303810 0.364749 0.108388 0.302955
2 0.613429 0.365842 0.132754 0.285456
1 0.533424 0.364618 0.109052 0.150733
1 0.445063 0.230655 0.261924 0.240505
1 0.549087 0.333077 0.101406 0.234078
0 0.458444 0.238269 0.238322 0.199344
