1 0.7215089484 0.1980603608 0.1017457193 0.1843454513
1 0.7365664428 0.1982181497 0.2058264411 0.2615252425
2 0.0758111253 0.7219532145 0.1446061902 0.1944324822
2 0.5122685216 0.7602920471 0.5235377206 0.2108633824
1 0.7190455027 0.1961006546 0.1110777633 0.1955257849
1 0.7019603058 0.2202861980 0.1411394934 0.2360343288
1 0.7385583170 0.2276488373 0.1519307290 0.2740110141
0 0.7071601863 0.5003699488 0.2087092047 0.1708155162
0 0.4704056877 0.3194070181 0.1474008507 0.1708154917
0 0.2995250221 0.3024945809 0.1474008886 0.2147877929
0 0.1325576502 0.3413931749 0.2074047679 0.3027324323
1 0.5044068786 0.6460305090 0.5957523249 0.4991178920
1 0.3899901493 0.3216211594 0.7076805096 0.2741774591
