1 0.533338 0.740465 0.067207 0.084097
1 0.456819 0.785142 0.038867 0.099865
1 0.342647 0.313672 0.161946 0.203935
1 0.617550 0.261637 0.399196 0.379488
1 0.155211 0.485446 0.032463 0.341065
1 0.122159 0.780067 0.151503 0.115065
1 0.279311 0.803234 0.153640 0.151484
1 0.482869 0.824765 0.229180 0.133412
1 0.716975 0.883943 0.224291 0.118288
1 0.619166 0.695787 0.031800 0.034207
1 0.382026 0.712890 0.031800 0.061337
2 0.223919 0.541562 0.094669 0.140459
1 0.112506 0.763955 0.065044 0.086951
1 0.272219 0.804922 0.052164 0.093639
1 0.344669 0.325021 0.074704 0.163869
1 0.409275 0.773776 0.122638 0.143666
1 0.623339 0.789088 0.105338 0.146057
2 0.833454 0.643649 0.084330 0.220784
2 0.625441 0.640912 0.075897 0.127726
2 0.378776 0.629052 0.068869 0.147798
2 0.234010 0.565189 0.096979 0.166044
2 0.070972 0.535082 0.085735 0.204362
