0 0.7013046208 0.5760530674 0.0208049911 0.0304423636
0 0.6996210615 0.5784054968 0.0170861469 0.0200007889
0 0.8871416580 0.5734053241 0.0145232739 0.0233340739
1 0.4087292231 0.5806277603 0.0196491331 0.0444460068
1 0.7243960160 0.1122782023 0.0649273734 0.0944477155
1 0.3895072984 0.3983992304 0.0444239745 0.0844473394
1 0.8508335863 0.6067398169 0.0187948295 0.0455571018
0 0.7018850961 0.5799162641 0.0310072928 0.0432101431
0 0.6946640863 0.5819602795 0.0308345234 0.0306682525
0 0.8914607818 0.5766523306 0.0362758566 0.0271296854
1 0.4198742314 0.5813704856 0.0616690467 0.0554388114
0 0.6980703611 0.5786394812 0.0118523634 0.0308312910
2 0.8682289076 0.6099154359 0.0944029781 0.1932947091
2 0.3723791474 0.5904644049 0.0953377440 0.2249026774
1 0.3870440319 0.3895319236 0.0301595907 0.0821027602
0 0.6963551148 0.5747192236 0.0133264115 0.0346655646
0 0.8850279479 0.5706140941 0.0161318408 0.0319288444
2 0.6795219355 0.6385769123 0.0568122628 0.1277154266
2 0.8615315629 0.6312788445 0.0519025918 0.1824505183
1 0.8180456739 0.2900963443 0.0224443396 0.0346655646
1 0.4333509297 0.4870340893 0.1839552833 0.2363875165
0 0.6115252633 0.1895207224 0.1673848043 0.1678936581
0 0.2857516823 0.1457719803 0.1655307011 0.1121867447
0 0.4760389293 0.1970080348 0.0763703336 0.1015120749
1 0.7300669667 0.5206994305 0.1385411285 0.1930428655
1 0.8391717597 0.2291496927 0.1609614010 0.1378335861
