1 0.552006 0.701209 0.033227 0.097763
1 0.299965 0.659686 0.023502 0.050458
1 0.439763 0.639713 0.045384 0.069380
1 0.364393 0.672300 0.094009 0.031536
2 0.590169 0.779535 0.062746 0.211139
1 0.547986 0.221662 0.057471 0.237585
1 0.715658 0.244032 0.070505 0.269983
1 0.347728 0.253288 0.084725 0.131134
1 0.125252 0.171908 0.081762 0.107222
1 0.132065 0.763555 0.136863 0.102593
1 0.675665 0.842622 0.046213 0.135763
1 0.834153 0.790125 0.051546 0.128820
2 0.636268 0.262243 0.077221 0.199542
2 0.466928 0.238977 0.065669 0.176669
