2 0.1322038903 0.2386501711 0.1433712510 0.2046403450
1 0.6876842404 0.1771788099 0.0567089743 0.0819946985
1 0.3065182631 0.8814920216 0.1790386389 0.2144476760
0 0.0750006782 0.3186755142 0.1068679833 0.3324536689
0 0.3038077709 0.3462318441 0.2959421016 0.2133392661
0 0.5744029747 0.3080085468 0.2288070868 0.1297813804
0 0.8025250080 0.2164504586 0.2329174073 0.1457818264
0 0.2085856564 0.6324620183 0.1794834058 0.1493374413
0 0.3962896836 0.6466846210 0.1931844349 0.1884496449
0 0.6305772135 0.5693491713 0.2644297702 0.2648962190
0 0.8833610598 0.4440123223 0.2329173443 0.2453401172
