1 0.365124 0.360163 0.192105 0.199160
2 0.892642 0.279767 0.135253 0.225430
2 0.402706 0.446068 0.120120 0.242676
2 0.685980 0.319186 0.130524 0.287023
2 0.387547 0.306787 0.093292 0.433264
2 0.688906 0.304389 0.077335 0.230222
2 0.887766 0.228448 0.114160 0.337339
2 0.071020 0.397917 0.142040 0.247808
2 0.209304 0.683625 0.266109 0.573929
0 0.889869 0.114961 0.057164 0.115590
2 0.573615 0.358113 0.089875 0.119622
1 0.533200 0.170482 0.211459 0.145137
2 0.064062 0.445797 0.124143 0.290550
2 0.400556 0.422699 0.102675 0.334315
2 0.677778 0.371640 0.098941 0.222471
0 0.826190 0.128502 0.322959 0.207883
0 0.223208 0.217855 0.334160 0.282040
1 0.344761 0.323659 0.087169 0.135607
1 0.355254 0.456112 0.037128 0.047305
1 0.519907 0.346786 0.159811 0.139811
2 0.488026 0.433511 0.551266 0.542426
