2 0.8962198683 0.7595528838 0.0779928412 0.2249352650
0 0.7029299460 0.7289018118 0.0185831243 0.0315363894
0 0.7235329053 0.7409907515 0.0145432023 0.0346901186
0 0.4088333382 0.7720015331 0.0347421820 0.0399461972
0 0.1123128804 0.6826483819 0.0201989402 0.0378437247
0 0.9634963422 0.1354916019 0.0145432023 0.0388949097
0 0.9420854553 0.1375940282 0.0121193878 0.0367924885
0 0.7881694825 0.1922571428 0.0242387756 0.0262803314
1 0.5425503471 0.2348313075 0.0646365773 0.0840970932
1 0.9037074570 0.5675404661 0.0274704862 0.0620216041
0 0.7235934990 0.7413567164 0.0183481894 0.0259425666
0 0.6980877711 0.7295549454 0.0263470106 0.0311960200
0 0.9258465097 0.7279601148 0.0234915993 0.0337228262
