2 0.505434 0.804062 0.958301 0.222873
2 0.788048 0.735384 0.152056 0.218497
2 0.233400 0.169157 0.063272 0.138559
2 0.061954 0.189808 0.057149 0.137227
0 0.745896 0.722327 0.033430 0.049541
2 0.061487 0.192119 0.036140 0.126212
2 0.239478 0.180913 0.065053 0.115596
2 0.470777 0.725865 0.086737 0.186369
2 0.781585 0.706993 0.137334 0.191087
0 0.748142 0.724697 0.018520 0.048356
1 0.193354 0.259009 0.041066 0.107224
1 0.606426 0.374117 0.066832 0.087251
0 0.042550 0.223104 0.025093 0.033554
0 0.745490 0.716896 0.037434 0.043604
2 0.784631 0.747824 0.147076 0.144798
2 0.475269 0.775758 0.098251 0.085226
2 0.485096 0.164198 0.057583 0.100781
