1 0.748386 0.575063 0.035522 0.074636
1 0.360868 0.345373 0.035522 0.067278
1 0.201825 0.320144 0.043596 0.056766
1 0.288467 0.417621 0.170870 0.139888
1 0.470081 0.436273 0.153476 0.067946
1 0.617418 0.572831 0.235330 0.061284
1 0.369809 0.581490 0.169847 0.089262
1 0.164151 0.576161 0.087993 0.091926
0 0.765267 0.699396 0.023533 0.058620
0 0.197916 0.318368 0.018417 0.053291
1 0.160117 0.392915 0.086829 0.080236
1 0.592394 0.926603 0.118573 0.099687
1 0.222811 0.602176 0.112367 0.201492
1 0.531979 0.625586 0.177218 0.126246
1 0.194574 0.604017 0.195247 0.128004
1 0.382312 0.588905 0.169305 0.083558
1 0.290833 0.374677 0.174767 0.209784
2 0.603501 0.575572 0.262150 0.053335
