1 0.8938380704 0.7637810162 0.0497514328 0.1217694789
2 0.8571791696 0.6927488039 0.1047398029 0.3822208347
2 0.8957425863 0.7410459816 0.0763412325 0.1364556792
1 0.9320977466 0.6778953302 0.0850753784 0.2476127496
2 0.6256299349 0.5094626447 0.1464681720 0.0930127968
2 0.6327719736 0.7088429598 0.1081034594 0.2680176659
2 0.8568221366 0.7125496868 0.0814123626 0.3023770437
2 0.3573685637 0.5971161059 0.0505233236 0.0617718716
2 0.0861587123 0.6116867004 0.1476882755 0.2733296273
1 0.2823796036 0.7009078040 0.1981178510 0.1733140343
1 0.4888218417 0.6668073256 0.1790541847 0.1912200708
1 0.7491268498 0.6780005683 0.1055675544 0.2421214396
1 0.9495109331 0.7262498107 0.0830239778 0.1102643276
