2 0.302929 0.751693 0.074606 0.187349
2 0.797014 0.235564 0.125281 0.319596
1 0.231455 0.330130 0.066062 0.137709
1 0.333770 0.285979 0.025780 0.120890
0 0.183520 0.279146 0.028197 0.067278
1 0.148475 0.251814 0.072507 0.096712
1 0.187951 0.722234 0.045115 0.064124
1 0.281807 0.785307 0.078146 0.108275
1 0.777269 0.704363 0.052366 0.074636
1 0.819564 0.191895 0.075729 0.092507
2 0.542197 0.171652 0.082355 0.142178
2 0.365450 0.184878 0.076020 0.145485
0 0.705857 0.296267 0.381056 0.378080
0 0.254459 0.693798 0.149069 0.283256
0 0.656944 0.648818 0.290684 0.258942
0 0.940174 0.598974 0.286957 0.251648
0 0.417503 0.409934 0.081988 0.131295
0 0.665391 0.645831 0.260108 0.127964
0 0.918523 0.589350 0.265009 0.195899
1 0.463565 0.666633 0.170849 0.161672
0 0.228917 0.675504 0.165380 0.234448
1 0.174330 0.358260 0.182856 0.175542
0 0.426947 0.414224 0.099461 0.073461
0 0.673638 0.303896 0.272623 0.293782
1 0.870428 0.313277 0.099037 0.235210
