1 0.277801 0.308942 0.046085 0.055714
2 0.626669 0.720492 0.578887 0.470944
2 0.145207 0.728902 0.277316 0.351105
1 0.223632 0.241139 0.021830 0.058868
2 0.465571 0.696035 0.137716 0.315428
2 0.239845 0.712637 0.078434 0.234792
2 0.059719 0.682399 0.057458 0.318985
2 0.227346 0.825538 0.075698 0.155555
2 0.478022 0.772800 0.129875 0.120400
2 0.472018 0.702965 0.074365 0.261354
2 0.242840 0.239443 0.036957 0.262526
2 0.232699 0.701500 0.062647 0.264284
2 0.049942 0.689487 0.040563 0.244946
2 0.058564 0.763918 0.074313 0.170430
2 0.233510 0.769957 0.075345 0.187876
2 0.476059 0.751169 0.147594 0.206664
2 0.787246 0.580739 0.138305 0.179824
2 0.062693 0.164727 0.053671 0.155669
2 0.245895 0.179489 0.065024 0.104674
2 0.601967 0.111138 0.419473 0.143737
2 0.480935 0.772401 0.167813 0.282318
2 0.241881 0.775221 0.087791 0.266763
2 0.058163 0.749761 0.052130 0.249492
2 0.801521 0.658808 0.160397 0.233841
2 0.253705 0.145953 0.046392 0.226750
2 0.070565 0.165083 0.027827 0.164938
1 0.877981 0.142371 0.090283 0.122682
0 0.573064 0.482387 0.178432 0.090781
