1 0.8458864569 0.7367858887 0.0502619416 0.0998653115
1 0.6164650808 0.6547912010 0.1021452215 0.0452021864
2 0.9353340635 0.1631288658 0.1015511762 0.1784204393
2 0.7137904123 0.8587296523 0.0573857295 0.0533735066
2 0.5749346958 0.2328227761 0.0612779758 0.0621732147
2 0.7527637942 0.2376729358 0.0572940069 0.0752508046
0 0.2547008677 0.6426254309 0.1982808582 0.1199800909
0 0.5603118123 0.6370125215 0.2171551215 0.0846560064
0 0.4394037533 0.4380355015 0.2233856522 0.0865846831
1 0.2876279757 0.3703463997 0.0967738824 0.2587225944
1 0.4614054787 0.5573176282 0.7205670793 0.3607598911
