0 0.928529 0.774774 0.023459 0.032134
2 0.647412 0.805485 0.137988 0.100797
2 0.340823 0.718325 0.071279 0.066407
2 0.452767 0.149713 0.039295 0.096053
1 0.247612 0.529183 0.040208 0.032018
1 0.168820 0.180826 0.245428 0.361652
0 0.925015 0.775176 0.032706 0.048539
0 0.627587 0.764707 0.033578 0.033516
0 0.510848 0.600674 0.158658 0.147596
0 0.809287 0.629386 0.288532 0.217154
0 0.723044 0.287515 0.508173 0.193174
1 0.342931 0.632909 0.089650 0.152192
0 0.923001 0.775681 0.007291 0.019973
2 0.765440 0.750452 0.393699 0.318518
