2 0.7564810189 0.3900163780 0.0860095436 0.1251519329
0 0.4624681734 0.2922844481 0.0196923702 0.0366679651
1 0.5236856465 0.2500607588 0.1130168590 0.1544497904
1 0.7561407676 0.4028438617 0.1857928451 0.3666794059
1 0.6063078178 0.8273030517 0.2080538018 0.2177853089
0 0.4568316477 0.2962878795 0.0224444722 0.0282178913
0 0.0703657579 0.4018774103 0.0210416927 0.0191153431
0 0.4368420347 0.3709287586 0.0105208523 0.0373203986
0 0.7654432509 0.3326980826 0.0224445353 0.0100127744
1 0.5269706628 0.2307495639 0.0995973888 0.1665766183
1 0.3951093334 0.1693073582 0.0645278812 0.0746408587
1 0.7756133797 0.1210638669 0.0455903282 0.0418717137
