0 0.340281 0.272666 0.011113 0.028890
0 0.349257 0.748793 0.013678 0.030001
1 0.586054 0.230442 0.027356 0.037779
1 0.602296 0.337668 0.017097 0.023334
1 0.622813 0.353780 0.023936 0.084447
1 0.315917 0.304333 0.032485 0.045557
1 0.567674 0.744349 0.064115 0.105559
2 0.180326 0.194311 0.029351 0.063187
2 0.355057 0.221732 0.026599 0.053649
2 0.609128 0.239019 0.037606 0.057226
2 0.139510 0.692653 0.039441 0.094184
2 0.324789 0.717093 0.050447 0.102530
2 0.616007 0.736169 0.036689 0.090608
2 0.936118 0.683712 0.089888 0.104914
1 0.600735 0.634280 0.222040 0.218861
