2 0.431723 0.777311 0.110150 0.216479
2 0.154403 0.708816 0.084233 0.235083
2 0.103216 0.199752 0.098487 0.170816
1 0.487245 0.783204 0.091019 0.055714
1 0.402267 0.744309 0.059605 0.097763
1 0.295139 0.764807 0.183648 0.100917
2 0.266544 0.790036 0.477647 0.359515
1 0.440490 0.750636 0.026211 0.035386
1 0.060437 0.224557 0.027114 0.040105
2 0.154434 0.731173 0.101227 0.201703
2 0.434163 0.801946 0.071401 0.180471
2 0.108339 0.203325 0.126533 0.127391
0 0.297469 0.670711 0.210478 0.233765
0 0.157839 0.370848 0.165689 0.226310
2 0.074915 0.306675 0.066705 0.299059
2 0.163244 0.680117 0.086366 0.310689
1 0.136045 0.555093 0.108308 0.118245
1 0.158538 0.397362 0.172586 0.238252
0 0.580368 0.651198 0.261329 0.151130
2 0.155622 0.719109 0.073079 0.260729
1 0.293235 0.632711 0.227461 0.173969
2 0.437021 0.812513 0.065023 0.215940
