1 0.6545536191 0.7942420112 0.0723796193 0.1681945801
1 0.7262504474 0.7826785994 0.0491635492 0.0904046706
1 0.6135839785 0.6418156377 0.0423352961 0.0420487015
1 0.5698830269 0.6917483860 0.0641857352 0.0914557563
1 0.3452330148 0.4988502220 0.1748036841 0.1829116256
1 0.8259432257 0.3595640677 0.1556845315 0.1103776908
2 0.7985866274 0.6831811599 0.0778583444 0.1726032775
0 0.6343055854 0.5860918210 0.1074444879 0.1078770014
1 0.4606815635 0.6268453904 0.1775169587 0.1606169147
1 0.6552032006 0.7689440315 0.1065995890 0.1184173961
0 0.7337068926 0.7324555574 0.4230293329 0.1962164231
