1 0.526463 0.228181 0.119815 0.179610
1 0.533350 0.214673 0.105622 0.081780
1 0.289870 0.199561 0.041152 0.048001
0 0.310438 0.617223 0.448574 0.139643
0 0.684920 0.582094 0.307510 0.141692
0 0.886434 0.450492 0.149315 0.114054
0 0.422766 0.345896 0.514990 0.174017
0 0.739897 0.262808 0.138172 0.291549
1 0.575294 0.755335 0.126245 0.100484
1 0.051476 0.650425 0.090768 0.191519
2 0.564983 0.716064 0.048774 0.147112
2 0.847068 0.619282 0.088617 0.165708
2 0.263481 0.730009 0.051681 0.184022
2 0.063964 0.206900 0.070092 0.184323
2 0.260308 0.214937 0.043704 0.161037
1 0.527273 0.250532 0.034638 0.036274
1 0.956600 0.380962 0.037473 0.024578
