0 0.295109 0.268390 0.052520 0.029646
0 0.718359 0.778896 0.049431 0.030832
0 0.680440 0.210615 0.034738 0.017778
0 0.285297 0.269506 0.046317 0.020001
0 0.723138 0.785635 0.036185 0.021112
0 0.775969 0.783968 0.040528 0.026668
0 0.739060 0.209504 0.082502 0.017778
0 0.279508 0.096722 0.037633 0.012223
0 0.282596 0.272704 0.054065 0.026088
0 0.723609 0.783209 0.046341 0.022531
1 0.776901 0.179022 0.032439 0.028460
0 0.292672 0.272654 0.071869 0.021812
0 0.279301 0.250200 0.048470 0.017963
0 0.722214 0.789735 0.031756 0.024378
0 0.787397 0.786528 0.038441 0.023095
0 0.683772 0.212350 0.041784 0.026945
2 0.836702 0.195670 0.043456 0.039775
2 0.235010 0.266881 0.063512 0.046191
2 0.206597 0.089816 0.060169 0.028228
