1 0.3489337462 0.1260635263 0.1043073725 0.1093262295
2 0.3719117730 0.6321042782 0.0884386118 0.1845736050
2 0.6501033672 0.6525637523 0.0780254696 0.1356016379
0 0.6037644192 0.5425762400 0.3935629817 0.1588585841
0 0.4391692862 0.2377319027 0.2770744102 0.2183054887
0 0.2609769338 0.4158192877 0.2162945854 0.1191200056
2 0.2315923485 0.0547025474 0.2049834936 0.1035886685
0 0.0664138210 0.5951647151 0.0836108730 0.2670524736
2 0.5641043889 0.1218925471 0.0641506084 0.0692862821
2 0.7294157036 0.0968725265 0.0552682204 0.0603047510
2 0.8325501438 0.6684844004 0.0266472274 0.0461908959
