0 0.677536 0.551530 0.036337 0.038899
0 0.950061 0.297844 0.033741 0.055811
0 0.454155 0.657058 0.010486 0.038895
0 0.949826 0.304376 0.019359 0.035741
1 0.087141 0.722759 0.033072 0.037844
1 0.621933 0.593459 0.039525 0.031536
1 0.428343 0.649174 0.049204 0.075687
1 0.590878 0.138284 0.611421 0.273316
2 0.890135 0.284928 0.198430 0.398410
2 0.285923 0.626107 0.156271 0.177417
2 0.445437 0.605666 0.073123 0.127278
2 0.631783 0.564011 0.135631 0.153505
2 0.894200 0.391994 0.163937 0.133449
0 0.672320 0.548255 0.029230 0.056054
0 0.448949 0.652797 0.054052 0.054460
0 0.944210 0.301389 0.020545 0.057014
