0 0.610088 0.273321 0.035254 0.050737
0 0.606086 0.273395 0.022304 0.041113
0 0.316988 0.287284 0.020589 0.024445
0 0.156139 0.296729 0.014584 0.036668
1 0.342723 0.561738 0.111522 0.237786
2 0.636718 0.280261 0.143072 0.242397
2 0.345457 0.350185 0.103617 0.208164
2 0.181256 0.340407 0.101334 0.212086
2 0.337021 0.372156 0.108420 0.117027
2 0.163453 0.353062 0.094154 0.140432
1 0.223577 0.126383 0.127787 0.037209
1 0.745127 0.097514 0.069342 0.033360
1 0.819422 0.134723 0.049530 0.046191
2 0.163645 0.370810 0.045568 0.064154
2 0.332047 0.359904 0.055473 0.065437
0 0.611891 0.284202 0.028727 0.032077
2 0.634180 0.338091 0.077267 0.055172
0 0.611363 0.299663 0.175905 0.194162
0 0.267200 0.316503 0.200379 0.144631
2 0.245786 0.524533 0.169787 0.223880
1 0.638142 0.332318 0.281330 0.397755
2 0.506995 0.371640 0.799662 0.258942
