2 0.429425 0.720478 0.094785 0.218103
2 0.241045 0.683315 0.084613 0.192394
2 0.740836 0.766622 0.147876 0.214676
1 0.159638 0.491035 0.154419 0.148758
1 0.566271 0.593923 0.079822 0.119992
1 0.532062 0.212580 0.059550 0.123279
1 0.746821 0.249563 0.040545 0.078899
1 0.778497 0.256960 0.043079 0.090405
1 0.462375 0.699122 0.054482 0.126567
1 0.690439 0.716381 0.034209 0.092048
1 0.264721 0.656385 0.041812 0.073968
0 0.554604 0.585798 0.092734 0.111338
1 0.670459 0.340294 0.183817 0.166471
1 0.270656 0.294090 0.190346 0.116128
2 0.423136 0.656113 0.121959 0.320293
