0 0.469367 0.690077 0.011115 0.036668
1 0.519812 0.657853 0.053865 0.087781
1 0.469367 0.196724 0.023085 0.041113
1 0.710049 0.671743 0.044460 0.062225
2 0.641649 0.710633 0.377909 0.311123
2 0.500000 0.716631 0.100077 0.202894
2 0.766205 0.703625 0.160124 0.176882
2 0.453964 0.165176 0.144111 0.140465
2 0.299846 0.183385 0.100077 0.156072
2 0.133717 0.211998 0.088068 0.150870
2 0.323864 0.701024 0.108083 0.171679
2 0.692148 0.172980 0.132102 0.166477
2 0.171747 0.682816 0.084065 0.156072
0 0.514097 0.691130 0.050615 0.074669
2 0.459652 0.200461 0.090225 0.138332
2 0.299376 0.174407 0.135801 0.160206
2 0.140344 0.181625 0.099022 0.138235
2 0.750211 0.708574 0.106403 0.118283
0 0.516247 0.690360 0.030760 0.041256
