2 0.126291 0.072607 0.141008 0.048404
2 0.189224 0.220348 0.213878 0.099699
2 0.209570 0.403852 0.218610 0.109813
2 0.227078 0.647318 0.268767 0.102588
2 0.857828 0.795060 0.260249 0.078747
2 0.812876 0.505356 0.289587 0.094641
2 0.765558 0.223961 0.274445 0.125707
2 0.719659 0.062492 0.277284 0.084527
2 0.176448 0.871279 0.292426 0.059241
0 0.638874 0.320564 0.307027 0.403965
0 0.651193 0.659275 0.139783 0.210431
0 0.361386 0.421865 0.218525 0.393249
0 0.431269 0.805918 0.128602 0.193002
2 0.156139 0.229108 0.161533 0.401602
0 0.636879 0.350649 0.266751 0.363008
0 0.373994 0.434761 0.189432 0.368910
0 0.629147 0.665698 0.108247 0.193309
0 0.438749 0.803671 0.079252 0.224297
