2 0.247683 0.527007 0.119161 0.165742
1 0.629953 0.171758 0.712988 0.309057
2 0.240511 0.536103 0.213424 0.099663
2 0.628246 0.654295 0.162827 0.126796
0 0.728828 0.752216 0.319033 0.175677
2 0.226991 0.497104 0.065295 0.090474
0 0.168889 0.559077 0.022030 0.051808
0 0.597821 0.650464 0.021747 0.071824
2 0.213852 0.525704 0.129445 0.090425
0 0.592102 0.651918 0.021117 0.049805
0 0.165620 0.570687 0.034890 0.058106
2 0.229432 0.514953 0.127623 0.152974
0 0.595895 0.649885 0.037013 0.064512
0 0.171955 0.564344 0.026979 0.057393
