2 0.849197 0.743545 0.047287 0.044908
2 0.608328 0.758942 0.040391 0.078268
2 0.323620 0.769848 0.052213 0.046191
2 0.577296 0.228388 0.059109 0.071852
2 0.757086 0.249559 0.028569 0.075702
2 0.913725 0.259824 0.030540 0.088532
1 0.831053 0.627460 0.050849 0.108275
1 0.347990 0.699468 0.024214 0.033639
2 0.629272 0.771476 0.478624 0.318518
1 0.615509 0.646599 0.147552 0.199734
1 0.357147 0.631297 0.162307 0.152998
1 0.225640 0.403263 0.109133 0.158560
1 0.587995 0.374858 0.097124 0.176983
1 0.742084 0.363962 0.076448 0.123166
2 0.322751 0.263518 0.061967 0.093795
2 0.576418 0.268633 0.093917 0.158146
2 0.757455 0.272369 0.032717 0.144065
2 0.914170 0.319055 0.078338 0.197396
2 0.855298 0.704815 0.052853 0.125417
2 0.601398 0.727209 0.053318 0.130685
2 0.327574 0.717243 0.049841 0.131062
1 0.229221 0.375974 0.096707 0.095638
1 0.676869 0.635176 0.112248 0.102328
1 0.384493 0.635690 0.094764 0.112981
1 0.453599 0.401801 0.162155 0.127072
2 0.607772 0.498072 0.433102 0.409687
