1 0.234549 0.256940 0.095025 0.148221
1 0.101757 0.324217 0.086091 0.120890
1 0.172510 0.567806 0.107538 0.082568
1 0.110083 0.314792 0.033719 0.062516
1 0.239948 0.229865 0.034631 0.064875
2 0.100514 0.272918 0.061971 0.221755
2 0.423127 0.245199 0.072907 0.239449
0 0.384114 0.346785 0.557420 0.282414
0 0.345651 0.624633 0.194228 0.185730
2 0.098321 0.300462 0.075581 0.320273
1 0.165383 0.593579 0.139144 0.078073
2 0.418147 0.215750 0.101790 0.104574
2 0.106706 0.274484 0.006226 0.191958
2 0.259391 0.271261 0.066926 0.182647
1 0.824840 0.532697 0.167471 0.052287
2 0.405125 0.454527 0.567972 0.560502
