1 0.409126 0.513477 0.084761 0.196184
0 0.840103 0.512631 0.010432 0.049046
0 0.568868 0.414539 0.033904 0.042281
0 0.171796 0.200597 0.019560 0.047355
1 0.218327 0.266721 0.177397 0.174785
1 0.414976 0.540492 0.136142 0.247910
1 0.549742 0.772350 0.196649 0.237209
1 0.778708 0.904331 0.396048 0.183703
1 0.228088 0.307547 0.096385 0.123094
0 0.170060 0.203827 0.024003 0.034260
2 0.567915 0.508564 0.085845 0.103587
2 0.139011 0.297351 0.073086 0.066618
2 0.803425 0.585882 0.057631 0.100201
1 0.328226 0.348147 0.017255 0.077440
