1 0.4669728856 0.7451956086 0.0509529279 0.0767386019
1 0.1851143219 0.7394138923 0.0339685997 0.0378437150
1 0.1345657992 0.3935645977 0.0412476097 0.0925068206
1 0.1454842669 0.3504648262 0.0355861638 0.0252291105
1 0.6327720495 0.4114352341 0.0234545278 0.0588679902
1 0.8458846412 0.6574192339 0.0323510545 0.0630728255
0 0.3049602000 0.6909193459 0.2316557192 0.2069699689
0 0.5523511552 0.6981441673 0.2341896998 0.2394817884
0 0.7622226968 0.7235904912 0.0974360240 0.2814495323
2 0.8636086754 0.1409295026 0.0511450392 0.1136079369
2 0.5121226396 0.6068762227 0.8838774746 0.2917656049
0 0.7684737488 0.3431458577 0.0785184554 0.2419508105
