2 0.1607068768 0.1294336415 0.0810420889 0.1291085699
2 0.3595509537 0.1409282800 0.1149004025 0.1251407416
2 0.2743888496 0.7241085506 0.0999073516 0.1246648600
2 0.4572769694 0.7226139476 0.1028553844 0.1442225080
2 0.7565369505 0.6674329810 0.1089321241 0.1684182131
1 0.7306268794 0.5576943730 0.0287367282 0.0442627445
2 0.5562436518 0.4126627085 0.8156927891 0.4035408425
1 0.4901233561 0.3613068713 0.1666885589 0.1337258958
1 0.7991526880 0.4846994004 0.1966550208 0.1130591624
2 0.4709260628 0.7199353896 0.1133107098 0.1288630868
2 0.2536691507 0.7059549776 0.0833442795 0.1398044071
2 0.4667511855 0.7509527879 0.0958396568 0.1010124048
2 0.2750718797 0.7460253365 0.0920440311 0.1108673075
2 0.7732482689 0.7010624913 0.1129199648 0.0776070825
1 0.1436481959 0.5372252557 0.1594164434 0.1244176861
0 0.1493416365 0.1319436611 0.0398541099 0.0480424972
2 0.1835022999 0.1362551708 0.1138688831 0.1921700195
2 0.3927363807 0.1159294902 0.1451828390 0.1786195385
