2 0.287704 0.790354 0.109146 0.118109
2 0.486192 0.806980 0.058974 0.098615
2 0.753336 0.771433 0.084500 0.130722
0 0.623065 0.327092 0.061615 0.086001
0 0.092737 0.600577 0.050172 0.112375
2 0.188325 0.765580 0.189873 0.096848
1 0.298407 0.582257 0.023401 0.026280
1 0.655876 0.642702 0.078272 0.035741
1 0.178484 0.666759 0.113520 0.152834
0 0.492129 0.357424 0.208341 0.165651
0 0.533699 0.217258 0.088031 0.107036
0 0.799261 0.352965 0.310066 0.228089
0 0.530765 0.645403 0.592744 0.142715
0 0.321446 0.820611 0.103681 0.080277
2 0.484304 0.690001 0.953672 0.336400
2 0.527831 0.108948 0.858794 0.145263
1 0.124843 0.131247 0.123244 0.143989
2 0.417722 0.688372 0.279715 0.401604
0 0.571819 0.621465 0.359275 0.260158
