1 0.101418 0.369721 0.103685 0.128534
1 0.569068 0.580319 0.058737 0.057817
1 0.095504 0.370602 0.103605 0.126146
1 0.428957 0.618327 0.102087 0.185139
1 0.751876 0.358418 0.169164 0.148449
1 0.685159 0.607185 0.107404 0.175916
0 0.559679 0.263520 0.687344 0.201909
2 0.191021 0.236326 0.104197 0.213905
2 0.090026 0.698286 0.112677 0.221813
2 0.272996 0.708364 0.098332 0.242691
2 0.454426 0.715087 0.094611 0.258591
2 0.708429 0.696668 0.096954 0.181995
2 0.749356 0.214097 0.049941 0.206929
2 0.519266 0.218328 0.064382 0.178854
2 0.352042 0.199329 0.087901 0.169847
