0 0.8052998861 0.3406194645 0.0187263395 0.0422237129
2 0.7691241229 0.4328448767 0.2357810692 0.3889023921
1 0.4473722105 0.3695093565 0.0842683769 0.1622278796
1 0.6095249317 0.4656238049 0.0629884696 0.1122261435
1 0.8061511381 0.8650821068 0.2877040533 0.2266744388
1 0.2562788045 0.6928539414 0.4681575422 0.5889093613
0 0.7531569493 0.3476320032 0.0289972753 0.0826886690
0 0.8189812554 0.3464120255 0.0387047285 0.0878609435
0 0.7161672710 0.2172580219 0.5505379382 0.4179509176
0 0.4084116053 0.6525363476 0.1662240864 0.4077640260
