0 0.438357 0.250238 0.018454 0.019973
0 0.415892 0.248661 0.012035 0.016819
0 0.658601 0.258122 0.011233 0.029434
0 0.689491 0.261276 0.023268 0.035741
0 0.660607 0.737476 0.012035 0.033639
0 0.691898 0.700683 0.015245 0.021024
0 0.358925 0.723810 0.012035 0.039946
0 0.382996 0.748513 0.021663 0.013666
1 0.392223 0.743783 0.028884 0.058868
1 0.653386 0.685966 0.037710 0.039946
0 0.654093 0.257881 0.020817 0.032018
0 0.440942 0.253730 0.018102 0.033204
0 0.411979 0.246022 0.023533 0.039133
0 0.689845 0.259067 0.014482 0.027274
0 0.358578 0.721545 0.018102 0.024903
0 0.663144 0.735775 0.015387 0.039133
0 0.692560 0.701978 0.025343 0.028460
2 0.258565 0.216376 0.085984 0.193292
2 0.439585 0.236536 0.066072 0.188549
2 0.682604 0.250173 0.070598 0.199221
2 0.375323 0.747040 0.055211 0.170761
2 0.694370 0.723324 0.103181 0.161274
1 0.648109 0.689625 0.030188 0.090217
