0 0.684330 0.751667 0.021050 0.038895
0 0.706190 0.737476 0.016193 0.042049
0 0.422415 0.738001 0.015383 0.028383
0 0.399745 0.736425 0.012144 0.035741
0 0.399340 0.784255 0.016193 0.047305
0 0.203005 0.745360 0.010525 0.026280
0 0.957985 0.692274 0.008096 0.023127
0 0.495686 0.241303 0.011335 0.023127
0 0.151593 0.201882 0.009716 0.024178
0 0.760031 0.233419 0.008906 0.017871
1 0.935316 0.618163 0.061532 0.097763
1 0.128519 0.621842 0.080153 0.105121
0 0.679922 0.765362 0.060966 0.080995
0 0.390779 0.769605 0.027227 0.112621
0 0.197820 0.748006 0.040249 0.058625
2 0.324782 0.178343 0.092928 0.162761
2 0.196932 0.184514 0.081090 0.202873
2 0.519813 0.239282 0.078131 0.196702
2 0.770778 0.224626 0.151526 0.232185
0 0.687527 0.753896 0.033121 0.046431
0 0.400145 0.757815 0.018516 0.078609
2 0.521023 0.481660 0.880129 0.318511
2 0.413348 0.801387 0.119847 0.201805
2 0.478421 0.450660 0.903537 0.443727
1 0.398369 0.389575 0.089927 0.138573
1 0.540942 0.500828 0.785815 0.467051
