1 0.3037280587 0.6416838690 0.0978013314 0.1187871523
1 0.5013513577 0.6863604722 0.0549627254 0.0798922653
1 0.5122630936 0.3526001100 0.0719365116 0.0725337420
1 0.3485873292 0.3179100584 0.0678951259 0.0788410196
2 0.4925938716 0.7519422803 0.1235371983 0.1792716642
2 0.2927998823 0.7298312253 0.0966478085 0.1980315400
2 0.0940336183 0.7227163261 0.0875300912 0.2122613383
2 0.2089168733 0.2080714728 0.0966478085 0.1861733706
2 0.3730357949 0.2632119965 0.0656475838 0.1683861105
2 0.7869801953 0.2602474511 0.0565298995 0.1624570196
2 0.5426253611 0.2964148756 0.0547062946 0.1755010096
0 0.2807668428 0.3655617934 0.1944260532 0.2686674870
0 0.4541611985 0.3752872857 0.1411458031 0.1665495228
0 0.7163559584 0.4044638733 0.2879001471 0.0936081092
0 0.9184687542 0.3424636878 0.1630624915 0.1908633765
0 0.6836399991 0.6111311501 0.3458540112 0.1811377858
0 0.9268813955 0.5612879038 0.1462372091 0.1422357183
2 0.1950037837 0.2343942118 0.0857014237 0.2218276154
2 0.3613653644 0.2660838641 0.0890622618 0.2436825539
2 0.8101804750 0.7479261080 0.0617178878 0.1456291451
