0 0.452338 0.090666 0.019483 0.043972
0 0.452096 0.094133 0.016147 0.035741
0 0.593793 0.730627 0.027436 0.030796
2 0.469386 0.885841 0.128665 0.089926
2 0.644408 0.797147 0.107851 0.082535
2 0.265510 0.095604 0.105013 0.105940
2 0.109409 0.174443 0.093660 0.206952
2 0.446207 0.083901 0.101229 0.151519
2 0.895587 0.595123 0.131503 0.161373
2 0.099700 0.177857 0.080309 0.201886
2 0.266582 0.124562 0.127198 0.221035
2 0.428296 0.060009 0.102224 0.106762
2 0.296160 0.918747 0.130163 0.111877
2 0.473304 0.821434 0.167408 0.173086
2 0.631595 0.720311 0.155670 0.148808
2 0.894158 0.531556 0.168725 0.165117
2 0.478166 0.474948 0.791706 0.559093
1 0.727424 0.673370 0.292162 0.352242
2 0.635558 0.784400 0.114142 0.057798
2 0.470686 0.868149 0.110518 0.079030
2 0.312608 0.958384 0.071565 0.047182
2 0.270937 0.092005 0.095118 0.071953
2 0.105160 0.142136 0.058883 0.094364
2 0.450304 0.046592 0.080624 0.042464
