0 0.715518 0.543919 0.063578 0.033825
0 0.718807 0.256408 0.039462 0.033825
0 0.695787 0.854262 0.046039 0.052429
0 0.169623 0.578590 0.037270 0.035516
0 0.723034 0.545104 0.040881 0.023127
0 0.694417 0.857841 0.065409 0.043100
0 0.715539 0.252340 0.034067 0.028383
0 0.165013 0.576640 0.039518 0.018922
0 0.721190 0.548353 0.058105 0.038926
0 0.720426 0.259358 0.068808 0.046003
0 0.690609 0.851503 0.076454 0.046003
0 0.163843 0.577842 0.084099 0.043644
2 0.727820 0.554076 0.212541 0.076672
2 0.722468 0.258004 0.211012 0.090827
2 0.154417 0.323470 0.160553 0.099084
0 0.676000 0.860136 0.135228 0.060100
0 0.727176 0.562075 0.146017 0.115117
0 0.149498 0.576370 0.074777 0.038503
0 0.698213 0.855024 0.057615 0.051557
0 0.759284 0.538571 0.142885 0.062224
0 0.712040 0.251451 0.066833 0.039112
0 0.161243 0.572349 0.062224 0.051557
1 0.645207 0.206117 0.140580 0.065780
2 0.860341 0.599358 0.226202 0.583801
