1 0.709163 0.641815 0.039269 0.042049
1 0.456365 0.647597 0.029452 0.036793
1 0.932711 0.339591 0.134577 0.282776
2 0.381098 0.763230 0.238890 0.394205
1 0.273925 0.569807 0.148897 0.141914
1 0.278278 0.598542 0.160190 0.204460
2 0.422167 0.743346 0.131408 0.139437
2 0.839445 0.175502 0.121684 0.170703
1 0.294078 0.575697 0.099601 0.116114
1 0.930602 0.353215 0.132582 0.216972
1 0.289461 0.365929 0.065301 0.081365
1 0.962828 0.514673 0.074345 0.092383
2 0.828033 0.163365 0.091026 0.094925
2 0.660162 0.147685 0.048152 0.033054
2 0.707324 0.803687 0.044854 0.046615
2 0.881131 0.787160 0.042875 0.050853
2 0.432315 0.746073 0.073797 0.166550
2 0.718517 0.777681 0.029330 0.178706
2 0.893076 0.760661 0.066229 0.188432
2 0.830159 0.179561 0.103127 0.229765
2 0.669319 0.188679 0.074743 0.165334
0 0.393051 0.329091 0.086097 0.241922
2 0.113271 0.219846 0.133442 0.268566
2 0.409470 0.152354 0.033236 0.108544
1 0.297303 0.180572 0.030690 0.068778
1 0.298313 0.721552 0.088217 0.045024
1 0.739462 0.188450 0.031444 0.097801
1 0.933231 0.328503 0.078957 0.173434
2 0.824089 0.204115 0.087568 0.166063
2 0.655197 0.194054 0.037786 0.127466
1 0.294277 0.558685 0.095546 0.074599
2 0.711970 0.759551 0.038379 0.120993
1 0.795221 0.779750 0.043554 0.142545
2 0.888108 0.743637 0.039414 0.111394
2 0.105861 0.590395 0.180291 0.216065
2 0.414169 0.783032 0.121340 0.210917
1 0.592725 0.732460 0.120227 0.084584
