0 0.527467 0.801747 0.023052 0.026668
0 0.824575 0.705077 0.016221 0.028890
0 0.818599 0.741744 0.026467 0.035557
0 0.557349 0.782301 0.017929 0.032223
0 0.563752 0.073944 0.013660 0.035557
1 0.523625 0.741745 0.029028 0.086670
1 0.233347 0.680076 0.059763 0.043335
1 0.477949 0.241172 0.046957 0.045557
1 0.554360 0.178392 0.037565 0.095559
1 0.071560 0.625629 0.038419 0.061113
2 0.411356 0.724522 0.369677 0.258898
0 0.529442 0.797184 0.020956 0.048620
2 0.102568 0.748564 0.041913 0.086567
2 0.275231 0.785325 0.037357 0.115027
2 0.545842 0.812600 0.055580 0.112655
1 0.041521 0.472855 0.032801 0.047434
1 0.073867 0.628794 0.033713 0.084195
0 0.190281 0.615985 0.171982 0.328097
0 0.400722 0.660083 0.241053 0.247137
0 0.690492 0.587367 0.314620 0.154048
0 0.474370 0.270796 0.495757 0.270861
2 0.270959 0.783528 0.044957 0.200965
2 0.092928 0.730015 0.071441 0.268627
2 0.357277 0.070735 0.143209 0.139048
2 0.581981 0.808369 0.155471 0.261286
