1 0.872945 0.807775 0.080739 0.131920
1 0.446938 0.783204 0.152118 0.154528
1 0.864085 0.805805 0.076843 0.142965
1 0.548872 0.656532 0.167800 0.145067
1 0.733922 0.784780 0.092525 0.145067
1 0.197590 0.656007 0.145845 0.122992
1 0.682955 0.275467 0.307372 0.238626
2 0.822953 0.589902 0.168659 0.265647
1 0.864342 0.809424 0.079673 0.140106
2 0.477357 0.523317 0.222464 0.246226
1 0.414240 0.809424 0.054840 0.069359
2 0.816228 0.652753 0.113218 0.442310
0 0.584850 0.768544 0.465125 0.215722
1 0.200326 0.658803 0.135481 0.113639
0 0.322881 0.738748 0.042328 0.111851
1 0.868083 0.811291 0.110734 0.134235
2 0.810304 0.660548 0.184610 0.509002
1 0.467656 0.723131 0.678963 0.273785
2 0.882725 0.800467 0.114045 0.151115
