0 0.760017 0.629037 0.030999 0.032017
2 0.459908 0.544906 0.213095 0.187279
2 0.786654 0.582947 0.073217 0.256672
0 0.376110 0.620571 0.070858 0.061955
0 0.811378 0.649226 0.058711 0.122362
0 0.084581 0.612052 0.050613 0.122362
0 0.750643 0.620571 0.046564 0.114618
2 0.482459 0.632418 0.881908 0.257731
1 0.640272 0.685436 0.083730 0.100166
1 0.228472 0.811807 0.213131 0.196837
1 0.870149 0.844419 0.129401 0.138601
2 0.441714 0.579903 0.123635 0.127584
2 0.782523 0.538807 0.077348 0.181580
1 0.751273 0.223987 0.199237 0.192045
1 0.593756 0.826124 0.117440 0.056287
1 0.877123 0.442672 0.153949 0.128893
1 0.707198 0.332112 0.217853 0.141116
