1 0.288302 0.584586 0.209844 0.029916
1 1.000394 0.599104 0.118109 0.076550
2 0.482665 0.618462 0.128429 0.064231
0 0.584147 0.243191 0.115815 0.105586
0 0.943059 0.234833 0.012614 0.104706
0 1.155770 0.223394 0.048161 0.073030
0 1.128823 0.512876 0.063068 0.115265
0 0.894325 0.506276 0.082561 0.128463
0 0.509612 0.512436 0.076828 0.128463
0 0.549286 0.472540 0.713961 0.163255
0 0.751585 0.282447 0.872022 0.072993
1 0.784529 0.381074 0.654872 0.047047
1 0.888356 0.597359 0.112003 0.075030
2 0.068777 0.541428 0.097780 0.083215
