0 0.7677967607 0.7642816930 0.0064593228 0.0283827843
0 0.9353353012 0.7700633682 0.0153408208 0.0567655685
1 0.3087815056 0.2817745760 0.0363336673 0.0557143231
2 0.2688144652 0.1840116774 0.2535282482 0.3353371662
2 0.5975908957 0.1532044350 0.3203802818 0.1154030016
2 0.2921616263 0.1281772708 0.2264021251 0.1932653082
2 0.5725809365 0.1889455394 0.1454976295 0.2146589052
2 0.2933564147 0.1801654787 0.1149267717 0.1660227259
0 0.4265520711 0.6369940649 0.2704783038 0.1869884458
0 0.1613868248 0.3424633875 0.1951138756 0.1626171735
0 0.3262977206 0.3542765532 0.1754144874 0.2598894603
0 0.4627221163 0.3240518269 0.2153037205 0.2207250230
0 0.7871899250 0.6053326420 0.0630216362 0.0293732203
