1 0.6903654649 0.9019844296 0.5841202235 0.1960311408
1 0.4803690126 0.0978332581 0.9607380253 0.1788950801
2 0.3987813677 0.8232100421 0.1298134899 0.0745359052
2 0.8803089892 0.6844585464 0.2393820215 0.1089371652
1 0.2719520610 0.8983193491 0.1238451235 0.1490719369
2 0.7620531478 0.6694537597 0.4720275961 0.1214671044
2 0.3605092606 0.7687613094 0.2135871620 0.0689409000
2 0.4091004091 0.2004103421 0.6653241314 0.1600410070
0 0.3867851422 0.6288599442 0.5300049281 0.1164064649
0 0.7808149394 0.3115850021 0.3241009571 0.1647153486
0 0.9101187405 0.2458245284 0.0912186039 0.0829152325
2 0.3701123986 0.4036181078 0.6591155625 0.2109637663
1 0.7998217354 0.3254880268 0.2528862143 0.1261408770
2 0.9427887127 0.2888063167 0.1144225745 0.2517394545
2 0.7751298272 0.6375278530 0.4215037713 0.1956494419
2 0.3586519452 0.7909884421 0.2406448611 0.1311793750
1 0.2999705002 0.6486627074 0.5577648772 0.2045217600
2 0.4730463928 0.5266407236 0.7355702135 0.3671384443
