0 0.3906690851 0.1566249171 0.0259707802 0.0405898186
0 0.6950213831 0.1796311348 0.0699456844 0.1129109660
0 0.6220081625 0.2032948894 0.0185638711 0.0483558409
0 0.6062692365 0.2006668522 0.0161424572 0.0220754931
0 0.4194200640 0.6321901383 0.0121068807 0.0147169544
0 0.3992419547 0.6742386603 0.0137210811 0.0588679652
1 0.5622809915 0.3667586542 0.0589200519 0.0409973145
1 0.1684045183 0.5559771138 0.0363205665 0.0473046087
1 0.5893196413 0.5691172938 0.0484274472 0.0483557916
2 0.5578418082 0.7420419755 0.4116332252 0.3626687819
1 0.6801226448 0.5766944885 0.0910579528 0.1895104685
0 0.9390360829 0.5043682960 0.1219278341 0.2283694360
0 0.1482175656 0.4956083975 0.0970715597 0.0750090076
1 0.5145293552 0.4549149790 0.9709412897 0.5689429006
0 0.3975058352 0.1597434198 0.0384208561 0.0474739198
0 0.4319861256 0.6530874683 0.0502427045 0.0769847747
2 0.3901172177 0.0981556062 0.1044259747 0.0526062750
2 0.6191647745 0.0955894316 0.0443317803 0.0526062812
2 0.4349415877 0.8076985021 0.0699456844 0.0859662456
