2 0.404175 0.800396 0.582818 0.289754
2 0.728412 0.196523 0.483830 0.291071
2 0.399489 0.842275 0.502997 0.160052
2 0.719335 0.108818 0.427173 0.129434
2 0.153331 0.112297 0.260576 0.150310
2 0.797358 0.764033 0.056432 0.215833
1 0.936597 0.205266 0.082194 0.300567
2 0.250779 0.193888 0.086890 0.212319
2 0.892948 0.227506 0.095036 0.255962
2 0.572542 0.178554 0.113137 0.231192
2 0.612819 0.746507 0.068788 0.286631
2 0.797007 0.757123 0.051591 0.258321
2 0.973502 0.790151 0.035299 0.218217
1 0.893362 0.636395 0.035492 0.052561
1 0.790920 0.603282 0.016133 0.049407
1 0.450122 0.207500 0.186330 0.090404
2 0.596927 0.758336 0.136320 0.327979
2 0.606668 0.826181 0.098929 0.245411
2 0.791519 0.834966 0.099021 0.201369
2 0.854753 0.170844 0.164645 0.296114
0 0.461532 0.323859 0.224977 0.171540
1 0.737336 0.590956 0.126768 0.111150
0 0.946614 0.414940 0.135168 0.254234
1 0.916870 0.629445 0.152648 0.094492
2 0.704813 0.077233 0.328110 0.098116
