0 0.277234 0.735030 0.027569 0.033825
0 0.203061 0.233576 0.021005 0.055811
0 0.273697 0.739053 0.013056 0.040997
0 0.239834 0.713298 0.015504 0.021024
0 0.200258 0.231842 0.013056 0.021024
1 0.394463 0.289133 0.034272 0.034690
1 0.619676 0.207138 0.055487 0.036792
2 0.536445 0.192421 0.367195 0.322723
0 0.672088 0.358575 0.122889 0.118021
0 0.408712 0.611202 0.093658 0.131134
0 0.277174 0.758921 0.031020 0.056311
0 0.205588 0.240169 0.014317 0.097194
2 0.437048 0.753522 0.170613 0.076367
2 0.420345 0.218956 0.164647 0.193616
2 0.670895 0.244411 0.138399 0.068653
0 0.280452 0.742867 0.042464 0.050778
2 0.660969 0.132468 0.071025 0.074844
2 0.218885 0.236874 0.060842 0.180840
2 0.400320 0.221184 0.048113 0.128642
2 0.664290 0.202936 0.053062 0.185842
2 0.033337 0.235987 0.030051 0.201512
1 0.099806 0.391938 0.042859 0.068473
1 0.173474 0.382449 0.058959 0.059496
1 0.324406 0.290408 0.164545 0.189080
1 0.542942 0.321163 0.179413 0.176622
1 0.754504 0.323294 0.169091 0.085812
1 0.547586 0.633954 0.201931 0.134229
1 0.344854 0.581244 0.127189 0.088645
2 0.263640 0.733457 0.063380 0.182024
2 0.430685 0.728395 0.066836 0.134912
2 0.826632 0.687368 0.266775 0.162611
