0 0.237275 0.707516 0.016985 0.034690
0 0.843465 0.772166 0.016176 0.035741
0 0.862876 0.341168 0.017793 0.075687
1 0.790085 0.410023 0.137495 0.177655
1 0.624282 0.729066 0.100290 0.042049
1 0.882692 0.695953 0.042866 0.053612
2 0.468876 0.177954 0.102364 0.166607
2 0.870032 0.835391 0.109742 0.105478
0 0.846977 0.776060 0.061787 0.056335
2 0.406627 0.824004 0.106975 0.149826
2 0.870954 0.227097 0.104208 0.128251
2 0.583689 0.831196 0.103286 0.094690
2 0.285248 0.204010 0.051334 0.056455
2 0.632245 0.249559 0.046398 0.073136
2 0.461461 0.202727 0.036526 0.112911
2 0.402230 0.809623 0.036526 0.079551
0 0.847452 0.776905 0.020731 0.032077
2 0.116932 0.177065 0.042449 0.061588
2 0.401441 0.792567 0.059383 0.144225
2 0.239735 0.740072 0.039444 0.205195
2 0.579366 0.784639 0.065191 0.152392
2 0.873868 0.797459 0.080189 0.143943
2 0.117339 0.203474 0.041313 0.158746
2 0.286627 0.260549 0.062909 0.219629
2 0.460303 0.233204 0.053456 0.215254
2 0.627290 0.252412 0.047343 0.163833
2 0.865048 0.231087 0.065801 0.103614
1 0.853769 0.371551 0.022324 0.046315
1 0.597759 0.382106 0.008085 0.055897
1 0.579952 0.732187 0.018628 0.019319
