1 0.323127 0.591226 0.068703 0.072534
1 0.078219 0.695821 0.075170 0.111429
1 0.086221 0.696977 0.044213 0.072723
1 0.029004 0.219201 0.046814 0.118387
2 0.365828 0.192326 0.502890 0.199373
2 0.808895 0.197797 0.158906 0.125216
0 0.289647 0.324228 0.358006 0.181138
1 0.104101 0.441542 0.142081 0.106981
1 0.269550 0.431817 0.173862 0.082667
0 0.865656 0.314503 0.268688 0.263805
0 0.310211 0.646994 0.079453 0.155608
0 0.439205 0.611131 0.169188 0.161687
0 0.777114 0.639092 0.330898 0.331883
1 0.075591 0.683465 0.064497 0.155608
1 0.082641 0.703763 0.044187 0.070239
1 0.824359 0.525884 0.180958 0.031927
1 0.205735 0.355758 0.058917 0.145952
1 0.347415 0.261802 0.019639 0.034664
1 0.087200 0.241277 0.154305 0.128620
1 0.320412 0.643558 0.035771 0.134094
2 0.633582 0.790422 0.295986 0.112201
2 0.301825 0.788598 0.054708 0.093957
2 0.132790 0.818244 0.064528 0.184264
2 0.459287 0.181072 0.243382 0.128620
1 0.747557 0.203421 0.045590 0.027366
2 0.808682 0.187076 0.081733 0.136584
2 0.438690 0.267834 0.214402 0.323056
2 0.633426 0.752222 0.277172 0.290075
2 0.298765 0.759377 0.068335 0.268709
0 0.296482 0.692594 0.074667 0.200473
0 0.102757 0.776933 0.029769 0.185803
2 0.134410 0.775375 0.129789 0.242958
2 0.191442 0.180507 0.058279 0.129407
0 0.185387 0.267279 0.081727 0.135218
1 0.882766 0.751588 0.146292 0.152035
1 0.414146 0.759099 0.116639 0.217297
2 0.505881 0.333601 0.427179 0.384924
2 0.306482 0.830681 0.041274 0.171772
2 0.144483 0.846114 0.049528 0.162379
2 0.630479 0.846114 0.206368 0.167747
