2 0.101338 0.552376 0.130170 0.155594
2 0.190960 0.464470 0.264984 0.358939
2 0.233699 0.210017 0.213697 0.130300
2 0.299411 0.051536 0.293833 0.103073
2 0.888146 0.196495 0.212628 0.157343
2 0.848612 0.380471 0.223313 0.107354
2 0.852351 0.674670 0.192327 0.118827
2 0.829913 0.916621 0.198738 0.166758
0 0.810680 0.881100 0.089753 0.041794
2 0.162965 0.435538 0.103628 0.174763
2 0.172032 0.180841 0.119173 0.070501
2 0.260116 0.024448 0.098447 0.031775
1 0.363745 0.609308 0.196894 0.248243
1 0.681107 0.514976 0.181350 0.234341
1 0.401958 0.324325 0.081607 0.148946
2 0.879296 0.680802 0.067358 0.071494
2 0.896136 0.379435 0.098447 0.044684
2 0.948598 0.190274 0.097152 0.073480
1 0.589086 0.319065 0.821828 0.322197
