2 0.8925128316 0.7697003272 0.1274541495 0.1640505227
2 0.1642034644 0.7375667121 0.0754320406 0.1877278974
0 0.8946197904 0.7795243212 0.0509276713 0.0777898809
1 0.2337730073 0.2413028491 0.0274847459 0.0357412728
1 0.8323748764 0.7096185787 0.0541611151 0.0599191727
1 0.7414326513 0.8047534573 0.1067055399 0.2060379521
2 0.8744104035 0.7989717709 0.2303869913 0.3416444512
0 0.8982775784 0.7838446915 0.0622101855 0.0850761988
1 0.4847826029 0.5030943040 0.7085500791 0.3972577126
2 0.1612225239 0.2336808635 0.0907743784 0.1783480183
