0 0.2759223533 0.7570159748 0.0260271502 0.0338248491
0 0.5667759550 0.7527879403 0.0455475877 0.0693409283
0 0.0611982262 0.7282648981 0.0156162964 0.0405897698
0 0.6090700760 0.1862216520 0.0234244683 0.0524285140
0 0.5609198222 0.2369589307 0.0182190099 0.0388985805
2 0.0966293941 0.8273845601 0.1305952775 0.1767139588
0 0.5672573741 0.7478558333 0.0256499379 0.0522240033
0 0.2735666056 0.7545226969 0.0179548809 0.0188895627
0 0.0619553285 0.7334109145 0.0136799136 0.0411125776
0 0.6100071341 0.1839473612 0.0170999166 0.0355567830
0 0.5642648887 0.2378381110 0.0145348662 0.0233341657
0 0.8348708170 0.2572832287 0.0170998536 0.0422236875
0 0.8553907484 0.7328552982 0.0307798499 0.0755581690
1 0.4826128971 0.7228549415 0.0170998851 0.0688912645
1 0.7096140853 0.2111705289 0.0453147790 0.0988923040
2 0.2624516519 0.8111913645 0.4642622792 0.2744539481
0 0.5660799527 0.7533542336 0.0725030924 0.0817800732
0 0.2726477101 0.7551320667 0.0629271831 0.0782244071
0 0.0626623951 0.7222422786 0.0341995617 0.0942248224
0 0.5852317397 0.2031167570 0.0752390664 0.1760048956
0 0.8273646575 0.2546737405 0.0451434147 0.0657795965
2 0.2600138262 0.0639838118 0.1975694472 0.1021001639
0 0.5659591730 0.7532396905 0.0311941587 0.0491457369
0 0.2722445995 0.7528018900 0.0355686544 0.0358616724
0 0.2739962282 0.7588703882 0.0305654241 0.0441364360
0 0.5711601615 0.7500431173 0.0458481362 0.0617909777
0 0.0659815005 0.7368021293 0.0237731107 0.0463432742
0 0.6051217404 0.1850970629 0.0169808052 0.0529636761
0 0.5690375294 0.2430261198 0.0178298203 0.0408261787
2 0.0910281692 0.7908692756 0.1044318881 0.2758525204
2 0.5830466874 0.1911658218 0.0899981793 0.1820626962
