0 0.8983229053 0.6267903303 0.0479587447 0.0608847291
0 0.8928971796 0.6176373822 0.0177245463 0.0420485720
0 0.1520938055 0.7301172319 0.0314207092 0.0399461310
1 0.5508949773 0.6912223214 0.0443112396 0.1051213064
2 0.2004333437 0.7406294161 0.3198465944 0.3006472031
1 0.1371786113 0.7099414087 0.0506249243 0.0766707335
1 0.5417260301 0.7105312437 0.0370647105 0.1203141627
0 0.8942924716 0.6279627362 0.0406807675 0.0566184005
0 0.3107498051 0.7500460953 0.0307365792 0.0625161334
2 0.2229935284 0.8122013270 0.2665690893 0.0779838331
0 0.1494256781 0.7304168516 0.0314320172 0.0434641925
2 0.5249473552 0.1817351976 0.1531226658 0.1381463574
2 0.2323064484 0.7265265086 0.2269837451 0.1826480138
2 0.5716048997 0.7385074464 0.0915906487 0.0819703383
