0 0.3280724871 0.1693092322 0.0364177314 0.0558110113
0 0.5270694319 0.7392579599 0.0208101160 0.0422810479
0 0.2708446207 0.7595528865 0.0364177314 0.0524285112
0 0.2552370148 0.7798477885 0.0234114042 0.0490460726
2 0.5848819886 0.8049991380 0.1684614908 0.0570151410
2 0.2876293548 0.8515938284 0.1436899286 0.0574418957
2 0.0725060147 0.7951755984 0.0947559463 0.0744565021
2 0.8356406008 0.7375251905 0.0947954963 0.0733350671
0 0.0471954452 0.7116344163 0.0410851139 0.0418959171
0 0.2640860070 0.7608469350 0.0369172749 0.0432111706
0 0.3196246262 0.1702974845 0.0263065114 0.0542592711
0 0.5668152044 0.7482767643 0.0272135921 0.0471819449
0 0.5250875656 0.7394301557 0.0272136676 0.0365660540
0 0.8294266550 0.6497843768 0.0281207672 0.0365660049
0 0.8548260857 0.6539128253 0.0353776394 0.0424638585
0 0.2520441108 0.7748166636 0.0217709190 0.0365661031
0 0.2733614612 0.7665598404 0.0281207672 0.0271295864
1 0.0243567109 0.6214751952 0.0199566513 0.0672343034
1 0.2162128366 0.6226547905 0.0263065114 0.0719526355
0 0.8248911193 0.1714770245 0.0335634403 0.0471819572
2 0.5654544417 0.7488665988 0.1043189459 0.1733938515
2 0.2751756981 0.8048951768 0.1097616946 0.1085185421
2 0.0692592137 0.7406096773 0.0752910319 0.1262118575
2 0.8480226499 0.6680673793 0.0852694012 0.1722142808
2 0.3159961618 0.1478860490 0.0444489376 0.1226731391
2 0.5845040431 0.1767850252 0.0553344727 0.1096981374
2 0.1382004068 0.1585019860 0.0480774209 0.1627778623
0 0.2717149292 0.7687157525 0.0362462661 0.0468378973
0 0.3191847290 0.1772508974 0.0399064858 0.0389763038
0 0.5656458616 0.7491556803 0.0327303387 0.0397768374
2 0.0630973946 0.7355725078 0.0568449770 0.0989531242
2 0.2790166046 0.8017399492 0.0907686121 0.1096829769
2 0.5719516057 0.7725308920 0.0990201873 0.1227972795
2 0.8525090551 0.6926530724 0.0513439072 0.1275660811
2 0.5797448504 0.1704668361 0.0375911181 0.0870310343
2 0.3207335103 0.1627175029 0.0440090309 0.1072985516
