0 0.424067 0.717272 0.031315 0.052429
0 0.366656 0.673300 0.023486 0.049046
0 0.425138 0.717299 0.022289 0.035557
0 0.364701 0.675631 0.019717 0.047779
0 0.740607 0.836192 0.039434 0.082225
1 0.266974 0.273950 0.054007 0.097781
1 0.185963 0.291173 0.101156 0.076669
2 0.757752 0.783413 0.269178 0.323345
1 0.633879 0.698410 0.127731 0.233341
0 0.424610 0.719968 0.033671 0.049541
0 0.361363 0.672786 0.030941 0.047182
0 0.423794 0.721374 0.032835 0.044092
0 0.366918 0.674765 0.027967 0.047126
0 0.413200 0.572229 0.611516 0.579884
0 0.367307 0.674258 0.042566 0.044908
0 0.419277 0.718524 0.025737 0.061588
0 0.681105 0.166159 0.040586 0.060305
2 0.358893 0.138573 0.083152 0.053889
