1 0.5877526613 0.8130317975 0.1108401090 0.1650405774
1 0.3147274517 0.7415491964 0.0798700713 0.1440162872
1 0.8783003690 0.8561314872 0.0627550519 0.0578167612
2 0.4921957403 0.6125603608 0.0699933820 0.1184987052
2 0.3241098263 0.6317451911 0.0521883547 0.1265228980
2 0.6141258728 0.7862245118 0.2561391668 0.3580897433
0 0.8642860001 0.6888499569 0.2492853090 0.2920118321
0 0.4072740153 0.6756846395 0.1405747246 0.3903148886
0 0.4086146671 0.6745678525 0.1402996686 0.3771470790
0 0.6229978120 0.8191691781 0.2701096254 0.3179536305
0 0.8642607298 0.7236139742 0.2150387139 0.2012578324
0 0.2191446116 0.7921093222 0.1284987333 0.1319169593
