1 0.3623666421 0.1939982185 0.0769871144 0.0777898208
2 0.5442856667 0.7293536040 0.0945674906 0.1688936136
1 0.0680219398 0.3213422729 0.0219286911 0.0817800558
1 0.8540284154 0.3746770771 0.0561922306 0.0568904825
1 0.7505524237 0.5951276301 0.0246698077 0.0960026661
2 0.7368469714 0.0715575437 0.1041612977 0.1191144208
2 0.2417887264 0.7441861135 0.0583591213 0.0564555453
2 0.5696878488 0.7602245403 0.0672613763 0.0757016904
2 0.7610859819 0.0827586375 0.0425329114 0.0834001531
2 0.7689990869 0.6255012574 0.0445112114 0.0628708585
0 0.5396542874 0.7255223112 0.0417840338 0.0334534349
