1 0.1179491883 0.6141060103 0.0169113745 0.0456635774
2 0.3599584504 0.7547643022 0.1088748025 0.2017029251
1 0.6203505828 0.6598105642 0.0435498304 0.0330274341
2 0.6316917344 0.7748166343 0.1061529783 0.1686755892
2 0.2599273153 0.1404041296 0.0993541680 0.1937745509
1 0.6012760389 0.3780051590 0.0866829523 0.1111250346
2 0.3655305334 0.8567126543 0.1060024866 0.1636792503
2 0.6500126489 0.8554774412 0.1165570174 0.1065469559
2 0.1989788867 0.8498768150 0.0544660776 0.0828997366
2 0.4730453680 0.7751551756 0.4883798656 0.3027495970
2 0.6403202397 0.8457621224 0.1119871989 0.1170915034
0 0.3895799429 0.8074892248 0.0300359820 0.0360281247
0 0.4526869708 0.2228247473 0.0378737119 0.0450800361
2 0.6750747945 0.1276819363 0.0867451960 0.1591841590
0 0.2541248869 0.1285703050 0.0755145951 0.1875504412
2 0.6032375864 0.4087578427 0.2263965796 0.2295521915
2 0.3595774811 0.8239710248 0.0650300130 0.1664046198
