1 0.646416 0.362111 0.204673 0.238465
0 0.304040 0.354308 0.023499 0.032588
0 0.079992 0.411074 0.021068 0.045202
0 0.100249 0.419483 0.019447 0.036793
0 0.478660 0.411074 0.019447 0.076739
1 0.631807 0.348526 0.225264 0.243882
1 0.805616 0.692800 0.339516 0.215499
2 0.506615 0.440508 0.209868 0.394206
2 0.828305 0.379012 0.235798 0.330082
0 0.254818 0.394307 0.025674 0.045297
0 0.303597 0.359002 0.020539 0.038636
2 0.090507 0.401634 0.085236 0.299760
2 0.289220 0.397637 0.131449 0.281108
0 0.076437 0.410336 0.026367 0.041284
0 0.103714 0.423311 0.024549 0.034207
0 0.251917 0.395002 0.037278 0.036566
0 0.309198 0.360205 0.040915 0.063696
2 0.513773 0.427439 0.135474 0.238269
2 0.096894 0.392643 0.087285 0.277194
2 0.288286 0.389104 0.122745 0.263040
0 0.082150 0.424538 0.023047 0.076336
0 0.102324 0.416728 0.014761 0.062297
0 0.260614 0.399849 0.024219 0.079404
0 0.306523 0.351892 0.022133 0.048741
2 0.522066 0.439843 0.090630 0.218091
2 0.297521 0.386571 0.094564 0.158299
2 0.092522 0.420141 0.024575 0.190409
1 0.645563 0.358077 0.247709 0.260880
0 0.093474 0.406103 0.042961 0.055733
0 0.259375 0.398395 0.029250 0.030831
0 0.304164 0.354520 0.027422 0.047433
