1 0.112524 0.350130 0.102951 0.221136
0 0.918901 0.223393 0.023904 0.034446
1 0.664490 0.217837 0.035857 0.116671
1 0.445081 0.356731 0.100740 0.127782
1 0.547529 0.385621 0.112692 0.130005
1 0.355440 0.285062 0.059761 0.060002
1 0.298666 0.285618 0.058907 0.116671
1 0.130909 0.205615 0.020490 0.105559
2 0.275189 0.387843 0.413205 0.418903
1 0.361099 0.292008 0.050540 0.062224
1 0.111812 0.202228 0.054638 0.071113
1 0.408225 0.322231 0.040979 0.083558
1 0.656146 0.127559 0.096983 0.067557
1 0.346757 0.112448 0.079226 0.069335
0 0.401460 0.319087 0.042340 0.059809
