0 0.465488 0.202244 0.026592 0.069380
1 0.384906 0.677918 0.055602 0.083046
1 0.323663 0.655842 0.042709 0.064124
1 0.222533 0.233254 0.067689 0.078841
1 0.545667 0.278982 0.185339 0.088302
1 0.883307 0.239562 0.043514 0.074636
2 0.780968 0.787770 0.267533 0.340593
2 0.686321 0.204954 0.066400 0.216362
2 0.278029 0.674438 0.084561 0.167839
2 0.294275 0.137290 0.066430 0.138611
2 0.690634 0.187802 0.052219 0.176656
0 0.509110 0.233527 0.102006 0.123468
2 0.104000 0.101056 0.059728 0.150774
2 0.092266 0.680119 0.082720 0.134938
2 0.277672 0.686082 0.057736 0.178545
2 0.453839 0.698737 0.071179 0.157833
1 0.362689 0.637414 0.094027 0.177310
0 0.585608 0.670895 0.237589 0.166907
2 0.463099 0.191153 0.054307 0.154774
1 0.558198 0.361111 0.276601 0.118604
1 0.886683 0.307341 0.049037 0.085817
1 0.768762 0.309755 0.143078 0.149364
