2 0.073929 0.708698 0.071592 0.136214
2 0.249298 0.730972 0.070279 0.125934
2 0.236819 0.076460 0.107060 0.105373
2 0.703812 0.172838 0.070279 0.145638
2 0.895272 0.756244 0.170771 0.130217
2 0.944352 0.089310 0.111296 0.108800
1 0.397727 0.625858 0.164938 0.108082
1 0.628687 0.584984 0.070537 0.053488
1 0.303585 0.269154 0.048735 0.083055
1 0.875433 0.261785 0.076960 0.075088
2 0.895467 0.630686 0.163376 0.242087
2 0.553362 0.725284 0.088594 0.136023
2 0.247521 0.714457 0.052354 0.139784
2 0.067627 0.691612 0.062690 0.132916
2 0.225274 0.125985 0.063700 0.153204
2 0.478504 0.156644 0.039664 0.082662
2 0.697636 0.160709 0.070513 0.125867
2 0.948222 0.123782 0.073660 0.160077
2 0.051444 0.102720 0.072103 0.142002
