0 0.422837 0.599861 0.034679 0.065760
0 0.851455 0.568273 0.026631 0.079275
2 0.661594 0.523344 0.060976 0.087262
2 0.836546 0.501090 0.038848 0.070294
1 0.633251 0.692241 0.070153 0.091660
1 0.625207 0.705775 0.151867 0.098814
1 0.684898 0.550721 0.029237 0.047305
1 0.814838 0.591718 0.038982 0.057817
1 0.427454 0.630088 0.030861 0.031536
1 0.512321 0.718390 0.065782 0.111429
1 0.612742 0.703522 0.138589 0.155011
1 0.287677 0.527533 0.031316 0.054841
2 0.668070 0.560318 0.047895 0.101337
2 0.838925 0.564491 0.028553 0.066763
0 0.321040 0.679210 0.424515 0.341609
2 0.735882 0.659434 0.274174 0.319683
