1 0.495427 0.252499 0.272829 0.301958
0 0.802113 0.537154 0.033739 0.054120
0 0.370639 0.574362 0.029846 0.057502
0 0.365848 0.569527 0.162328 0.121091
0 0.806909 0.534731 0.126018 0.140577
0 0.670945 0.662997 0.257684 0.137962
1 0.468360 0.678478 0.093993 0.142333
0 0.198754 0.716180 0.107458 0.131471
2 0.342516 0.488055 0.098959 0.068344
2 0.084970 0.530495 0.115029 0.120154
0 0.370005 0.567423 0.027066 0.050707
0 0.337018 0.578446 0.032140 0.059526
0 0.624590 0.539313 0.040598 0.062833
0 0.807706 0.534353 0.034678 0.081572
2 0.866849 0.369555 0.266302 0.159837
