1 0.318255 0.606600 0.029166 0.091456
1 0.347016 0.594511 0.020254 0.081995
1 0.458010 0.547732 0.065624 0.053612
1 0.518773 0.645495 0.070485 0.066226
1 0.440591 0.678082 0.050231 0.074636
1 0.550370 0.334861 0.039699 0.044151
2 0.592225 0.181834 0.111080 0.192170
2 0.350603 0.179986 0.110130 0.178620
2 0.175439 0.157197 0.111080 0.206952
2 0.158825 0.719540 0.100636 0.178619
2 0.352027 0.725700 0.114877 0.168765
0 0.331461 0.324292 0.091267 0.137939
0 0.344499 0.600171 0.155454 0.119721
2 0.660923 0.703625 0.182533 0.240743
0 0.610555 0.685191 0.037125 0.104874
