2 0.5881534679 0.1469002695 0.1656314700 0.2601078167
2 0.7817352484 0.1280323450 0.1076604555 0.2547169811
2 0.8034743789 0.7978436658 0.1097308489 0.2385444744
2 0.6104101967 0.7398921833 0.1604554865 0.3140161725
2 0.2791472567 0.7270889488 0.1376811594 0.3126684636
0 0.6329009883 0.7138893148 0.0298786045 0.0558109746
0 0.3113810695 0.7231911713 0.0337758509 0.0473547265
0 0.3200702233 0.7217075317 0.0347205373 0.0546630695
0 0.6313437705 0.7117210039 0.0355279579 0.0367925186
0 0.8138283992 0.7295916781 0.0177639474 0.0452021267
1 0.8299774739 0.7085674111 0.0355280211 0.0452022090
1 0.9648223308 0.4872868787 0.0549068727 0.0504582243
1 0.4432069767 0.6549554501 0.1291926603 0.0935579696
1 0.3119957018 0.2602246842 0.0347205373 0.0483558429
0 0.6248264036 0.7273940217 0.1050736643 0.1578863098
0 0.3090958210 0.7220223933 0.0810903545 0.1388411201
2 0.5928982089 0.1441589469 0.1538882364 0.2364217856
2 0.6293798727 0.7615662032 0.1416508455 0.3016187149
2 0.2916310391 0.7414139493 0.1199504939 0.2982220508
0 0.6328680066 0.7105311679 0.0362412984 0.0613365071
0 0.3134921372 0.7258653255 0.0462075938 0.0636956145
0 0.8163392756 0.7388403551 0.0298990127 0.0542592668
0 0.7960237933 0.6287890535 0.1310484197 0.0809947628
0 0.6425436585 0.7159549477 0.0247929733 0.0563106485
0 0.3116759622 0.7352394454 0.0525374324 0.0794519800
2 0.7727066261 0.1482198171 0.1151100933 0.2800106417
2 0.6029930668 0.1945026094 0.1133391892 0.2229285690
2 0.6074203586 0.8135344307 0.1753215276 0.1465621085
2 0.8281955758 0.8024337645 0.1068457688 0.1612182782
0 0.3172033085 0.7343913693 0.0288446715 0.0469406416
0 0.6329171633 0.7144416130 0.0356051680 0.0586758020
2 0.6115090191 0.7332178409 0.1063646905 0.2135798616
2 0.1541624425 0.2321844332 0.2660686303 0.1910412832
2 0.5866140362 0.1513808911 0.1052858341 0.1874836976
1 0.4596000340 0.3385860926 0.0596325481 0.0996076065
1 0.6831218648 0.1204539014 0.0222311395 0.1401812355
2 0.2879695142 0.7293719680 0.0824611024 0.2156734826
2 0.6188025939 0.7407623044 0.1062069847 0.2394476631
2 0.8247722997 0.7741831242 0.0815861862 0.1868263923
1 0.0524167156 0.6854891096 0.0638953203 0.2377466166
1 0.9729999361 0.5329918052 0.0397640252 0.1130301175
2 0.7824355732 0.2272946237 0.0240310448 0.0415972481
2 0.8147634818 0.7520698691 0.1209882337 0.3016256656
2 0.6193535846 0.7261072863 0.1373425596 0.3120743168
2 0.7248525363 0.0854851833 0.2966516467 0.1154771430
