2 0.503347 0.218101 0.119669 0.254796
2 0.225018 0.831808 0.126536 0.184464
2 0.541439 0.864097 0.148769 0.185529
2 0.700998 0.226787 0.157761 0.215687
2 0.227924 0.801301 0.037020 0.121213
2 0.523653 0.859734 0.041325 0.122336
2 0.700574 0.883864 0.024967 0.127947
2 0.865012 0.891960 0.019801 0.099889
2 0.232659 0.220730 0.041325 0.097644
2 0.498686 0.251594 0.067153 0.143660
2 0.664415 0.253278 0.064570 0.135804
2 0.846932 0.282459 0.043907 0.140293
2 0.498566 0.203104 0.076102 0.089288
2 0.663453 0.193734 0.087940 0.081572
2 0.242358 0.172239 0.059190 0.065037
2 0.449141 0.530288 0.788922 0.333099
