1 0.850038 0.916018 0.218201 0.048356
2 0.802306 0.301058 0.368214 0.365822
2 0.199594 0.541492 0.142776 0.103742
2 0.207981 0.341908 0.210260 0.094566
2 0.878650 0.409927 0.225257 0.111667
2 0.856194 0.585412 0.212193 0.117745
1 0.402392 0.599331 0.180262 0.262135
0 0.463844 0.879337 0.234688 0.200393
1 0.711248 0.670245 0.254091 0.317006
1 0.685738 0.462821 0.184519 0.231676
1 0.726012 0.270353 0.258419 0.211774
2 0.894522 0.194552 0.208073 0.078461
2 0.883536 0.368374 0.161028 0.084478
2 0.167947 0.369815 0.161499 0.074927
2 0.130237 0.187885 0.112856 0.072007
1 0.374544 0.643347 0.201873 0.252863
1 0.685239 0.451268 0.167176 0.124000
1 0.701799 0.704131 0.209759 0.269883
1 0.746747 0.312071 0.340661 0.151961
1 0.706538 0.488773 0.425897 0.788862
