0 0.290052 0.227111 0.014686 0.032588
1 0.385510 0.593459 0.019581 0.052561
1 0.611100 0.552988 0.046505 0.049407
1 0.417329 0.631829 0.039162 0.045202
1 0.494476 0.510666 0.087633 0.056455
2 0.711568 0.136648 0.039833 0.098797
2 0.380951 0.709543 0.017925 0.056456
1 0.923183 0.389415 0.092613 0.042342
1 0.175809 0.401604 0.117508 0.064154
1 0.466095 0.414435 0.070704 0.048757
1 0.796712 0.339375 0.086638 0.055172
1 0.243526 0.517723 0.119500 0.039775
0 0.770285 0.611739 0.273624 0.240707
0 0.659252 0.576626 0.014396 0.135551
2 0.709086 0.174254 0.114064 0.189771
2 0.715191 0.104954 0.154097 0.114822
