0 0.6865539740 0.7167154866 0.0483731494 0.0319744181
0 0.1750336262 0.5515143102 0.0195550913 0.0452971209
1 0.2609731652 0.8046451731 0.1420318053 0.1039168956
1 0.4287353667 0.8692601420 0.1461486627 0.1185718147
0 0.6857030097 0.7031470718 0.0389804117 0.0430998062
1 0.1708355958 0.5706940802 0.0243628237 0.0283827716
1 0.7344285812 0.3168259726 0.4596449886 0.5550408674
1 0.3234392525 0.5033267352 0.1955691587 0.1518925907
2 0.4045024656 0.3209302477 0.6621327611 0.4118685120
2 0.3793584374 0.6137638107 0.0212603771 0.1593894069
1 0.4644710904 0.7225341060 0.1952697109 0.2296712665
2 0.6481329501 0.7046533832 0.2321427217 0.3925093807
