0 0.834788 0.667009 0.015455 0.040974
2 0.309249 0.158617 0.107168 0.205424
2 0.146203 0.145087 0.100104 0.171821
2 0.554171 0.153613 0.080956 0.198184
2 0.551564 0.735981 0.155053 0.185220
2 0.218474 0.748991 0.154948 0.177660
0 0.842072 0.679495 0.016110 0.027332
2 0.557972 0.799936 0.114878 0.063395
2 0.853372 0.750248 0.093871 0.080529
0 0.836304 0.670575 0.037417 0.063395
0 0.164434 0.131288 0.032822 0.026557
2 0.231720 0.789655 0.130632 0.145638
2 0.308195 0.128290 0.081399 0.058255
2 0.136207 0.098734 0.086651 0.059112
2 0.560598 0.103017 0.087307 0.074532
2 0.836304 0.102160 0.173957 0.098520
0 0.833014 0.667426 0.028831 0.050809
2 0.220436 0.157338 0.259555 0.138573
