0 0.733205 0.761244 0.023345 0.049046
0 0.782488 0.788304 0.038908 0.082871
0 0.769378 0.778309 0.018541 0.021024
0 0.305050 0.789347 0.016929 0.026280
0 0.901986 0.739940 0.029020 0.032588
0 0.736730 0.769374 0.017735 0.017871
1 0.755271 0.188052 0.087062 0.127197
1 0.822986 0.223268 0.040306 0.050458
2 0.452168 0.797231 0.375655 0.311159
1 0.462647 0.919697 0.106409 0.137709
1 0.583566 0.631665 0.041919 0.089353
2 0.469059 0.885802 0.091343 0.087114
0 0.753313 0.773799 0.065440 0.069335
0 0.308186 0.787133 0.031357 0.039112
0 0.346359 0.846690 0.028630 0.037334
1 0.815196 0.225312 0.040900 0.056890
2 0.081042 0.175533 0.148603 0.216895
0 0.766078 0.778450 0.027908 0.034423
0 0.736266 0.765404 0.024820 0.042166
0 0.304515 0.787194 0.034489 0.043542
0 0.429074 0.502907 0.818365 0.500608
