2 0.491992 0.234752 0.108908 0.151785
1 0.342815 0.181984 0.019219 0.024902
2 0.299343 0.224673 0.098841 0.167200
2 0.123168 0.193842 0.097926 0.122139
1 0.624270 0.606961 0.021905 0.067278
1 0.658345 0.616948 0.034886 0.051509
1 0.276218 0.652689 0.036509 0.045202
1 0.643402 0.613890 0.067334 0.068160
1 0.242556 0.597078 0.045591 0.110873
1 0.071767 0.575721 0.101001 0.124505
1 0.471210 0.329438 0.009118 0.064524
2 0.627096 0.199620 0.127602 0.160471
0 0.665095 0.623288 0.147305 0.181138
0 0.630468 0.211978 0.186074 0.222461
0 0.303265 0.596917 0.279561 0.165390
