2 0.179692 0.747559 0.112248 0.071127
2 0.492192 0.763883 0.081717 0.082787
2 0.694239 0.769130 0.060165 0.083953
2 0.288349 0.105087 0.069145 0.066463
2 0.541132 0.120828 0.071839 0.095613
2 0.714444 0.134820 0.066451 0.081621
0 0.195816 0.662170 0.035428 0.049541
0 0.269852 0.175016 0.027252 0.035386
0 0.490142 0.683991 0.019077 0.024771
2 0.490596 0.719378 0.069039 0.199344
2 0.184461 0.696377 0.114460 0.254783
2 0.698623 0.718198 0.067223 0.211139
2 0.553277 0.176785 0.089025 0.189908
2 0.282570 0.162041 0.079940 0.191087
0 0.201399 0.665829 0.017001 0.031536
0 0.271427 0.183847 0.006477 0.022075
0 0.199865 0.664893 0.021333 0.045518
0 0.491525 0.684337 0.018530 0.031621
0 0.273071 0.180190 0.028090 0.026968
0 0.415815 0.333880 0.224817 0.129566
0 0.648355 0.343741 0.153846 0.089878
0 0.379838 0.583586 0.205162 0.248262
0 0.108857 0.511846 0.190669 0.131043
0 0.128256 0.307686 0.165819 0.114073
1 0.872772 0.616340 0.090735 0.238663
1 0.924936 0.270552 0.096904 0.173442
0 0.411321 0.364850 0.945604 0.482260
