0 0.050760 0.587892 0.056042 0.074415
1 0.693300 0.748867 0.045449 0.055439
0 0.065196 0.607910 0.029087 0.058977
1 0.244265 0.690479 0.043631 0.054259
0 0.534338 0.774024 0.210889 0.230615
0 0.226485 0.736145 0.305972 0.193643
0 0.819300 0.901444 0.158004 0.130634
0 0.225620 0.731870 0.035664 0.143842
0 0.680872 0.803532 0.046827 0.150320
2 0.078748 0.519783 0.023887 0.115644
2 0.258360 0.614564 0.024806 0.088223
2 0.907902 0.683712 0.035831 0.052457
2 0.681435 0.699806 0.018375 0.082262
2 0.422353 0.682519 0.025724 0.061995
0 0.566985 0.769140 0.150221 0.254564
