1 0.7350816297 0.6360116359 0.0750448582 0.1155595252
1 0.8455170168 0.6621236865 0.0503142094 0.1388936525
2 0.6843410277 0.5937879719 0.4664721970 0.4555713484
2 0.2519800728 0.6026771741 0.4698833661 0.3977916064
1 0.5849918502 0.3054446196 0.7299822388 0.5033507817
0 0.2713572029 0.7747698332 0.5106600955 0.3225733130
0 0.7486872226 0.8089817886 0.1449761018 0.2803459219
2 0.6083438188 0.7324758265 0.1897681941 0.2327449248
2 0.2114032447 0.6386795971 0.0906298424 0.1849420010
2 0.6340367432 0.7708598560 0.2068132808 0.1937899982
