1 0.564971 0.790036 0.054515 0.037844
1 0.376894 0.435777 0.068144 0.054663
0 0.655607 0.507469 0.020216 0.029822
0 0.204274 0.841572 0.035333 0.038882
1 0.544316 0.793999 0.132587 0.130517
1 0.564416 0.311387 0.164102 0.479097
1 0.304774 0.384121 0.157261 0.588180
1 0.269590 0.777027 0.146066 0.121113
2 0.673096 0.516492 0.211795 0.095764
2 0.727871 0.679151 0.171627 0.077456
1 0.656664 0.780548 0.189885 0.133788
2 0.196557 0.669293 0.164324 0.097172
2 0.219380 0.520013 0.184408 0.119705
2 0.223032 0.270745 0.162498 0.094356
2 0.186515 0.842513 0.151543 0.097172
2 0.681312 0.241171 0.158846 0.057740
