0 0.486825 0.241664 0.012904 0.022076
0 0.761033 0.276880 0.009678 0.037844
0 0.804180 0.872392 0.025001 0.064124
0 0.498519 0.762015 0.018549 0.038895
0 0.509004 0.767797 0.013710 0.039946
0 0.221086 0.714185 0.012097 0.039946
1 0.481986 0.293174 0.029034 0.040997
2 0.831601 0.850259 0.262110 0.299481
0 0.403568 0.329814 0.157962 0.194972
1 0.763259 0.362856 0.096283 0.188443
1 0.809376 0.805957 0.063150 0.254478
0 0.516321 0.776580 0.027460 0.040915
0 0.801968 0.874209 0.035353 0.068759
0 0.495127 0.758606 0.029658 0.048633
0 0.214252 0.717925 0.032921 0.048489
0 0.216550 0.708560 0.032350 0.059260
0 0.492398 0.763261 0.019235 0.050143
0 0.513818 0.761552 0.021858 0.055841
0 0.483217 0.254420 0.027104 0.062679
0 0.805841 0.866397 0.030601 0.087751
2 0.209118 0.763831 0.078689 0.222226
2 0.494146 0.826510 0.076940 0.219947
2 0.801906 0.883492 0.082186 0.213109
2 0.513946 0.794092 0.120316 0.194510
2 0.569907 0.529072 0.676192 0.372001
