2 0.232895 0.604641 0.054942 0.188503
2 0.708573 0.778213 0.060725 0.195969
2 0.693135 0.785667 0.129482 0.336388
1 0.598263 0.256381 0.021173 0.051509
2 0.688691 0.886401 0.075083 0.091368
2 0.851836 0.292196 0.056399 0.154054
1 0.914216 0.446442 0.161628 0.227059
1 0.836125 0.693125 0.274461 0.164205
1 0.709741 0.400595 0.237568 0.193973
2 0.609647 0.255991 0.074155 0.109892
2 0.454377 0.213501 0.069255 0.106157
2 0.298437 0.185616 0.074936 0.151540
2 0.084080 0.623590 0.063937 0.141951
2 0.235524 0.654057 0.063763 0.149572
2 0.404914 0.724414 0.061685 0.131671
1 0.570544 0.690357 0.221274 0.239906
2 0.713123 0.798444 0.098356 0.181107
1 0.344564 0.605853 0.155017 0.229569
2 0.517849 0.504758 0.748705 0.376864
1 0.438206 0.487497 0.537205 0.470766
