0 0.808675 0.707124 0.019429 0.038899
0 0.920067 0.200597 0.047924 0.057502
0 0.922806 0.200667 0.028178 0.040997
0 0.808485 0.714185 0.010466 0.031536
2 0.541600 0.823511 0.262456 0.313262
2 0.579339 0.791323 0.175497 0.271783
2 0.800240 0.764677 0.096931 0.210498
2 0.744122 0.185807 0.129582 0.153211
0 0.922170 0.199796 0.032651 0.037303
1 0.878806 0.557510 0.156110 0.091926
1 0.664026 0.426281 0.210188 0.077271
1 0.694126 0.565503 0.170395 0.062617
1 0.520160 0.627454 0.148968 0.109246
2 0.373291 0.830967 0.273954 0.226376
2 0.923846 0.106045 0.056908 0.062210
2 0.727103 0.177287 0.133087 0.219661
2 0.905510 0.153801 0.087565 0.183139
2 0.811866 0.837247 0.109620 0.222218
2 0.977427 0.850545 0.050344 0.221158
2 0.559335 0.899319 0.215456 0.176134
2 0.465043 0.197647 0.133823 0.289400
0 0.812485 0.708203 0.030042 0.042891
0 0.926306 0.203247 0.034065 0.052242
