1 0.6429319215 0.3336453972 0.0312862691 0.0378436708
2 0.2884750445 0.7019783257 0.1601764589 0.1707610878
2 0.7522628266 0.7126508911 0.0959248882 0.2253097555
2 0.5794170470 0.6978278939 0.1013545656 0.2383540227
1 0.1651458583 0.1728659101 0.0515551582 0.1120031051
0 0.1910497153 0.5157600228 0.2490846691 0.2215810511
0 0.5306809462 0.6618538881 0.4213456096 0.2147203206
0 0.4915475423 0.3810449618 0.1964996369 0.1438977323
0 0.3442057208 0.2736574757 0.0732548220 0.1656350613
0 0.9454347589 0.7222668111 0.0453584869 0.2341338246
