0 0.274574 0.232731 0.033842 0.050737
0 0.461358 0.264019 0.029937 0.032134
0 0.462114 0.263740 0.013754 0.015768
0 0.093999 0.245869 0.013754 0.022075
0 0.705232 0.220640 0.016181 0.026280
1 0.453059 0.351857 0.119323 0.191494
1 0.329222 0.658682 0.126062 0.189204
1 0.097237 0.303397 0.091859 0.140655
0 0.464198 0.264873 0.026628 0.031021
2 0.292060 0.209015 0.055052 0.077582
0 0.461330 0.267583 0.020280 0.029812
2 0.318835 0.748628 0.070242 0.058933
2 0.118593 0.730304 0.064309 0.066600
0 0.583239 0.738653 0.020419 0.051366
0 0.095371 0.244503 0.021963 0.029456
2 0.462486 0.206724 0.053725 0.079091
