1 0.3553255210 0.7262737776 0.0860794190 0.2218060928
1 0.6385026617 0.6127426726 0.0683808259 0.1229919975
1 0.7004476339 0.6085378233 0.0555091184 0.1145822988
0 0.4574975714 0.7771404719 0.1046127121 0.1433360151
0 0.6413040962 0.7195337525 0.1889116500 0.1356694773
0 0.9034370672 0.5936875609 0.1299296350 0.1936491812
1 0.3543320786 0.7352118812 0.1057048984 0.1611025166
1 0.5506157501 0.8386983186 0.0145980712 0.0333816491
2 0.0529124193 0.6300622480 0.0301085408 0.0500726215
2 0.2404065194 0.6700011616 0.0182476079 0.0917998800
