0 0.602564 0.707970 0.026030 0.030442
0 0.785696 0.729592 0.007281 0.017871
0 0.602871 0.710670 0.010517 0.019973
0 0.095652 0.702260 0.012134 0.030485
1 0.557973 0.747988 0.043684 0.071483
1 0.621072 0.705414 0.012943 0.038895
1 0.786505 0.633406 0.068762 0.065175
1 0.497706 0.236572 0.080087 0.137709
2 0.069238 0.751667 0.018349 0.050073
2 0.337595 0.776704 0.033946 0.112067
2 0.600906 0.768954 0.041286 0.098953
2 0.762838 0.753456 0.069727 0.108491
2 0.859172 0.250345 0.049543 0.103722
2 0.708708 0.234846 0.051378 0.098953
2 0.544483 0.237826 0.066057 0.104914
2 0.298603 0.263459 0.044038 0.063187
2 0.429344 0.458752 0.695770 0.678799
