2 0.138413 0.512466 0.227364 0.161990
1 0.192499 0.755064 0.183293 0.125735
1 0.696807 0.890056 0.256411 0.062482
0 0.135803 0.869239 0.056172 0.011563
2 0.139010 0.483683 0.214679 0.074413
2 0.152192 0.650569 0.224094 0.078747
2 0.170553 0.898371 0.247634 0.116315
1 0.325989 0.551176 0.090440 0.127918
2 0.109634 0.491497 0.110186 0.100648
2 0.131496 0.655889 0.143417 0.053679
2 0.140241 0.891405 0.125927 0.081860
2 0.810979 0.587448 0.131174 0.150301
2 0.775124 0.252626 0.146915 0.063073
2 0.197082 0.893022 0.303438 0.068624
2 0.169117 0.670094 0.267209 0.057302
2 0.149089 0.496110 0.254761 0.070115
2 0.761773 0.587356 0.213495 0.145782
0 0.125079 0.863598 0.098904 0.031849
2 0.696783 0.297185 0.243614 0.173021
0 0.095494 0.244469 0.044580 0.029327
2 0.505926 0.138671 0.260733 0.066180
