1 0.800148 0.932702 0.176746 0.134596
0 0.483586 0.715926 0.017757 0.036793
0 0.397628 0.593459 0.015335 0.029434
1 0.535242 0.683864 0.041970 0.132453
1 0.653082 0.212394 0.112997 0.162938
1 0.875445 0.266006 0.215502 0.478302
1 0.785854 0.935104 0.105733 0.111429
0 0.263432 0.616120 0.265443 0.448470
2 0.649034 0.737689 0.157727 0.390433
1 0.923081 0.797531 0.153839 0.248586
0 0.578357 0.871804 0.063248 0.109834
0 0.490513 0.719867 0.030921 0.069561
0 0.481483 0.711003 0.052732 0.056352
2 0.855880 0.682594 0.050506 0.119680
0 0.485333 0.719523 0.037369 0.046827
2 0.651818 0.688200 0.069941 0.120467
