0 0.328934 0.795174 0.110996 0.087252
0 0.814029 0.576518 0.100034 0.062023
0 0.828418 0.756804 0.084960 0.069381
0 0.794845 0.288481 0.110996 0.068330
2 0.843440 0.728706 0.236187 0.069278
2 0.826074 0.559508 0.257027 0.085265
2 0.832708 0.297199 0.280061 0.105543
2 0.835706 0.559673 0.216064 0.081628
2 0.872850 0.751288 0.198574 0.083197
2 0.266069 0.776124 0.201519 0.127904
2 0.241129 0.571822 0.292884 0.093196
2 0.259964 0.765078 0.306068 0.119927
2 0.871630 0.709449 0.295709 0.128597
2 0.942732 0.894036 0.266515 0.065743
2 0.842436 0.552677 0.329612 0.083805
0 0.794457 0.284789 0.041171 0.023672
0 0.810795 0.579063 0.036801 0.016580
0 0.309619 0.779254 0.088081 0.039696
0 0.833936 0.746116 0.054484 0.024829
0 0.669231 0.389174 0.155037 0.178695
1 0.453531 0.782169 0.140314 0.185601
2 0.260478 0.403768 0.317407 0.367939
