1 0.0747400392 0.7995777468 0.1144214409 0.1137809323
0 0.1898425583 0.6306841815 0.0721944801 0.1351148326
0 0.4037016787 0.6066835314 0.0912647283 0.1404483322
2 0.0515833204 0.5604600154 0.0844539234 0.2613405974
2 0.6522958557 0.4893469204 0.1307673516 0.1582265906
0 0.6638742361 0.6929081473 0.1539241125 0.1777827314
2 0.8504901488 0.5249034617 0.1975132297 0.2293396733
1 0.9117873308 0.7320203305 0.0667458028 0.1066695995
0 0.0164694133 0.6384974186 0.0161086729 0.0231267220
0 0.6571916960 0.5990768899 0.0555749007 0.0788410574
1 0.6366531589 0.7925002487 0.1014846341 0.1377090233
0 0.2125924432 0.7215432921 0.0281901657 0.0294339338
1 0.5150327029 0.1969876036 0.7136140479 0.3153641251
2 0.8528932245 0.4995090405 0.0997107363 0.0900169778
2 0.2142658834 0.5536174436 0.0528168158 0.0809796467
2 0.4127626507 0.5471193126 0.0503058460 0.1075225683
1 0.2180814372 0.7260566503 0.0401251368 0.0592002193
2 0.8382763777 0.5268251109 0.1814354173 0.3483705628
2 0.4152179320 0.5769176391 0.1413102429 0.2709548631
2 0.2049971621 0.6218870105 0.1168862589 0.3244627923
2 0.0396940313 0.5860253179 0.0793880625 0.3369859090
1 0.7601802198 0.7295910379 0.1926850137 0.2078588612
