0 0.602068 0.688539 0.068321 0.045665
0 0.596558 0.724902 0.070525 0.047356
0 0.596525 0.690076 0.055021 0.023334
0 0.599421 0.723411 0.055021 0.016667
0 0.590733 0.891750 0.043438 0.022223
0 0.738422 0.083388 0.063709 0.016667
1 0.712360 0.907306 0.083980 0.040001
1 0.669645 0.658408 0.180991 0.075558
1 0.227303 0.311174 0.269315 0.178895
2 0.603449 0.673897 0.305449 0.254562
2 0.563891 0.944435 0.274403 0.192079
0 0.641505 0.386960 0.375552 0.254562
0 0.798545 0.234880 0.234459 0.354988
0 0.753395 0.571024 0.286738 0.363498
0 0.709830 0.774048 0.434067 0.205456
0 0.599754 0.726200 0.053121 0.021984
0 0.598943 0.695720 0.057350 0.031396
0 0.593014 0.689270 0.050861 0.026574
0 0.594637 0.727056 0.073586 0.015778
0 0.737481 0.081799 0.045450 0.015778
0 0.604377 0.891484 0.071422 0.024083
2 0.552975 0.691762 0.091983 0.076401
2 0.606000 0.383666 0.111461 0.076401
