1 0.494346 0.321797 0.935984 0.256511
1 0.598604 0.631190 0.723728 0.279609
0 0.823556 0.727851 0.012128 0.025229
0 0.845387 0.712608 0.012128 0.030485
0 0.560780 0.786193 0.008894 0.028383
0 0.589887 0.769374 0.012128 0.019973
0 0.169445 0.148106 0.016979 0.026280
1 0.533289 0.220640 0.042853 0.095660
1 0.777065 0.693686 0.085705 0.110377
2 0.450818 0.793551 0.422868 0.360566
1 0.340856 0.819832 0.050938 0.070431
0 0.308689 0.760678 0.020978 0.020159
0 0.560426 0.786766 0.019154 0.027274
0 0.819916 0.723324 0.023714 0.030832
0 0.590069 0.765421 0.018242 0.032018
0 0.170963 0.145819 0.026451 0.028460
2 0.594629 0.775501 0.118572 0.194478
2 0.849559 0.736961 0.134077 0.243097
0 0.174156 0.668775 0.018242 0.026089
2 0.155914 0.218748 0.047429 0.314248
2 0.313249 0.199775 0.048341 0.212266
0 0.816688 0.727139 0.045996 0.059849
0 0.559381 0.787816 0.034510 0.061971
1 0.428892 0.287758 0.191685 0.149530
1 0.658447 0.315719 0.211321 0.159255
1 0.916053 0.288365 0.086960 0.213961
