1 0.6362743189 0.2852895678 0.1809753569 0.2039354727
0 0.7804889868 0.3304917586 0.0331249426 0.1156335115
1 0.6593002093 0.5155053868 0.0508993168 0.1955257790
2 0.5053904127 0.4056535558 0.3700299027 0.5539896745
0 0.3575594590 0.1842305802 0.2731562888 0.2505149350
0 0.8200639781 0.1736830559 0.1023071591 0.1349639647
0 0.8576678663 0.3471858075 0.0639966455 0.0622865735
1 0.5993595879 0.3567945078 0.1409479651 0.2730375035
2 0.4917952849 0.2762167281 0.1012955090 0.4959232926
2 0.9364217248 0.3119643145 0.0801097757 0.3373475620
2 0.1478669266 0.2902080395 0.1844668483 0.2518786739
2 0.4989150397 0.3563718443 0.1388762068 0.2600921287
2 0.9450021498 0.3239744005 0.1024036219 0.2427526649
1 0.6167493764 0.3207802396 0.2903774752 0.2619173354
2 0.7661464804 0.3513524582 0.0462920689 0.2190249162
2 0.5940636928 0.5283886085 0.2490796760 0.4588899474
