1 0.9058386256 0.5540669143 0.0672491135 0.0879446319
2 0.8729223532 0.7239164307 0.0498730770 0.1719469681
2 0.6856715225 0.7594916450 0.0997461541 0.1814336398
2 0.3832591535 0.7719429812 0.1387379074 0.1375575416
2 0.2776188639 0.2300136117 0.0743562520 0.1565310186
2 0.5147428031 0.2317923755 0.0952122980 0.1695752590
2 0.7799770304 0.2134118385 0.1342039884 0.2134513881
2 0.7782326570 0.1790314029 0.1080882331 0.0808941054
2 0.2781616667 0.1858435326 0.0507884630 0.0723789202
2 0.8690658554 0.7614688552 0.0527418551 0.1115487558
2 0.6812136932 0.8193720243 0.0989723716 0.0740819655
2 0.4966171375 0.1888238207 0.0631600094 0.0732304429
2 0.2681003103 0.2225045561 0.1411563547 0.2757957792
2 0.5054614050 0.2214057588 0.1235118045 0.2823884803
2 0.7898745944 0.2142636437 0.1714041304 0.2900800095
2 0.6961905011 0.7471757780 0.1235117731 0.2703018137
2 0.8680147432 0.7235518433 0.1008259924 0.2472273188
2 0.4418536892 0.7882953682 0.4597950866 0.3731809057
2 0.7799168124 0.1911383992 0.1358120228 0.1129449915
2 0.6840167217 0.8147874826 0.0932721532 0.1002427432
2 0.8716346749 0.7762771350 0.0674325332 0.0875528560
2 0.8102380220 0.2611577917 0.1087285051 0.2018167720
1 0.5258474713 0.6051096907 0.9258900062 0.4121189105
