2 0.6806413189 0.7343227353 0.1821751645 0.1835470339
2 0.3304406578 0.7583439399 0.1609507671 0.2069522712
1 0.6040641704 0.8977775686 0.0522624126 0.0410603722
1 0.3568047614 0.8802069611 0.0614151483 0.0424085153
2 0.6764943655 0.6580184086 0.1935492265 0.3607942016
2 0.3366524947 0.6453667918 0.1255940006 0.3848235726
1 0.5553496511 0.8613547048 0.1479134650 0.1324529116
1 0.5357284707 0.1780657670 0.2535660593 0.1660917959
1 0.2632959306 0.7415163370 0.0588635254 0.0378436763
1 0.5122708291 0.8597052790 0.2416898386 0.1445225690
2 0.5208642899 0.5657719755 0.9198827483 0.8684560490
2 0.5322100991 0.7333219422 0.4573230944 0.2796139983
