2 0.5341169349 0.7451043432 0.0869501853 0.3577448466
2 0.8019600174 0.7478683288 0.0522917663 0.2874594079
2 0.1188233517 0.5800520686 0.0553319361 0.3340531560
2 0.2772186317 0.6799521082 0.0547239059 0.3143100233
0 0.5335057529 0.7265703684 0.0179659644 0.0411125459
0 0.5459108559 0.7754609502 0.0136884077 0.0233342060
0 0.1202879548 0.5565644414 0.0213880757 0.0500017649
1 0.7576529102 0.6732352015 0.0675863385 0.1144483697
2 0.5591714608 0.7504600923 0.6288096771 0.4155699948
2 0.4278793665 0.6688047723 0.3081267386 0.5951302034
2 0.8574877039 0.5217929273 0.2510946317 0.6720413024
2 0.4028269544 0.7011592758 0.2170175754 0.4018271327
