1 0.894515 0.392152 0.077503 0.104070
1 0.549385 0.770589 0.052476 0.045202
1 0.848094 0.679133 0.083154 0.057817
1 0.981303 0.403190 0.033100 0.090404
1 0.334638 0.752718 0.042788 0.053612
1 0.079524 0.713823 0.070237 0.141914
2 0.556248 0.797921 0.187299 0.284879
2 0.936764 0.838965 0.088650 0.229779
2 0.756336 0.855704 0.102100 0.199585
2 0.550676 0.182965 0.278495 0.343600
2 0.815474 0.159341 0.083564 0.289638
2 0.293060 0.770146 0.066839 0.101337
2 0.572776 0.789818 0.062261 0.116836
2 0.758643 0.760013 0.058599 0.095376
2 0.944511 0.736765 0.038455 0.079878
2 0.230341 0.317704 0.054936 0.071532
2 0.556295 0.276573 0.192276 0.096569
2 0.828687 0.283130 0.059514 0.076301
2 0.472881 0.495641 0.796393 0.380511
