0 0.300108 0.690303 0.120330 0.099518
0 0.378217 0.259515 0.107663 0.069526
0 0.640515 0.240429 0.121385 0.143142
0 0.296546 0.697891 0.017101 0.030485
0 0.621879 0.695789 0.013030 0.019973
0 0.623101 0.247446 0.012215 0.016819
0 0.362101 0.251125 0.013030 0.017871
0 0.127568 0.212756 0.013030 0.018922
0 0.644681 0.244292 0.004886 0.012615
0 0.665147 0.678268 0.253463 0.202727
0 0.301167 0.698637 0.046717 0.042342
0 0.366272 0.260465 0.027831 0.046191
0 0.621226 0.247634 0.022861 0.046191
0 0.646075 0.244427 0.022861 0.055172
0 0.626196 0.693505 0.028825 0.032077
0 0.602837 0.693504 0.019879 0.052606
0 0.831451 0.238653 0.023855 0.041059
2 0.617250 0.166800 0.064608 0.059022
2 0.806105 0.156536 0.070572 0.069286
2 0.808093 0.737771 0.060632 0.056456
