0 0.735100 0.761244 0.040419 0.045664
0 0.709023 0.713889 0.027381 0.038899
0 0.984135 0.552376 0.040419 0.054120
0 0.084480 0.203980 0.029989 0.060885
0 0.261803 0.214127 0.024773 0.077797
0 0.393492 0.750251 0.029989 0.037207
0 0.265010 0.224267 0.032115 0.067514
0 0.087821 0.213494 0.027686 0.045967
0 0.389595 0.749293 0.019934 0.005746
0 0.737326 0.765094 0.057586 0.060331
1 0.925035 0.454819 0.091916 0.071823
1 0.153713 0.445482 0.106313 0.044530
2 0.319145 0.161584 0.469163 0.019631
0 0.259038 0.226947 0.017829 0.024178
0 0.083581 0.206449 0.017019 0.029434
0 0.390327 0.753605 0.011346 0.022075
0 0.714496 0.716287 0.011346 0.014717
0 0.740835 0.762541 0.025123 0.027332
0 0.985178 0.556503 0.017829 0.037844
1 0.688563 0.668335 0.037279 0.087008
