2 0.521819 0.549091 0.116108 0.141419
0 0.336046 0.598519 0.084442 0.081007
0 0.474320 0.650006 0.101331 0.071396
2 0.336391 0.512660 0.062859 0.094564
2 0.484559 0.585626 0.075431 0.060708
2 0.670442 0.579205 0.066451 0.082889
0 0.773572 0.766101 0.234900 0.321066
1 0.274218 0.664730 0.193234 0.204967
0 0.537947 0.779159 0.110529 0.131461
1 0.095437 0.547506 0.116782 0.142779
2 0.462972 0.645593 0.067014 0.360005
0 0.307692 0.593497 0.041742 0.053480
1 0.442034 0.681044 0.046841 0.118374
1 0.086036 0.557673 0.046932 0.064465
2 0.323269 0.532741 0.054475 0.146248
2 0.477257 0.610432 0.052484 0.226148
2 0.662751 0.605664 0.078231 0.174125
1 0.782346 0.762336 0.260392 0.289572
1 0.910159 0.643620 0.079887 0.173301
1 0.960170 0.766607 0.074307 0.239706
0 0.313634 0.586994 0.036942 0.067298
0 0.441979 0.627246 0.069901 0.072783
1 0.788592 0.743089 0.287577 0.450745
