2 0.825866 0.679960 0.050584 0.139939
0 0.622609 0.234428 0.028511 0.043058
1 0.409696 0.736773 0.022073 0.028705
2 0.076759 0.673382 0.069898 0.124390
2 0.342097 0.264927 0.074497 0.175821
2 0.113088 0.203330 0.057942 0.145919
2 0.587660 0.234428 0.076336 0.145919
2 0.763786 0.240408 0.058862 0.126782
2 0.653420 0.761293 0.077256 0.147115
2 0.387622 0.750528 0.045986 0.147115
2 0.637134 0.788022 0.113466 0.218673
2 0.592021 0.186227 0.099796 0.152893
2 0.103978 0.167560 0.072454 0.140448
2 0.337063 0.211117 0.087492 0.170671
1 0.867484 0.604017 0.043746 0.085336
2 0.651583 0.765408 0.126942 0.199474
2 0.397944 0.780642 0.095543 0.155149
2 0.360264 0.224011 0.137187 0.159981
2 0.589822 0.218553 0.130395 0.152598
2 0.825596 0.704380 0.079250 0.150493
1 0.467447 0.227979 0.073822 0.062224
1 0.151655 0.158643 0.035544 0.072891
0 0.618520 0.228066 0.025811 0.024141
2 0.343821 0.843776 0.121067 0.118593
0 0.614114 0.228524 0.012125 0.021024
2 0.510243 0.764117 0.400934 0.390000
