0 0.321701 0.828797 0.045071 0.063824
2 0.939926 0.644256 0.062334 0.120183
2 0.745378 0.134389 0.099631 0.122819
2 0.485643 0.129837 0.062163 0.141263
0 0.490813 0.215384 0.009725 0.028383
0 0.500943 0.223794 0.008915 0.017871
2 0.444698 0.765398 0.083073 0.078240
2 0.749137 0.141586 0.065382 0.052179
0 0.772148 0.197843 0.019668 0.032641
0 0.454243 0.582369 0.461587 0.206007
0 0.361974 0.353458 0.168334 0.128264
0 0.640576 0.354501 0.175533 0.151224
0 0.867293 0.300729 0.094205 0.081781
0 0.838454 0.651954 0.135444 0.197448
1 0.746848 0.639901 0.044108 0.240820
