2 0.173370 0.836956 0.268683 0.160751
2 0.144583 0.246656 0.108079 0.279338
2 0.127128 0.313971 0.123947 0.265814
2 0.114654 0.265798 0.118756 0.226252
2 0.320660 0.264617 0.057323 0.146426
2 0.235808 0.818817 0.073721 0.120389
2 0.708260 0.747758 0.060850 0.101373
2 0.438252 0.773613 0.073261 0.076090
0 0.145028 0.698883 0.168276 0.224114
0 0.850702 0.580928 0.144754 0.127391
0 0.849547 0.256439 0.057301 0.122142
0 0.731307 0.729591 0.024558 0.084195
2 0.226513 0.870113 0.039110 0.106726
2 0.121462 0.871299 0.050934 0.120956
2 0.133286 0.203669 0.065487 0.144673
2 0.092606 0.822007 0.036577 0.097761
2 0.238455 0.797567 0.030176 0.084647
2 0.431397 0.760013 0.037491 0.097761
2 0.716696 0.746302 0.041149 0.098953
2 0.126896 0.266439 0.041149 0.128758
2 0.318009 0.246768 0.039320 0.077493
2 0.595992 0.241403 0.039320 0.059610
2 0.438423 0.752759 0.125878 0.184785
2 0.130910 0.218124 0.061999 0.071852
2 0.316908 0.216840 0.050190 0.061588
