0 0.141686 0.662840 0.011341 0.018922
0 0.255093 0.222381 0.014581 0.014717
1 0.435329 0.644969 0.021871 0.039946
1 0.402927 0.639187 0.038072 0.030485
1 0.175303 0.622368 0.073715 0.106173
1 0.119004 0.613958 0.032402 0.034690
1 0.507828 0.271262 0.038882 0.072534
1 0.545496 0.268634 0.025112 0.086200
1 0.243347 0.269160 0.039692 0.055714
0 0.142018 0.666888 0.028177 0.018873
1 0.170196 0.617347 0.073624 0.080209
0 0.253818 0.228095 0.031813 0.047182
1 0.402885 0.635040 0.029995 0.044823
1 0.439243 0.642117 0.028177 0.047182
1 0.124294 0.610859 0.018179 0.036566
1 0.148523 0.612538 0.031533 0.047820
0 0.141133 0.657126 0.019655 0.055247
1 0.422485 0.638149 0.042841 0.047040
