0 0.1498168784 0.7115894933 0.0581849791 0.0714825046
1 0.2031531100 0.7352419207 0.0888937225 0.0830458610
0 0.1582843759 0.7081720906 0.0408052562 0.0542593187
0 0.2086108516 0.7311733615 0.0362713241 0.0389252693
0 0.9204357736 0.6503741603 0.0217627982 0.0519001130
2 0.6912006679 0.7335761778 0.0748179011 0.1831410070
2 0.8889168103 0.7158422655 0.0614505586 0.1607481926
2 0.6851828777 0.2188128687 0.1111723397 0.1479982684
2 0.8841424080 0.1691173646 0.0795527610 0.2343839645
2 0.5185987138 0.2528323081 0.0775619100 0.1472343076
2 0.4676867661 0.7441345953 0.1058543726 0.1656201270
2 0.1913781967 0.7370559938 0.0977311250 0.1670290547
