2 0.2120870144 0.7398047190 0.2342241516 0.1028666162
1 0.4042155515 0.8106921839 0.1367306621 0.1726933432
1 0.6976365629 0.7727509897 0.1421956531 0.1180016136
0 0.3388900095 0.3097123508 0.0391830955 0.0912036880
0 0.7763261192 0.3294047587 0.0516026153 0.0774912623
2 0.5789511869 0.1636898277 0.1889247965 0.0581549092
1 0.2065812386 0.1432327590 0.0722958400 0.1375834352
1 0.6882995832 0.1249886512 0.0296154377 0.1649866096
1 0.8572602112 0.1637294471 0.0283500359 0.1265713540
0 0.3026043539 0.8362229291 0.0524688494 0.0517515664
2 0.5684012563 0.7884260327 0.0951669308 0.0251552388
0 0.8583135404 0.6201255239 0.0471403933 0.0853629039
0 0.3398101599 0.6122091756 0.0604277732 0.2048361484
0 0.5574144177 0.6573567233 0.0584992098 0.2131967844
0 0.8508747767 0.6506682095 0.0475708159 0.2249017142
0 0.6278063314 0.3066271429 0.0424279800 0.2424590966
0 0.5831283513 0.3037009105 0.0559278297 0.2483115615
0 0.7785543184 0.3166599197 0.0430708534 0.2391148151
0 0.8036254353 0.2945041641 0.0379280932 0.2366066071
0 0.1205987895 0.3066271306 0.0668562519 0.2541640018
0 0.3288817282 0.3020287759 0.0424279989 0.2516558307
2 0.5975924543 0.1674221694 0.1079985702 0.2282459465
1 0.8474374461 0.5543421669 0.0324657114 0.0366679644
2 0.5695513190 0.7339994690 0.0653379079 0.1123413283
2 0.3392074755 0.1816545190 0.0897012212 0.1137816301
2 0.6000054228 0.2082995800 0.0908085895 0.1584301133
2 0.7854986746 0.2299036830 0.0764121584 0.1325051848
2 0.8558199858 0.7159960406 0.0841640770 0.1569897992
