2 0.494161 0.922239 0.870224 0.264629
2 0.489641 0.082305 0.818237 0.142056
1 0.663158 0.735899 0.040655 0.072534
2 0.529405 0.782152 0.410611 0.272264
2 0.502166 0.143540 0.502490 0.254394
1 0.080452 0.512957 0.104921 0.081389
2 0.393390 0.780714 0.112220 0.237090
2 0.180811 0.754764 0.083024 0.239449
2 0.643831 0.784253 0.102184 0.215858
2 0.387411 0.725102 0.098143 0.271558
2 0.655240 0.754155 0.099977 0.241912
2 0.305320 0.235943 0.163265 0.384212
2 0.530956 0.225863 0.111901 0.399628
2 0.109493 0.234757 0.090805 0.329664
2 0.176450 0.747633 0.092639 0.217009
2 0.420134 0.821891 0.142393 0.064150
2 0.657756 0.816237 0.105446 0.105261
0 0.741991 0.632083 0.258221 0.153981
0 0.507802 0.682864 0.295005 0.235040
0 0.295642 0.711240 0.188823 0.309335
0 0.527870 0.350476 0.105120 0.271368
0 0.440120 0.367795 0.266395 0.247088
2 0.072243 0.232573 0.156616 0.063727
0 0.290801 0.686228 0.174786 0.252026
0 0.504025 0.669194 0.228823 0.225838
0 0.748507 0.638227 0.248521 0.203758
0 0.497387 0.299925 0.395813 0.277031
2 0.107345 0.266323 0.067603 0.393920
2 0.186051 0.695426 0.066343 0.331008
2 0.303486 0.115172 0.130496 0.097453
2 0.529937 0.090958 0.093446 0.062073
0 0.271576 0.676472 0.187945 0.261860
0 0.490541 0.675882 0.248161 0.281912
0 0.772003 0.608648 0.296516 0.178112
