1 0.5896193644 0.3840970294 0.0989801850 0.0828708836
0 0.7037875049 0.1078336058 0.0265254806 0.0477794244
1 0.2190560608 0.1745025799 0.0633188383 0.1566720948
1 0.1630103152 0.1383902185 0.0556178831 0.1288933616
1 0.4526512585 0.6261849112 0.0598961916 0.0911142828
1 0.5918809840 0.3849285667 0.1161361528 0.1192291403
0 0.5913919600 0.3036833342 0.2499020466 0.2166484943
0 0.8193786084 0.2023226104 0.1991879005 0.1698858470
0 0.1017555739 0.2421432064 0.1331182526 0.2148297226
0 0.0949210570 0.6254045477 0.1808866578 0.1594945911
1 0.3357114550 0.5842993607 0.2205865861 0.1029951638
1 0.3329093376 0.2794578260 0.2183023351 0.1187957374
