0 0.487127 0.831991 0.054133 0.079781
0 0.868584 0.759720 0.054855 0.081658
1 0.260129 0.825891 0.076508 0.142666
1 0.478104 0.798202 0.072177 0.117324
2 0.654236 0.154440 0.651254 0.308880
2 0.605682 0.811515 0.467594 0.241705
0 0.477012 0.825537 0.036283 0.062516
1 0.901065 0.763611 0.048075 0.042464
1 0.197182 0.387335 0.205904 0.120314
2 0.696068 0.771278 0.093428 0.260681
2 0.862514 0.798408 0.058052 0.265398
2 0.063088 0.245839 0.078980 0.216338
2 0.274402 0.240376 0.177285 0.340896
2 0.550833 0.222347 0.128553 0.379138
2 0.862132 0.750081 0.105867 0.390064
2 0.693249 0.769202 0.147878 0.354008
2 0.515124 0.800341 0.122671 0.298284
2 0.209706 0.779035 0.184007 0.297192
1 0.963145 0.595128 0.073710 0.096003
1 0.846313 0.553349 0.113472 0.048001
1 0.040386 0.799578 0.054685 0.060446
0 0.253659 0.836912 0.041014 0.081780
0 0.483338 0.830690 0.030077 0.044446
1 0.874339 0.745354 0.065623 0.090669
2 0.501111 0.894692 0.128511 0.126226
1 0.197435 0.363982 0.159955 0.067557
2 0.696441 0.096419 0.447054 0.108447
2 0.235166 0.778571 0.161640 0.217573
2 0.530425 0.780811 0.147622 0.280713
2 0.705550 0.768008 0.098525 0.240300
2 0.878590 0.775345 0.091187 0.263094
2 0.288227 0.242983 0.157984 0.223258
2 0.053799 0.247721 0.064416 0.184502
2 0.719798 0.205865 0.433947 0.237578
2 0.865229 0.175870 0.129567 0.263534
2 0.705762 0.813825 0.076411 0.145448
2 0.518056 0.861347 0.077519 0.110886
2 0.206873 0.835426 0.086378 0.076324
2 0.705762 0.822465 0.067552 0.133927
2 0.879072 0.185230 0.099667 0.181450
1 0.961574 0.607893 0.058693 0.102246
1 0.257879 0.833056 0.032379 0.076025
1 0.879831 0.768727 0.038675 0.071346
2 0.559186 0.162868 0.127718 0.253806
2 0.270471 0.171641 0.156500 0.261993
2 0.068551 0.259361 0.089043 0.215209
2 0.230447 0.787441 0.130416 0.321643
2 0.510168 0.797383 0.121422 0.292403
2 0.701295 0.778084 0.097138 0.316965
2 0.224904 0.758034 0.168525 0.199864
2 0.509010 0.764480 0.172751 0.299038
2 0.701461 0.760876 0.123586 0.252526
2 0.294936 0.273482 0.166267 0.254939
2 0.058670 0.291959 0.110967 0.278849
1 0.179922 0.282612 0.086853 0.080003
0 0.883079 0.759125 0.040282 0.104968
0 0.678231 0.787162 0.040517 0.041890
0 0.480073 0.834001 0.063275 0.076497
0 0.252296 0.820382 0.051997 0.081848
