2 0.621850 0.586099 0.343153 0.308137
1 0.070098 0.491450 0.140196 0.183942
2 0.623262 0.593811 0.195396 0.275673
0 0.671916 0.542837 0.034006 0.018922
0 0.675155 0.592770 0.024290 0.015768
0 0.050898 0.512352 0.025909 0.021024
1 0.461402 0.782514 0.095541 0.075687
1 0.063043 0.527594 0.082586 0.051509
0 0.846257 0.745015 0.297952 0.217543
0 0.111381 0.768494 0.173346 0.193180
0 0.628566 0.817199 0.175523 0.209832
0 0.397022 0.819159 0.119642 0.175784
2 0.684140 0.724017 0.340641 0.494486
2 0.613463 0.506476 0.184902 0.127167
1 0.073503 0.555738 0.081612 0.118618
2 0.612914 0.559117 0.118110 0.218221
0 0.627797 0.809158 0.312296 0.228393
