0 0.7453695505 0.6961312618 0.0456066072 0.0710321566
0 0.7390606974 0.7059393487 0.0234877828 0.0672777352
0 0.7427854232 0.7064027767 0.0336256907 0.0507206253
2 0.7069717961 0.7618649553 0.1101514431 0.2633607476
2 0.9179343742 0.7434714958 0.0721460214 0.2014918683
0 0.7403551171 0.6954506808 0.0312441811 0.0793410649
2 0.3462316642 0.1566538461 0.0905983722 0.2391240108
2 0.6073860761 0.1795402968 0.1118799081 0.3085725550
2 0.8168568665 0.1811186644 0.1368096386 0.3275130502
2 0.9174879321 0.7556476195 0.0875581890 0.2343888735
2 0.7448037577 0.7406530425 0.0620203838 0.2896320520
