2 0.308813 0.823667 0.123867 0.123407
2 0.620742 0.831087 0.127260 0.127313
0 0.097374 0.180888 0.070439 0.221427
0 0.087649 0.183862 0.036065 0.027130
1 0.451525 0.181219 0.065889 0.098814
2 0.484871 0.791975 0.476490 0.277520
2 0.223871 0.794244 0.225583 0.181338
1 0.442343 0.427562 0.822384 0.545845
2 0.595386 0.432692 0.449593 0.559064
2 0.745713 0.170394 0.491195 0.290382
0 0.453542 0.302333 0.081308 0.171805
2 0.901472 0.629340 0.148939 0.353748
2 0.621315 0.800030 0.141860 0.205102
2 0.257378 0.127618 0.057668 0.214611
2 0.106039 0.113892 0.080065 0.113807
2 0.315777 0.817365 0.101926 0.262840
0 0.444666 0.625396 0.098960 0.070415
0 0.665886 0.604730 0.147714 0.115300
2 0.137320 0.776499 0.063573 0.235890
