1 0.1801154802 0.6680956670 0.0347493226 0.1114286728
1 0.4140673942 0.6512762098 0.0517199221 0.0651752785
1 0.7643891091 0.5030550848 0.0961667143 0.1492723591
1 0.1853896771 0.6893524950 0.0437347365 0.2133393114
1 0.4361810344 0.6431289611 0.0423679973 0.1244478906
0 0.5321574125 0.6590856087 0.1196386315 0.1805814638
0 0.7660951570 0.6459952723 0.1580850332 0.0997937127
0 0.3361336066 0.7501449688 0.2177200909 0.1824471845
1 0.1092070754 0.7197304850 0.1804229038 0.1884163077
2 0.4348390819 0.6530971604 0.7123717788 0.5745847145
