1 0.8576892311 0.6989421587 0.1515660328 0.2028842319
1 0.6089758900 0.2621628743 0.6135199022 0.3237738699
0 0.4069554844 0.7278110679 0.2359602108 0.2064163331
0 0.6376209663 0.7318933286 0.1967745049 0.2273956875
1 0.8600846796 0.6698728906 0.1557636744 0.1681764505
0 0.2061391195 0.7037623115 0.1152566599 0.2007073251
0 0.0477118439 0.6474338747 0.0926799610 0.2700963599
2 0.1450965901 0.5499149127 0.0871159359 0.1332910749
2 0.7724097437 0.6109674048 0.0515697548 0.1371853564
1 0.4224299143 0.6751658190 0.7912926666 0.3848104965
2 0.8779635013 0.7925895012 0.1777568334 0.2096489343
