1 0.371634 0.878701 0.078952 0.095661
1 0.317657 0.495007 0.080563 0.179758
1 0.500938 0.164399 0.609861 0.281726
2 0.616143 0.585411 0.501907 0.499328
0 0.408340 0.775093 0.126836 0.287637
2 0.188687 0.719655 0.104971 0.364224
2 0.189620 0.652178 0.070304 0.130722
2 0.275297 0.745341 0.531009 0.468962
2 0.189558 0.606713 0.047299 0.102366
2 0.031780 0.621975 0.035045 0.060554
2 0.468786 0.569856 0.069944 0.140868
1 0.399655 0.223256 0.075716 0.110345
2 0.192665 0.629992 0.043266 0.071852
2 0.038775 0.613954 0.032450 0.047474
