0 0.651558 0.446158 0.138028 0.141914
0 0.617309 0.446673 0.026126 0.062576
0 0.650619 0.441599 0.027432 0.089636
2 0.630734 0.482338 0.025479 0.266438
1 0.328144 0.263503 0.580449 0.199315
1 0.760172 0.394845 0.100759 0.234572
0 0.617463 0.444547 0.025211 0.044749
2 0.630354 0.446899 0.080127 0.175930
2 0.804716 0.503381 0.062152 0.190898
2 0.312196 0.403988 0.072093 0.211258
1 0.174088 0.253544 0.256632 0.156631
0 0.587791 0.444044 0.093587 0.070504
0 0.688226 0.465260 0.096651 0.101113
1 0.735559 0.386330 0.139878 0.219662
1 0.433893 0.267493 0.129977 0.106172
1 0.607445 0.284158 0.088909 0.076590
