0 0.181704 0.233576 0.026069 0.065958
0 0.180120 0.236572 0.021875 0.055714
0 0.547534 0.812638 0.011342 0.022075
2 0.471909 0.325160 0.307524 0.356813
0 0.602207 0.706255 0.470570 0.213365
0 0.773357 0.379862 0.453286 0.295802
1 0.209520 0.387213 0.171203 0.153915
2 0.131596 0.791230 0.162487 0.320614
2 0.163733 0.209038 0.063394 0.256722
2 0.331212 0.777675 0.067920 0.232288
2 0.139373 0.796847 0.113553 0.238909
2 0.539096 0.825504 0.075690 0.215263
2 0.785353 0.174585 0.087250 0.266593
2 0.480270 0.288793 0.227784 0.438624
0 0.799736 0.839607 0.022891 0.048531
0 0.185745 0.237655 0.040167 0.069678
