0 0.5137876623 0.6550747962 0.0127885029 0.0400014235
0 0.2226351963 0.6272960629 0.0136411370 0.0533352039
0 0.6740707224 0.6645195864 0.0247245293 0.0411124932
0 0.8228441047 0.6695197695 0.0119359319 0.0333345127
0 0.7780841713 0.2711725908 0.0127885344 0.0188895394
0 0.6097017176 0.2539497791 0.0187565003 0.0355567753
1 0.5223133414 0.5361818007 0.0247244978 0.0488905557
1 0.4182998925 0.6139623235 0.1253276939 0.1844508691
1 0.2814624893 0.2311712289 0.0545644219 0.0900031310
1 0.5990445951 0.3133962871 0.0503015981 0.0788916336
1 0.3177109552 0.2433938268 0.1750087522 0.2356423517
1 0.4242609298 0.6015779332 0.1039606651 0.1547231770
0 0.6722487065 0.6644547545 0.0217369560 0.0327572441
0 0.5143820779 0.6582797576 0.0131835623 0.0323751484
0 0.8218163647 0.6733042365 0.0161668838 0.0430619651
0 0.2221641029 0.6356390804 0.0233363889 0.0665314398
0 0.7783316818 0.2680220870 0.0247332216 0.0352912703
0 0.6097366443 0.2587174683 0.0175982181 0.0317851761
2 0.3100948432 0.0834494529 0.0726131286 0.1423225582
2 0.6041774376 0.0984711432 0.0887541874 0.1399458351
2 0.7671333998 0.1348861664 0.0763940329 0.1719276823
2 0.5036084595 0.7205185008 0.0686597952 0.0726839641
2 0.6646718123 0.7532139299 0.0547734783 0.1183642841
1 0.5795920798 0.7998653327 0.0437342405 0.3265408360
1 0.7485244483 0.8035331064 0.0541682288 0.3594382516
1 0.8949477252 0.7217823842 0.0521352353 0.4590119578
1 0.4214541157 0.7326157755 0.1217561925 0.3706207378
1 0.1163829394 0.4620513403 0.1024618119 0.0739156265
1 0.2123692909 0.1489580689 0.0805671306 0.1189631736
1 0.4714161309 0.0786577422 0.0877204005 0.1337706368
1 0.6893548956 0.1494221011 0.0381411778 0.2599208732
1 0.8659789535 0.1686297124 0.0497603441 0.2569921143
0 0.9133409750 0.1137012746 0.0213292991 0.0689599730
0 0.7302244519 0.7752650658 0.0565963446 0.0454085965
2 0.2140798264 0.5891579972 0.0724055996 0.1995961254
2 0.5030613949 0.6365079591 0.0710749041 0.2468443552
2 0.6669218931 0.6846419375 0.0730672075 0.2160775057
2 0.8244949829 0.7009449736 0.0426552598 0.2049044190
2 0.7766529001 0.2170500662 0.0691018749 0.1950800164
2 0.9546418717 0.2296745336 0.0775499216 0.1872734680
2 0.6061592850 0.1865959424 0.0674919073 0.2070824803
2 0.3207082837 0.1568997196 0.0890106737 0.1987845159
