2 0.880081 0.574644 0.239839 0.146840
2 0.907776 0.619519 0.140036 0.170711
1 0.458526 0.865201 0.068752 0.080944
1 0.677878 0.259697 0.415786 0.333237
1 0.295649 0.654957 0.165332 0.354262
2 0.911463 0.585812 0.177073 0.178997
1 0.826131 0.925975 0.134561 0.122760
1 0.789581 0.906926 0.323274 0.104980
2 0.546029 0.666883 0.190088 0.187962
2 0.901000 0.639487 0.198000 0.233045
1 0.851070 0.928470 0.077516 0.101336
2 0.881240 0.550682 0.237519 0.192005
2 0.898437 0.582553 0.203125 0.130057
1 0.350199 0.911819 0.219177 0.113295
1 0.713241 0.916669 0.319294 0.108423
