2 0.456090 0.764771 0.250456 0.207527
2 0.498456 0.820438 0.116995 0.140373
2 0.491975 0.735891 0.104264 0.281912
2 0.499061 0.828912 0.132550 0.190227
2 0.125323 0.039557 0.060126 0.076447
2 0.278200 0.080419 0.094288 0.126226
2 0.285858 0.096595 0.064827 0.100392
2 0.119734 0.081415 0.077376 0.105117
2 0.196063 0.609918 0.063318 0.144186
2 0.031722 0.602012 0.065546 0.116108
2 0.491089 0.732442 0.106529 0.195661
2 0.764655 0.649252 0.088504 0.087158
2 0.755525 0.156091 0.046679 0.086353
2 0.531573 0.111091 0.055476 0.126086
1 0.402865 0.199149 0.231802 0.282808
1 0.648283 0.254390 0.260600 0.177553
1 0.348389 0.611427 0.250840 0.266181
1 0.615410 0.559551 0.252227 0.232576
1 0.862166 0.532588 0.211185 0.122213
