2 0.151747 0.179822 0.111469 0.124738
2 0.356898 0.175725 0.099611 0.131111
2 0.579244 0.165255 0.115027 0.132022
2 0.638536 0.587268 0.150602 0.105617
2 0.401960 0.614128 0.123328 0.115633
1 0.625627 0.548479 0.037844 0.041970
1 0.444819 0.575921 0.100917 0.037128
1 0.344428 0.573903 0.068329 0.062149
1 0.949927 0.535968 0.040997 0.029864
1 1.006692 0.518211 0.051509 0.018564
1 0.369131 0.473416 0.060970 0.038742
1 0.451451 0.583585 0.073132 0.067019
1 0.620717 0.555509 0.048361 0.054340
1 0.940374 0.531057 0.043643 0.048906
1 1.004660 0.527434 0.033028 0.041660
0 0.881379 0.225057 0.468281 0.166641
0 0.907918 0.459623 0.585057 0.224604
2 0.134165 0.171773 0.111662 0.169645
2 0.361053 0.185454 0.106119 0.186062
2 0.585170 0.188799 0.099783 0.208560
2 0.868286 0.130426 0.105327 0.174509
2 0.185640 0.590718 0.083153 0.170861
2 0.391938 0.604703 0.133045 0.162349
2 0.648129 0.583117 0.190856 0.159308
2 1.016377 0.547242 0.194023 0.183630
0 0.766244 0.496445 0.375760 0.170150
0 1.041424 0.436485 0.232817 0.166269
0 0.996737 0.203454 0.231538 0.110256
0 0.783006 0.283305 0.211879 0.147198
1 0.387393 0.516306 0.317926 0.157676
1 0.420547 0.286468 0.210346 0.081573
2 0.556190 0.674184 0.334693 0.130018
2 0.247396 0.109751 0.175315 0.133078
