2 0.569934 0.590598 0.142064 0.101780
0 0.569747 0.243331 0.396947 0.120950
0 0.908865 0.227224 0.011161 0.005272
0 0.773397 0.456187 0.841506 0.133641
1 0.224563 0.484746 0.093063 0.071450
2 0.569827 0.629540 0.108498 0.064555
2 0.828886 0.045632 0.093557 0.073757
1 0.227218 0.474788 0.096712 0.105438
1 0.348108 0.199432 0.067278 0.042986
1 1.176990 0.495470 0.118787 0.115982
2 0.570439 0.549000 0.337440 0.286305
1 0.566013 0.227692 0.367088 0.141089
1 0.953336 0.250524 0.152278 0.086134
2 0.400514 0.117980 0.102616 0.111870
2 0.810620 0.124905 0.098163 0.106605
2 1.236228 0.166415 0.118205 0.195772
2 0.141722 0.102534 0.056625 0.097091
2 0.305492 0.580742 0.074802 0.082975
2 0.568856 0.564160 0.108453 0.146151
2 0.928359 0.582906 0.068432 0.114162
2 1.266470 0.585529 0.065773 0.117253
1 1.064752 0.433188 0.288509 0.163596
1 0.729902 0.418661 0.306868 0.073655
1 0.437803 0.445105 0.196974 0.124602
2 0.032578 0.609680 0.037041 0.085108
