0 0.396603 0.661461 0.026112 0.025369
0 0.696237 0.632710 0.027418 0.035516
0 0.684067 0.631066 0.056630 0.054009
0 0.548368 0.185147 0.097233 0.048469
0 0.293532 0.186532 0.087617 0.095554
0 0.692873 0.632190 0.016230 0.037844
0 0.395049 0.668983 0.016230 0.023127
0 0.529760 0.161246 0.024345 0.027332
0 0.288335 0.175438 0.012173 0.019973
1 0.313898 0.185424 0.017853 0.031536
0 0.696464 0.645474 0.028578 0.070100
0 0.535941 0.157923 0.028578 0.046471
0 0.393051 0.670679 0.024930 0.077977
1 0.508667 0.286059 0.966227 0.236129
