0 0.459927 0.355789 0.317470 0.193567
0 0.174786 0.368606 0.223287 0.144107
0 0.316998 0.600755 0.577494 0.236705
1 0.801329 0.619383 0.115238 0.142374
2 0.777003 0.218754 0.069968 0.166401
2 0.589635 0.195290 0.034940 0.070966
2 0.319299 0.180056 0.058094 0.083440
1 0.466501 0.351415 0.322178 0.187294
1 0.186711 0.361715 0.236115 0.152360
1 0.462591 0.599660 0.311642 0.130722
1 0.155431 0.602048 0.291100 0.203038
2 0.297250 0.731291 0.053454 0.161251
2 0.592694 0.732821 0.065919 0.097183
2 0.792335 0.689531 0.045844 0.136655
2 0.972386 0.181880 0.055228 0.111836
