1 0.7314414247 0.6133011168 0.1060640032 0.1187871074
1 0.9211054739 0.3849426634 0.1522641061 0.1826542220
1 0.7496048002 0.6291422688 0.0549289229 0.0613365872
2 0.7587442958 0.7895266347 0.1361812481 0.0983039035
1 0.9218001876 0.3891126655 0.1268759723 0.1785455347
0 0.7918638514 0.6567918025 0.1483757477 0.2246789697
2 0.5111736045 0.1729436745 0.2263877741 0.1281064220
0 0.8198204064 0.1224237814 0.1254897156 0.1373729691
0 0.2296412839 0.4701111083 0.0717084197 0.1446671323
0 0.4928866677 0.3716402457 0.0868049013 0.0620001926
2 0.4362747485 0.2348751114 0.1528521498 0.1993731860
2 0.5763892349 0.1491689644 0.1254897533 0.1811378205
0 0.6532870772 0.2737772056 0.0622731093 0.0607844987
2 0.2032223892 0.3120714165 0.1396426907 0.2710988565
2 0.4480688771 0.8415044169 0.0858613665 0.1872163203
2 0.7551884790 0.7035235523 0.1471909787 0.2467850279
0 0.8585052962 0.4470131316 0.0726519168 0.1203533279
2 0.9000206395 0.5922879770 0.1066190947 0.1653338793
