1 0.358483 0.652722 0.088231 0.140863
1 0.606988 0.705808 0.086612 0.139811
2 0.505183 0.189253 0.403029 0.152246
0 0.723662 0.356333 0.258713 0.174296
2 0.491439 0.229051 0.226925 0.325659
1 0.085269 0.120115 0.043266 0.077975
1 0.484817 0.636124 0.247234 0.188057
0 0.740881 0.619497 0.211915 0.193790
1 0.043328 0.487628 0.061808 0.081415
0 0.075557 0.282371 0.083883 0.166270
0 0.256126 0.350026 0.252532 0.115815
0 0.259216 0.574776 0.196904 0.170856
2 0.458514 0.153310 0.346350 0.104892
1 0.868521 0.225312 0.071187 0.160004
1 0.164185 0.253757 0.056128 0.071113
1 0.937654 0.671546 0.064342 0.117337
2 0.511197 0.262228 0.289259 0.246785
1 0.474427 0.474944 0.939871 0.535127
