1 0.749825 0.653790 0.032438 0.042224
0 0.913295 0.769905 0.016219 0.027779
1 0.612819 0.670457 0.087923 0.053335
1 0.906039 0.668235 0.029023 0.051113
1 0.700315 0.253221 0.020487 0.036668
1 0.686230 0.292666 0.019633 0.042224
1 0.541541 0.288777 0.030731 0.025556
1 0.734887 0.404893 0.028170 0.046668
2 0.389169 0.751571 0.355962 0.293344
1 0.604227 0.690241 0.069655 0.062224
1 0.237512 0.260007 0.032779 0.129781
2 0.658164 0.473747 0.333760 0.476307
1 0.700060 0.254691 0.030557 0.042342
0 0.739981 0.681315 0.017743 0.059022
2 0.886852 0.848757 0.045343 0.050040
2 0.516719 0.187971 0.069985 0.052606
