0 0.238842 0.144786 0.048202 0.040590
0 0.238842 0.326595 0.035056 0.035516
0 0.773448 0.591274 0.074494 0.027060
0 0.760302 0.639475 0.039438 0.035516
0 0.711004 0.930368 0.046011 0.025369
0 0.248629 0.146349 0.058701 0.035762
0 0.776015 0.596431 0.052681 0.029576
0 0.236921 0.332293 0.038429 0.025993
0 0.706934 0.932795 0.049489 0.025086
2 0.818564 0.332478 0.186170 0.162951
1 0.436154 0.527249 0.075596 0.066863
1 0.640894 0.500503 0.062997 0.064432
0 0.232421 0.140836 0.100717 0.086116
0 0.192134 0.653946 0.088321 0.064587
0 0.755376 0.624045 0.096069 0.162664
