2 0.371461 0.231040 0.063822 0.186037
1 0.690289 0.291021 0.064036 0.060472
1 0.923874 0.774796 0.135349 0.075590
1 0.100111 0.579932 0.118691 0.199203
2 0.549781 0.272587 0.062582 0.167683
2 0.373198 0.225692 0.075169 0.175933
2 0.209050 0.184597 0.045392 0.082708
2 0.040479 0.156247 0.038730 0.105874
2 0.790161 0.250886 0.038689 0.148517
2 0.498556 0.750651 0.084215 0.184346
2 0.307181 0.741701 0.062616 0.138339
2 0.143972 0.712363 0.059890 0.136976
2 0.773511 0.785085 0.130425 0.146308
1 0.629095 0.704569 0.211636 0.168427
1 0.677173 0.404561 0.289266 0.133389
2 0.562029 0.191993 0.050723 0.225130
1 0.684170 0.288342 0.078285 0.038562
1 0.723790 0.071545 0.089002 0.115754
1 0.473677 0.176859 0.029535 0.146560
2 0.387052 0.191748 0.051468 0.184887
1 0.922732 0.230271 0.120255 0.067858
1 0.916156 0.769747 0.109803 0.069260
2 0.792789 0.779812 0.101102 0.119218
2 0.488854 0.778651 0.079788 0.166588
2 0.295326 0.770372 0.037529 0.198791
2 0.385136 0.794789 0.043670 0.133684
0 0.373914 0.373096 0.007556 0.058729
0 0.176130 0.586114 0.027710 0.119538
1 0.218923 0.798189 0.042464 0.141198
1 0.084018 0.651206 0.102825 0.150737
2 0.046757 0.169892 0.074635 0.147691
2 0.216907 0.173522 0.048535 0.163656
