2 0.748592 0.168093 0.068467 0.094868
2 0.893285 0.761015 0.078509 0.130443
1 0.453782 0.234428 0.040513 0.059803
2 0.384265 0.677568 0.046959 0.161468
2 0.688575 0.713450 0.027623 0.147115
2 0.746123 0.226653 0.072740 0.166252
2 0.441352 0.199144 0.063532 0.135155
2 0.932116 0.247585 0.072740 0.220075
1 0.256153 0.543942 0.118493 0.122275
1 0.471538 0.237532 0.058115 0.073132
1 0.404343 0.644476 0.025425 0.035386
2 0.870103 0.805168 0.111710 0.114590
2 0.927279 0.138103 0.072138 0.114959
0 0.458991 0.221393 0.034227 0.047219
