1 0.616810 0.684915 0.029771 0.063073
1 0.300992 0.687543 0.014483 0.057817
1 0.798255 0.696478 0.017702 0.071483
1 0.771300 0.701209 0.023334 0.093558
1 0.499736 0.383742 0.074026 0.110377
1 0.590659 0.385319 0.024139 0.035741
1 0.882038 0.665812 0.169977 0.165574
2 0.289591 0.795513 0.173150 0.116039
2 0.600311 0.816531 0.108817 0.102547
2 0.765878 0.812067 0.114113 0.138784
2 0.294621 0.260293 0.090268 0.117965
2 0.529064 0.257378 0.062209 0.122045
2 0.710435 0.288855 0.065438 0.121718
1 0.439112 0.439111 0.878223 0.359844
