0 0.305147 0.457327 0.021755 0.074636
0 0.135537 0.383217 0.025784 0.090404
0 0.867158 0.230791 0.017726 0.048356
0 0.867963 0.322772 0.017726 0.066226
0 0.643965 0.467314 0.033842 0.063073
1 0.620598 0.319093 0.051568 0.092507
1 0.867158 0.827215 0.212718 0.345570
2 0.762813 0.477826 0.411738 0.622319
2 0.371858 0.463247 0.539686 0.070671
0 0.302860 0.477729 0.042489 0.104673
0 0.128344 0.390063 0.066269 0.079270
2 0.146253 0.406729 0.102857 0.343230
2 0.634591 0.557699 0.158395 0.322334
2 0.884925 0.440617 0.110727 0.239803
0 0.302078 0.467775 0.026359 0.074708
0 0.133924 0.378244 0.026359 0.078265
2 0.153921 0.334368 0.095439 0.289345
2 0.506590 0.431607 0.444472 0.365239
2 0.429983 0.442602 0.607156 0.219696
2 0.162172 0.366777 0.083864 0.246785
2 0.480854 0.454307 0.423046 0.246785
2 0.156218 0.345869 0.082694 0.301445
2 0.319174 0.373633 0.086342 0.320484
2 0.634748 0.515630 0.149578 0.304618
2 0.901679 0.304618 0.109448 0.282407
