0 0.4097135089 0.7084100046 0.0145034648 0.0222229988
0 0.4655943690 0.2372825376 0.0273005530 0.0488905876
0 0.4613286163 0.2811729554 0.0170628598 0.0188895687
0 0.2958189406 0.2906177398 0.0238880264 0.0444459977
0 0.1930152350 0.7406333677 0.0145034270 0.0244452692
0 0.1268966675 0.2950623174 0.0358319923 0.0666689719
1 0.2932595079 0.3356192927 0.0341257196 0.0500017474
2 0.3103939470 0.2098501759 0.0528074282 0.1541562726
0 0.5397125717 0.5998434251 0.2531593913 0.0932444911
0 0.5860167323 0.3583155109 0.2426393113 0.1685287722
1 0.2764579371 0.3350986358 0.1188664581 0.1471236198
2 0.4194035108 0.7034825479 0.1063837860 0.2204676474
1 0.6021718501 0.4853072628 0.3322935689 0.4765504899
