2 0.519885 0.124491 0.092248 0.202949
1 0.074133 0.204871 0.025843 0.017871
1 0.794900 0.583834 0.058953 0.056766
1 0.750483 0.666355 0.033111 0.049407
2 0.068709 0.147650 0.045360 0.110526
1 0.118841 0.749237 0.033811 0.153875
2 0.026710 0.680594 0.043170 0.107591
2 0.220332 0.696927 0.052333 0.137316
2 0.279211 0.094994 0.103988 0.115634
2 0.507912 0.103376 0.034566 0.166630
2 0.509030 0.704522 0.082181 0.123442
2 0.795657 0.747639 0.091259 0.120522
1 0.368354 0.701676 0.128219 0.090305
2 0.302175 0.044364 0.092693 0.086252
2 0.517804 0.053089 0.052895 0.087190
