2 0.700902 0.302041 0.127289 0.341319
1 0.355956 0.206605 0.285732 0.259481
2 0.696773 0.376459 0.143172 0.217161
1 0.782929 0.112411 0.079822 0.189193
1 0.611249 0.109943 0.179916 0.177677
1 0.284789 0.211705 0.149774 0.161887
1 0.458445 0.172810 0.250972 0.180809
2 0.689290 0.364502 0.094098 0.101919
1 0.381609 0.166300 0.384116 0.282587
2 0.783276 0.152627 0.120350 0.182314
1 0.778151 0.112894 0.081749 0.165644
2 0.707867 0.274120 0.093305 0.132987
1 0.633924 0.083848 0.170166 0.142349
1 0.367812 0.167757 0.298639 0.174319
2 0.715311 0.235350 0.085847 0.281044
2 0.726848 0.334041 0.130459 0.177219
