1 0.384990 0.772237 0.032417 0.111622
1 0.636751 0.664416 0.022567 0.051509
1 0.331690 0.628150 0.041105 0.048356
1 0.907961 0.681761 0.031433 0.054663
1 0.547691 0.220279 0.034657 0.088302
1 0.434049 0.278621 0.123314 0.091456
1 0.162435 0.694902 0.136210 0.141914
1 0.873707 0.770063 0.030627 0.056766
1 0.383025 0.752405 0.048836 0.142726
1 0.636249 0.668657 0.027131 0.055439
1 0.663380 0.673965 0.030748 0.061337
1 0.497389 0.616879 0.228229 0.196009
1 0.543226 0.339357 0.331999 0.193197
1 0.884493 0.647422 0.160100 0.204471
1 0.961549 0.698118 0.062932 0.186169
1 0.492507 0.617817 0.198533 0.106981
1 0.656553 0.333346 0.148201 0.199373
1 0.453826 0.321189 0.147269 0.192079
2 0.842503 0.211777 0.108121 0.102118
0 0.599844 0.504815 0.800312 0.637022
1 0.444572 0.326063 0.289222 0.252767
2 0.645549 0.789751 0.041156 0.130171
