1 0.501361 0.776732 0.141685 0.106173
1 0.647118 0.565438 0.138428 0.223909
1 0.539226 0.151785 0.642469 0.302750
2 0.827968 0.458150 0.135184 0.436089
2 0.647788 0.536318 0.093323 0.405396
2 0.409354 0.533276 0.090818 0.341124
2 0.202896 0.493867 0.077850 0.328496
2 0.841018 0.657509 0.057870 0.330850
0 0.661471 0.799477 0.395102 0.168892
0 0.941413 0.800941 0.091244 0.121539
0 0.263021 0.793517 0.162239 0.131510
0 0.075969 0.659884 0.121100 0.144490
1 0.391630 0.766921 0.028593 0.161590
1 0.518838 0.774043 0.182209 0.054886
