0 0.6262783117 0.7236457332 0.0153639346 0.0189218337
0 0.6060626501 0.7331066255 0.0105120940 0.0210242979
1 0.5911030923 0.7183896465 0.0339623160 0.0399461316
0 0.3497282080 0.7504516602 0.0105121698 0.0241778958
1 0.3448764621 0.7304786190 0.0299191913 0.0241779450
1 0.3109141650 0.6458559098 0.0234501084 0.0399461316
1 0.3990544019 0.2558555849 0.0687331585 0.0483557916
1 0.3375988149 0.2921224779 0.0428571299 0.0515094880
2 0.2308602061 0.2385105748 0.2320756747 0.4005124984
2 0.6032971555 0.8153671019 0.3908911012 0.1957261116
2 0.7570731871 0.6150731487 0.2220774005 0.2196941253
