1 0.732815 0.545991 0.018518 0.042049
1 0.922423 0.530748 0.017713 0.032588
1 0.136616 0.261112 0.074072 0.149272
1 0.762809 0.649548 0.140643 0.211102
1 0.936674 0.656777 0.096346 0.182184
2 0.172634 0.146027 0.062092 0.054841
2 0.463005 0.151988 0.047482 0.078686
2 0.649737 0.163910 0.048395 0.102530
2 0.812728 0.135297 0.052961 0.107299
2 0.056668 0.681327 0.082180 0.061995
2 0.374889 0.699210 0.030133 0.083454
2 0.668456 0.705767 0.029220 0.072725
2 0.851079 0.689076 0.049308 0.060803
2 0.865621 0.682565 0.037765 0.104348
