2 0.527714 0.361265 0.079321 0.267216
2 0.231234 0.405238 0.068919 0.287511
2 0.980690 0.280086 0.038619 0.219862
0 0.825494 0.320675 0.037710 0.081180
2 0.811840 0.341816 0.083222 0.204640
0 0.820610 0.327502 0.012932 0.073585
1 0.892140 0.150373 0.107497 0.146119
1 0.868297 0.272314 0.124471 0.089353
1 0.249986 0.278095 0.032330 0.096712
2 0.247965 0.432098 0.126895 0.320620
2 0.650877 0.413176 0.423523 0.417332
1 0.565607 0.675980 0.159225 0.190270
1 0.861092 0.292258 0.102519 0.088891
2 0.538498 0.430040 0.075181 0.208006
2 0.244610 0.474485 0.031439 0.147560
0 0.266480 0.398928 0.045108 0.064002
2 0.675874 0.467374 0.071080 0.094225
2 0.798213 0.386483 0.077915 0.092447
0 0.317764 0.414145 0.249741 0.205197
