2 0.564430 0.820871 0.149489 0.100897
2 0.280597 0.802386 0.119199 0.093195
2 0.735514 0.153104 0.123125 0.156351
2 0.280877 0.202012 0.096761 0.081641
2 0.588269 0.207019 0.087225 0.107058
2 0.758092 0.811629 0.081896 0.102437
2 0.913471 0.812014 0.062264 0.098586
0 0.761039 0.685782 0.077951 0.085438
0 0.577348 0.717704 0.088778 0.102338
0 0.288639 0.710193 0.117649 0.096705
0 0.775388 0.698668 0.013001 0.049046
0 0.744184 0.695286 0.026003 0.042281
0 0.600518 0.696131 0.024703 0.054120
0 0.558913 0.711352 0.029903 0.050737
0 0.308634 0.707124 0.028603 0.065958
0 0.268330 0.706279 0.020802 0.057502
2 0.759703 0.200902 0.140459 0.155027
0 0.305491 0.710276 0.039523 0.052203
0 0.264144 0.704344 0.033443 0.070395
2 0.289378 0.733214 0.092423 0.158191
0 0.772472 0.694853 0.029794 0.056158
0 0.741462 0.693271 0.026146 0.045084
0 0.594314 0.699994 0.033443 0.042711
0 0.557831 0.698016 0.026146 0.052994
0 0.305795 0.242427 0.029186 0.046666
2 0.282385 0.234518 0.136811 0.138417
2 0.559655 0.734005 0.085735 0.230958
2 0.760615 0.727282 0.079046 0.201693
2 0.905939 0.760106 0.044996 0.139208
0 0.309600 0.712891 0.019943 0.045337
2 0.729111 0.125485 0.101558 0.064506
0 0.775354 0.695532 0.020381 0.036587
0 0.594734 0.703290 0.024804 0.030664
0 0.309267 0.712065 0.021612 0.065191
0 0.557904 0.695396 0.023476 0.046723
0 0.593766 0.704093 0.018385 0.041860
0 0.741729 0.690537 0.021090 0.022176
0 0.777164 0.695678 0.020497 0.051343
0 0.272146 0.400517 0.021343 0.028704
0 0.302254 0.240883 0.022040 0.041578
0 0.597315 0.705536 0.023702 0.040319
0 0.558116 0.703164 0.020056 0.033204
0 0.307420 0.710872 0.030995 0.041504
0 0.270500 0.706129 0.030083 0.043876
0 0.741351 0.695456 0.018232 0.029646
0 0.773714 0.694270 0.022791 0.039133
2 0.286737 0.728133 0.134178 0.192585
2 0.571580 0.718667 0.119395 0.232226
2 0.758064 0.720146 0.083008 0.232226
0 0.778769 0.696594 0.032264 0.035582
0 0.742998 0.692945 0.026653 0.030108
0 0.597109 0.706174 0.016833 0.036495
0 0.555377 0.702069 0.016132 0.024634
0 0.306384 0.707999 0.018937 0.043794
0 0.266405 0.701612 0.034368 0.047443
0 0.590095 0.247708 0.018236 0.033758
0 0.303579 0.240409 0.017535 0.052005
0 0.019867 0.698419 0.008417 0.061129
1 0.888887 0.380002 0.193583 0.093974
1 0.779470 0.335752 0.028056 0.125907
1 0.855571 0.570687 0.131160 0.099448
0 0.264838 0.714103 0.034133 0.064893
0 0.306847 0.712395 0.032382 0.066031
0 0.558467 0.700441 0.026256 0.051231
0 0.596539 0.704426 0.028882 0.054646
0 0.744447 0.700441 0.023630 0.067169
0 0.775955 0.695318 0.025381 0.052369
0 0.301159 0.245055 0.033258 0.048954
2 0.281904 0.733457 0.113776 0.308524
2 0.573346 0.738011 0.101523 0.292586
2 0.754950 0.733457 0.088395 0.235662
2 0.901983 0.757934 0.051637 0.198093
2 0.742697 0.176747 0.167163 0.242493
2 0.580347 0.201224 0.098022 0.182155
2 0.283217 0.222285 0.123403 0.210616
2 0.034660 0.187562 0.065640 0.243632
