2 0.825864 0.209053 0.130966 0.202949
2 0.642383 0.740104 0.095955 0.206332
0 0.643602 0.726964 0.010478 0.023127
1 0.340959 0.319618 0.058030 0.118787
1 0.446944 0.595036 0.047552 0.055714
1 0.681080 0.704363 0.040299 0.078841
1 0.812050 0.597664 0.060448 0.128248
2 0.646826 0.778473 0.137822 0.294340
0 0.643271 0.720728 0.019408 0.034640
2 0.639331 0.729831 0.099100 0.209890
2 0.389324 0.713934 0.032046 0.185086
2 0.652781 0.736702 0.064915 0.165641
2 0.822316 0.694116 0.054692 0.165765
2 0.818666 0.200405 0.141077 0.148734
2 0.628036 0.204177 0.100085 0.151621
2 0.399851 0.211721 0.061281 0.163146
1 0.539137 0.625873 0.144382 0.147895
1 0.356842 0.340217 0.084662 0.106717
1 0.545498 0.325267 0.206255 0.165269
1 0.733842 0.645009 0.130953 0.148631
