1 0.462153 0.204663 0.025937 0.249927
1 0.305646 0.746557 0.130275 0.224471
1 0.118487 0.690218 0.082527 0.313180
1 0.583112 0.798914 0.226950 0.178960
1 0.869010 0.842026 0.093727 0.198245
1 0.671793 0.446323 0.212247 0.083056
1 0.565161 0.564316 0.184484 0.062473
1 0.892837 0.597339 0.097425 0.082598
2 0.365816 0.203295 0.089140 0.206839
1 0.461477 0.185666 0.037147 0.132522
1 0.583440 0.765033 0.172756 0.169082
2 0.853216 0.273928 0.062708 0.177210
2 0.558066 0.265292 0.120797 0.198486
2 0.132459 0.198271 0.103733 0.272352
2 0.198039 0.691359 0.039248 0.106626
2 0.434086 0.728608 0.066275 0.173718
2 0.752539 0.765755 0.073508 0.176458
0 0.211053 0.563740 0.030618 0.112097
0 0.035237 0.569888 0.048698 0.243453
0 0.433506 0.605185 0.032904 0.087367
