1 0.4484261065 0.6450744678 0.0222271271 0.0444459877
1 0.2616327691 0.6117400016 0.0265015746 0.0777804784
2 0.3672116197 0.7706344076 0.6992996190 0.3977916389
2 0.5864907896 0.2122816721 0.2744195114 0.3611236314
1 0.2507907610 0.6244618234 0.0355631573 0.1440039672
1 0.0565612093 0.5186810613 0.0355631573 0.0426678039
2 0.6310429913 0.8546904165 0.0957469810 0.0924470150
2 0.2295896432 0.8031334151 0.0807010014 0.0746687183
1 0.2355952018 0.1719770040 0.0287240792 0.0711130885
0 0.1680170001 0.2300573252 0.1225460972 0.2562682577
0 0.3224000499 0.3028568880 0.1426283381 0.2533387853
0 0.5716822341 0.3112857090 0.1982842272 0.2232740404
1 0.8637152315 0.3776714439 0.2725695369 0.2153284655
0 0.1699313869 0.6250469444 0.1336327569 0.1562730665
0 0.3319115163 0.6706931017 0.1474153220 0.1278615209
0 0.5420301216 0.7042212967 0.1519061359 0.1080193900
2 0.4358668271 0.7040461833 0.1268519799 0.2607667786
2 0.4365523091 0.1584752887 0.0354379274 0.2176790291
2 0.2370587495 0.8124930161 0.0559376044 0.2405749128
2 0.4351532872 0.7887089535 0.1502404399 0.1263140018
