0 0.150355 0.179457 0.032411 0.069341
0 0.182766 0.177765 0.027225 0.052429
0 0.348711 0.181994 0.032411 0.040590
0 0.480300 0.754479 0.020743 0.062576
2 0.497154 0.724037 0.106308 0.235083
0 0.561328 0.214127 0.029818 0.067650
0 0.067383 0.659770 0.024632 0.062576
0 0.590498 0.212436 0.023336 0.084562
0 0.764221 0.699514 0.018150 0.040590
0 0.783020 0.655541 0.040190 0.060885
0 0.474775 0.762456 0.042724 0.042690
0 0.782024 0.662846 0.031816 0.047434
0 0.765207 0.702571 0.034543 0.032018
0 0.557950 0.219341 0.032725 0.037947
0 0.350239 0.175465 0.037270 0.033204
0 0.150254 0.174872 0.020908 0.027274
0 0.174797 0.165385 0.022726 0.032018
0 0.594816 0.208025 0.016116 0.055714
0 0.560972 0.221691 0.017728 0.026280
0 0.152017 0.180694 0.015311 0.043100
0 0.172566 0.175963 0.009670 0.016819
0 0.345414 0.169656 0.015311 0.014717
0 0.480390 0.760964 0.016116 0.030485
0 0.769277 0.696840 0.016922 0.043100
0 0.777335 0.667931 0.018534 0.044151
1 0.278934 0.250600 0.037068 0.054663
0 0.212118 0.332269 0.157230 0.179981
0 0.425135 0.371173 0.233803 0.168230
0 0.700018 0.367939 0.198747 0.122159
0 0.371268 0.619010 0.257594 0.159769
0 0.606718 0.636392 0.205142 0.153004
0 0.896288 0.502952 0.111852 0.084791
2 0.148111 0.662581 0.197492 0.307983
0 0.478802 0.764222 0.031848 0.039051
0 0.591654 0.201677 0.033929 0.065776
0 0.152575 0.172901 0.031278 0.044499
0 0.557459 0.213532 0.026599 0.049058
0 0.767493 0.700339 0.029007 0.043574
0 0.478739 0.761686 0.021096 0.047014
0 0.785952 0.679125 0.027249 0.042427
0 0.561366 0.222744 0.017580 0.044721
0 0.153067 0.176876 0.020217 0.053894
0 0.063408 0.666511 0.014943 0.058481
0 0.589494 0.213570 0.029886 0.060774
2 0.509944 0.780033 0.099328 0.131869
