2 0.3816177400 0.1726917169 0.0717901016 0.2215527719
2 0.2151952641 0.1710004755 0.0574320718 0.1843454402
0 0.4002340325 0.1922809847 0.0154362279 0.0455571246
0 0.6450696763 0.2439494287 0.0145786649 0.0622243779
0 0.6502150856 0.2339490973 0.0197240426 0.0355568137
0 0.2180008948 0.2722837489 0.0128635074 0.0322233426
1 0.6472135678 0.7595229200 0.0240118889 0.0177783761
0 0.3995405807 0.1980168845 0.0382350114 0.0530797282
0 0.6462475789 0.2422500016 0.0382349798 0.0613365789
0 0.3717746972 0.7583029962 0.0336832387 0.0436434182
0 0.6530752538 0.7559438316 0.0318624409 0.0365660473
0 0.3986421007 0.1920629368 0.0302014489 0.0474327149
0 0.3991565150 0.6931498743 0.1957228728 0.2202948704
0 0.6150220182 0.6740421172 0.0845228013 0.1697285150
0 0.4472677619 0.3069735291 0.3954765668 0.1203430340
0 0.8533483482 0.3215952227 0.1855824577 0.1548266667
2 0.3044087976 0.0988636068 0.2445312595 0.0626485373
0 0.4055470194 0.1946094882 0.0281601902 0.0447614526
0 0.6430720096 0.2405404839 0.0289469359 0.0770707694
2 0.2985574398 0.7863247984 0.1223688719 0.2556670404
1 0.4864338701 0.3210199110 0.9568668658 0.3812029234
