2 0.139065 0.806841 0.128298 0.185111
2 0.439117 0.843058 0.177962 0.134138
2 0.757275 0.833669 0.108639 0.174380
2 0.944597 0.824950 0.110806 0.151576
2 0.890746 0.163649 0.143818 0.197183
2 0.612422 0.171026 0.102431 0.187793
2 0.359448 0.191818 0.095189 0.197183
0 0.136478 0.227364 0.069322 0.072435
2 0.614543 0.163390 0.146107 0.284129
0 0.144026 0.230998 0.018856 0.021112
1 0.758977 0.653234 0.029998 0.114448
1 0.205736 0.601566 0.022284 0.080003
2 0.287158 0.752682 0.467962 0.391125
2 0.607703 0.210997 0.293119 0.387791
1 0.773547 0.113771 0.052282 0.106670
2 0.598651 0.071633 0.112233 0.136398
2 0.464099 0.777264 0.098784 0.271552
2 0.159515 0.738132 0.131712 0.288154
2 0.764568 0.777857 0.063112 0.203961
2 0.631026 0.233567 0.114334 0.260880
2 0.385438 0.301158 0.104272 0.279853
0 0.139849 0.234159 0.022867 0.055733
2 0.911372 0.282185 0.111590 0.320171
2 0.099638 0.205962 0.132001 0.176933
2 0.375488 0.252438 0.093834 0.146375
2 0.617731 0.195748 0.121545 0.240067
2 0.907781 0.215850 0.073195 0.184436
2 0.947968 0.777541 0.092643 0.171965
2 0.764619 0.782185 0.052371 0.159652
2 0.463142 0.808009 0.084168 0.169374
2 0.143874 0.760485 0.143486 0.197597
1 0.750476 0.427010 0.076974 0.069106
1 0.854236 0.407324 0.116206 0.092606
1 0.484977 0.639935 0.422520 0.194191
1 0.163823 0.562171 0.066247 0.086148
