2 0.5374211604 0.0686802999 0.0675366845 0.0811796380
1 0.7906961347 0.1345012080 0.1450614552 0.2588978801
0 0.1541325220 0.7022986892 0.0153594442 0.0633355078
0 0.1494393632 0.7350776420 0.0179193610 0.0600020834
0 0.1413329899 0.7984131745 0.0204792684 0.0822251264
0 0.8875460105 0.7411889039 0.0110929130 0.0522240601
0 0.3098602295 0.1967255794 0.0179194082 0.0722247054
0 0.2714616096 0.2083926635 0.0230391663 0.0533351852
1 0.6592875566 0.6467412046 0.0443716521 0.1700058783
2 0.4540683444 0.8006354247 0.2551374152 0.3289002104
2 0.2317830312 0.7967464376 0.3037756268 0.3722351714
2 0.5629994987 0.1418900409 0.0871710447 0.1982463680
2 0.7183113476 0.1458869368 0.0834877845 0.1422897142
1 0.7858382121 0.1259024211 0.1055874966 0.2462091790
2 0.8558206086 0.1346956079 0.0834877845 0.1646723720
2 0.4236485887 0.8213634260 0.0859432787 0.1247033327
2 0.7195390758 0.7797956567 0.0589326160 0.0639504334
2 0.8852868788 0.7550148668 0.0417438923 0.1135120131
0 0.2738617057 0.2226274661 0.0147331540 0.0367715176
2 0.2879809861 0.1754640246 0.0896265955 0.1279008667
0 0.1424912415 0.7981814032 0.0220997027 0.0623516172
2 0.8119648848 0.2416220349 0.2957012819 0.4274110848
2 0.5517680669 0.0782152940 0.0527502759 0.0766267216
1 0.2054583767 0.3537523760 0.0775238453 0.1101347918
1 0.3059925325 0.6657011046 0.0890712360 0.0664502189
1 0.3241687812 0.8369868030 0.0528010000 0.0600441342
1 0.6322040558 0.5918446555 0.0672588915 0.0749820091
2 0.4384041777 0.8273764955 0.0702982610 0.2656504764
2 0.7263327872 0.7816790904 0.0494570590 0.2062850079
2 0.8989191716 0.7749293694 0.0493831068 0.2716307905
2 0.5602085567 0.2068273773 0.0879595539 0.2731665796
2 0.2811048149 0.1777415679 0.0950432201 0.2042584784
2 0.8069356031 0.2410812747 0.2255711319 0.2322502659
0 0.4336622351 0.3998341403 0.2438348260 0.1112247193
