0 0.183473 0.169130 0.011295 0.019973
1 0.062860 0.593821 0.026624 0.087251
1 0.706667 0.704198 0.016942 0.051509
2 0.602593 0.767271 0.428398 0.299596
1 0.943052 0.835600 0.070189 0.108275
1 0.626393 0.189104 0.037112 0.074636
1 0.688111 0.187527 0.071803 0.172399
2 0.357994 0.848057 0.242963 0.078472
0 0.401103 0.660578 0.606710 0.261863
0 0.529089 0.327726 0.567383 0.139009
0 0.876263 0.558796 0.247475 0.092862
2 0.353196 0.891741 0.249242 0.159695
1 0.349635 0.821785 0.265662 0.121954
1 0.758054 0.194768 0.220282 0.333834
1 0.513192 0.131944 0.305369 0.232821
1 0.260766 0.180602 0.207046 0.278400
