0 0.169678 0.542476 0.018583 0.040997
1 0.475496 0.656007 0.087261 0.146119
1 0.747379 0.686492 0.062214 0.097763
1 0.670621 0.264430 0.521143 0.483558
0 0.695720 0.633200 0.088757 0.224539
0 0.865837 0.657578 0.085798 0.211708
0 0.434380 0.533120 0.049309 0.155253
1 0.543354 0.588933 0.064102 0.110345
0 0.516727 0.738412 0.229782 0.219407
0 0.363374 0.669126 0.078895 0.250200
0 0.911202 0.881476 0.062130 0.087249
0 0.170835 0.537613 0.025969 0.034372
2 0.693521 0.602756 0.066508 0.080290
2 0.869942 0.660672 0.059828 0.124033
2 0.711684 0.575622 0.157790 0.156536
