0 0.645998 0.280585 0.032717 0.062516
2 0.766414 0.726455 0.069978 0.147444
2 0.488320 0.750046 0.068160 0.178112
2 0.186598 0.747097 0.059072 0.167496
2 0.767031 0.748443 0.127154 0.174983
2 0.829335 0.221813 0.088928 0.185958
0 0.646207 0.277200 0.026653 0.046428
1 0.155935 0.731462 0.015431 0.048248
1 0.726166 0.615849 0.035070 0.162952
2 0.485589 0.795642 0.091181 0.100138
2 0.509085 0.123807 0.317730 0.207559
1 0.850662 0.330455 0.045590 0.056441
1 0.920801 0.707793 0.035771 0.015476
1 0.756676 0.611752 0.027354 0.056441
1 0.878017 0.557131 0.048396 0.054621
0 0.613762 0.607764 0.259306 0.186037
0 0.657794 0.259466 0.047792 0.108247
0 0.399484 0.299917 0.055204 0.111964
2 0.819428 0.197106 0.118398 0.241666
2 0.480238 0.742043 0.115426 0.235539
2 0.768005 0.726361 0.088595 0.182229
2 0.951110 0.676712 0.061742 0.208713
2 0.182771 0.724745 0.093121 0.212056
