0 0.591172 0.628482 0.028734 0.050737
0 0.922924 0.593811 0.036571 0.052429
2 0.913781 0.543074 0.138447 0.052429
0 0.164841 0.544429 0.121946 0.234692
0 0.448290 0.673931 0.189668 0.339323
0 0.684536 0.692369 0.274711 0.464332
2 0.218555 0.400315 0.100214 0.246062
1 0.315217 0.558787 0.066933 0.125560
0 0.590243 0.624900 0.014588 0.024445
0 0.921905 0.591566 0.018879 0.024445
1 0.522452 0.619900 0.050629 0.081114
1 0.577371 0.663790 0.060926 0.077780
0 0.445401 0.690421 0.146038 0.253180
0 0.663982 0.753395 0.193653 0.285411
0 0.140469 0.538768 0.072110 0.153985
1 0.287934 0.510239 0.119346 0.206826
2 0.185066 0.523713 0.106022 0.353406
0 0.925030 0.592925 0.038118 0.031209
0 0.591854 0.623346 0.033757 0.036900
