0 0.8870264215 0.2323675040 0.0404270717 0.0620215969
1 0.8368967818 0.2476101101 0.0970251111 0.1219407874
1 0.4128163814 0.2980683893 0.0541723342 0.0946092567
1 0.8292156717 0.3953056489 0.0638748706 0.0788410746
2 0.5609881004 0.8430531477 0.0792570884 0.0702163881
1 0.8688983799 0.7199463876 0.0231458455 0.0227975755
1 0.8429470339 0.2270635500 0.0932849071 0.1003091948
2 0.7012661446 0.1933231739 0.0820627153 0.1294900578
2 0.8913428897 0.2092814542 0.0455903553 0.1705256240
2 0.2688590340 0.8316544010 0.0490973020 0.1112519748
1 0.8270475020 0.2659920529 0.0904170129 0.1854251743
0 0.8719558874 0.7432277264 0.0218902651 0.0806373812
0 0.5896630455 0.8096350032 0.0246264851 0.0782657177
2 0.8906538432 0.1277746917 0.0647586167 0.0545488257
2 0.5097741863 0.4749738506 0.8770762694 0.4704719841
2 0.6043417794 0.5151487943 0.7576165683 0.2350707022
