1 0.526784 0.544578 0.063802 0.038895
1 0.186774 0.575063 0.070263 0.038895
2 0.450085 0.654939 0.086204 0.137670
2 0.262648 0.674355 0.097305 0.112990
2 0.740035 0.639547 0.065118 0.124059
2 0.805724 0.073796 0.092624 0.101633
2 0.519470 0.098285 0.057454 0.122851
2 0.331160 0.103305 0.070297 0.115424
2 0.322326 0.095703 0.072420 0.135227
2 0.805468 0.079789 0.083419 0.128179
2 0.739742 0.651220 0.087301 0.127123
2 0.447775 0.687033 0.084584 0.133219
2 0.253161 0.688656 0.092958 0.134239
2 0.091089 0.719155 0.053447 0.076194
2 0.149855 0.051367 0.040550 0.085317
