0 0.730629 0.684520 0.012018 0.023334
0 0.142176 0.566738 0.031762 0.045557
0 0.343907 0.174503 0.012876 0.023334
0 0.405285 0.651741 0.017169 0.051113
2 0.413506 0.657238 0.145692 0.266171
2 0.417777 0.704350 0.083368 0.215823
2 0.717810 0.172500 0.316982 0.318991
0 0.599420 0.591553 0.211599 0.183874
1 0.906593 0.609283 0.097824 0.283040
2 0.707452 0.186749 0.306928 0.330047
2 0.103467 0.615756 0.123421 0.114452
2 0.413400 0.701595 0.081973 0.135911
2 0.723793 0.722458 0.028553 0.082262
2 0.888201 0.749879 0.029474 0.101337
2 0.355834 0.097146 0.044210 0.097761
2 0.703991 0.106684 0.261578 0.123989
2 0.566699 0.533392 0.769210 0.732314
