2 0.449415 0.410895 0.111825 0.179062
2 0.742269 0.376505 0.070578 0.205151
2 0.957066 0.336187 0.085868 0.235983
2 0.160227 0.387178 0.074245 0.167204
1 0.244590 0.219063 0.118631 0.149272
0 0.158867 0.255330 0.056065 0.125094
1 0.404660 0.404602 0.061753 0.160836
1 0.562293 0.602756 0.123506 0.201833
2 0.583825 0.483443 0.420083 0.455176
0 0.178368 0.389885 0.013813 0.024178
2 0.953028 0.324282 0.065077 0.224120
2 0.744506 0.375272 0.078826 0.224120
2 0.461282 0.353334 0.091658 0.301198
2 0.749190 0.393110 0.057192 0.206937
2 0.972275 0.332764 0.053570 0.220143
2 0.455510 0.413800 0.077217 0.204263
1 0.557866 0.416875 0.062255 0.075201
1 0.624932 0.288973 0.252771 0.268667
1 0.819444 0.172875 0.077993 0.072941
2 0.953446 0.374220 0.072853 0.094216
2 0.738530 0.410633 0.049053 0.090118
2 0.445596 0.417037 0.081945 0.087472
2 0.144281 0.394674 0.071071 0.099837
