1 0.278372 0.830649 0.058963 0.018347
1 0.251091 0.867916 0.062483 0.246538
1 0.042519 0.757834 0.032562 0.200670
1 0.526986 0.755541 0.070404 0.124989
0 0.717076 0.326680 0.029922 0.099762
0 0.067161 0.298586 0.046643 0.089442
1 0.721933 0.248148 0.024442 0.047182
2 0.737728 0.206449 0.182331 0.319569
1 0.689321 0.278457 0.050020 0.091456
1 0.688558 0.279536 0.043662 0.104892
1 0.028856 0.270646 0.050484 0.104892
2 0.702202 0.084863 0.084595 0.149337
0 0.266198 0.603957 0.237662 0.165364
1 0.238866 0.315076 0.072372 0.156576
1 0.733772 0.306410 0.094136 0.191670
0 0.104885 0.609055 0.130486 0.178268
1 0.440024 0.623353 0.091578 0.185132
