2 0.5089793108 0.8061960461 0.1313830302 0.3800320425
0 0.4993337531 0.7541309097 0.0168949092 0.0273315528
0 0.3030307923 0.2542787694 0.0072406781 0.0157682302
0 0.7768932614 0.7614894237 0.0136768636 0.0462533895
0 0.7857429811 0.7063007046 0.0120678787 0.0388949002
0 0.1912024814 0.7162872364 0.0088497008 0.0357412690
2 0.1130705275 0.2403158416 0.1115827909 0.2230548303
2 0.3169673010 0.2491297367 0.0577946997 0.1572322290
2 0.6066594269 0.2263899621 0.0529446912 0.1255537113
2 0.5271832256 0.7936229274 0.1272206593 0.1609284237
2 0.2219282688 0.7511357428 0.0999251705 0.1833506464
2 0.0396365848 0.7370943236 0.0792731695 0.1268487332
1 0.4308170661 0.3973679774 0.0570832905 0.1017804192
1 0.5355752006 0.4206707532 0.1298832282 0.1017049894
1 0.7753373373 0.3709449027 0.1413466888 0.2082133617
1 0.1431645963 0.6316069322 0.1446859637 0.1311856366
1 0.6643016709 0.6153107677 0.1390503686 0.1155978206
0 0.5063914957 0.7399293474 0.0642789008 0.1583111711
0 0.4444595951 0.6330705908 0.7154760969 0.2249026499
2 0.5328172997 0.8152481869 0.0667579486 0.1596947827
2 0.2247037905 0.8024994440 0.0729202129 0.1503008994
