2 0.318799 0.466968 0.127581 0.086253
1 0.670348 0.295618 0.139416 0.207785
1 0.562151 0.799524 0.200144 0.224452
1 0.734497 0.726744 0.171918 0.261120
1 0.659810 0.258839 0.140409 0.137104
1 0.811691 0.087758 0.148669 0.123989
0 0.049534 0.369714 0.072499 0.106106
0 0.402393 0.349447 0.060569 0.084647
2 0.358343 0.406077 0.187213 0.326664
0 0.420443 0.244905 0.107446 0.196431
1 0.652423 0.265591 0.130411 0.225055
0 0.197538 0.262887 0.248752 0.176699
0 0.811825 0.129988 0.154922 0.133711
2 0.347295 0.331407 0.138006 0.396881
2 0.347962 0.473079 0.151100 0.122864
