2 0.704566 0.258824 0.039342 0.174265
2 0.469744 0.259624 0.076225 0.169469
2 0.817060 0.786416 0.099584 0.187055
2 0.241684 0.716070 0.065160 0.180660
0 0.238611 0.225250 0.039342 0.033574
2 0.859475 0.214059 0.093437 0.190253
0 0.887752 0.186081 0.049177 0.038370
0 0.853943 0.757638 0.087290 0.055957
0 0.493104 0.776823 0.046719 0.046364
0 0.841729 0.759477 0.029180 0.041504
2 0.539895 0.801573 0.260799 0.265623
2 0.815740 0.786751 0.082982 0.245464
2 0.245812 0.691885 0.095748 0.181430
2 0.862246 0.216372 0.086629 0.188545
2 0.713609 0.260247 0.062920 0.167200
2 0.466488 0.253133 0.079334 0.186173
2 0.562096 0.768085 0.257255 0.388368
2 0.554127 0.809511 0.211642 0.172611
2 0.246311 0.700342 0.094135 0.155526
2 0.805221 0.812338 0.071793 0.210801
1 0.318384 0.831619 0.045667 0.053078
1 0.337245 0.199057 0.037649 0.076034
1 0.596861 0.276627 0.068440 0.074569
2 0.466013 0.234934 0.069401 0.121124
2 0.146261 0.173411 0.201605 0.162289
2 0.861694 0.207158 0.055066 0.146569
2 0.715083 0.222957 0.033115 0.158125
