1 0.7751158155 0.2616182902 0.0757866804 0.0956721897
0 0.4179965259 0.8043053914 0.0363073337 0.0507206571
0 0.3798738312 0.8113827176 0.0399380557 0.0577979833
0 0.1438762093 0.6769139878 0.0399380747 0.0672344017
0 0.6884861300 0.8526669316 0.0290458518 0.0507205097
2 0.8450614239 0.8290759346 0.1061988273 0.2323713072
2 0.6821323853 0.8096133123 0.0562762292 0.2477053337
2 0.4016582201 0.8225884184 0.0907683532 0.2193962748
2 0.8033080450 0.2009657769 0.0825990963 0.1958052409
0 0.2369137259 0.1938884692 0.0353996721 0.0471819941
0 0.4121962385 0.8089808466 0.0782288430 0.0873230275
0 0.1504304926 0.6910294734 0.0742171050 0.1902860927
0 0.6854957855 0.8089807974 0.0952787529 0.1420629136
0 0.8364373530 0.8969555546 0.0942757948 0.1225129894
2 0.6584165590 0.1853375519 0.1093197885 0.1590062140
0 0.3985064765 0.8058001385 0.0738756825 0.0942248162
0 0.1426778082 0.6662407229 0.0656672481 0.0746687491
1 0.8137150307 0.2591183059 0.0971328754 0.0497791579
1 0.9600982855 0.2422289518 0.0478824204 0.1013361490
1 0.2788005484 0.2671185308 0.1053412153 0.1546709733
1 0.4361283540 0.1471151975 0.0889244032 0.1600044422
2 0.8205553927 0.9391371378 0.0752436415 0.1155587164
1 0.4333921903 0.7826884296 0.0588269240 0.0871135325
2 0.5305250279 0.0822245050 0.2640371027 0.1226700708
0 0.5559542158 0.6227372272 0.7222011902 0.2480007792
