0 0.8991912202 0.6928539001 0.0170713300 0.0311122545
0 0.6179395269 0.7067432679 0.0213392754 0.0411125171
0 0.5722734708 0.7011875257 0.0273142860 0.0522240016
0 0.6469609535 0.2128372499 0.0128036104 0.0511128899
1 0.9533929978 0.2733949199 0.0503607020 0.0811139347
0 0.8994029241 0.6974131674 0.0153518093 0.0333074628
0 0.6174413679 0.7080715418 0.0225159896 0.0492949509
0 0.5703624721 0.7034085000 0.0307036187 0.0506272905
2 0.6200987490 0.7469784659 0.1002567541 0.1702274427
2 0.8858766003 0.7396655871 0.0912843603 0.1974477998
1 0.4748241269 0.6055453379 0.1709434425 0.1185296366
1 0.7743848620 0.5640548535 0.2435808476 0.1046146987
2 0.5937703764 0.7770019825 0.0876252989 0.1610367042
