0 0.170563 0.176074 0.028625 0.052429
0 0.676047 0.300381 0.024721 0.050737
0 0.170179 0.175076 0.023453 0.031536
0 0.682507 0.302799 0.022644 0.024178
0 0.406327 0.226586 0.023453 0.035741
0 0.223150 0.699632 0.051758 0.046253
1 0.493265 0.724861 0.024262 0.037844
1 0.457277 0.636559 0.152849 0.044151
1 0.354568 0.566653 0.133440 0.062022
1 0.945747 0.240777 0.075212 0.032588
1 0.917565 0.741789 0.040836 0.088466
1 0.933309 0.759451 0.050908 0.176268
2 0.175378 0.133072 0.056270 0.119944
2 0.819047 0.187906 0.059574 0.052829
2 0.669067 0.218363 0.043198 0.061415
2 0.576147 0.844871 0.212841 0.137509
2 0.972830 0.152935 0.029155 0.081178
