0 0.565726 0.649519 0.111152 0.178016
2 0.555888 0.708386 0.144472 0.132510
1 0.564199 0.569090 0.117941 0.193384
0 0.736069 0.501280 0.217265 0.116980
0 0.344739 0.295170 0.280295 0.170585
0 0.652055 0.309841 0.226447 0.198139
0 0.922034 0.225037 0.099387 0.176199
0 0.152778 0.532922 0.071101 0.080254
0 0.077417 0.701880 0.066431 0.109737
2 0.157809 0.517799 0.082960 0.100456
2 0.609930 0.440637 0.688845 0.777421
1 0.330791 0.283503 0.247933 0.189648
1 0.643504 0.296267 0.219039 0.190863
1 0.911477 0.247032 0.102529 0.211530
1 0.780519 0.498680 0.332752 0.053490
1 0.147638 0.542445 0.071770 0.097255
1 0.574691 0.368633 0.759048 0.361062
