2 0.723872 0.761374 0.097080 0.126354
2 0.406222 0.761374 0.064244 0.092907
2 0.457617 0.205789 0.078520 0.085475
2 0.281303 0.212293 0.074237 0.076184
1 0.704068 0.692635 0.038768 0.055714
0 0.712549 0.278457 0.023422 0.043100
1 0.476710 0.236934 0.033114 0.054663
2 0.445447 0.215252 0.065357 0.128561
2 0.718924 0.764864 0.103170 0.122379
2 0.272379 0.217564 0.046208 0.110956
1 0.702139 0.306909 0.024983 0.045802
1 0.274367 0.291111 0.022004 0.033222
2 0.396278 0.771671 0.044246 0.074172
2 0.106380 0.204702 0.050199 0.145791
1 0.180842 0.601471 0.032495 0.046601
