0 0.463522 0.707970 0.049163 0.118387
1 0.413283 0.675454 0.063528 0.117736
1 0.303114 0.661263 0.082828 0.127197
1 0.244410 0.827880 0.147161 0.189218
2 0.285020 0.730117 0.411728 0.437305
2 0.239306 0.843570 0.051400 0.127744
2 0.446548 0.715156 0.067158 0.353561
0 0.480204 0.719414 0.074559 0.134772
2 0.944309 0.713419 0.041351 0.314710
2 0.895568 0.216448 0.061074 0.127211
2 0.702534 0.160126 0.091193 0.138605
2 0.407737 0.117357 0.049793 0.136988
1 0.201717 0.347693 0.075273 0.118015
1 0.309431 0.535292 0.330603 0.239297
0 0.512768 0.440992 0.974463 0.540982
