0 0.171520 0.174383 0.027299 0.038899
0 0.836442 0.714735 0.025999 0.043972
0 0.172489 0.177540 0.012928 0.026280
0 0.832220 0.716813 0.010504 0.017871
0 0.406809 0.245869 0.014544 0.028383
0 0.168805 0.175987 0.033983 0.077686
0 0.828594 0.728702 0.056687 0.089555
0 0.676753 0.768211 0.052638 0.073751
1 0.403438 0.654951 0.056687 0.126430
0 0.170615 0.171619 0.056687 0.076385
0 0.679790 0.319121 0.078958 0.076385
0 0.413561 0.250638 0.064786 0.060581
2 0.838717 0.758993 0.072884 0.408264
2 0.666630 0.781381 0.060736 0.389826
2 0.358898 0.765577 0.097178 0.347683
2 0.196934 0.191374 0.080982 0.289736
2 0.645372 0.290147 0.111350 0.392460
2 0.412549 0.279611 0.091105 0.339781
2 0.816447 0.290147 0.097178 0.376657
2 0.952092 0.309902 0.080982 0.337147
1 0.279727 0.390217 0.106512 0.132157
