2 0.535987 0.750251 0.165669 0.186037
0 0.846663 0.642123 0.013606 0.027779
1 0.461880 0.788239 0.153913 0.097781
1 0.452952 0.682124 0.130954 0.078892
2 0.407033 0.789350 0.479597 0.393347
2 0.058387 0.736169 0.022810 0.128758
2 0.249074 0.747495 0.048356 0.118028
2 0.544229 0.739149 0.082114 0.144257
2 0.863562 0.678347 0.045619 0.098953
2 0.767762 0.100127 0.020072 0.053649
2 0.499979 0.152584 0.026459 0.067956
1 0.501965 0.742308 0.069683 0.207718
2 0.245009 0.739463 0.095814 0.213409
2 0.874333 0.673306 0.080571 0.192068
2 0.568926 0.734483 0.057706 0.237596
1 0.442009 0.724737 0.146005 0.200123
2 0.536527 0.718375 0.149151 0.310409
0 0.842853 0.639069 0.025280 0.043902
