2 0.5133906999 0.7536335222 0.1858250678 0.3078061254
1 0.4408105418 0.6961873852 0.0187826699 0.1155596357
1 0.3699485992 0.1950588509 0.0341503376 0.0644466765
1 0.0754020241 0.5439598730 0.0495179737 0.0533351564
1 0.7545667173 0.6722976253 0.0674468142 0.0811138744
1 0.6495544686 0.7261884235 0.0964747432 0.0888919548
1 0.7677999534 0.8345255178 0.2202696933 0.1300044721
2 0.6363212009 0.7945240991 0.4849346678 0.3300114628
2 0.6563293710 0.8349042972 0.4485385268 0.1779091015
2 0.7290045374 0.7997648462 0.1362927031 0.1217571685
2 0.5200988233 0.7992613267 0.1981438180 0.1771132622
2 0.3883521663 0.1016905183 0.0603230268 0.0738936279
2 0.2367925555 0.0598435177 0.0796506107 0.0704412961
2 0.6099875291 0.1075382156 0.0507842165 0.0452117715
0 0.4416327807 0.6763659717 0.0326675683 0.1308445886
0 0.6200034803 0.6379604006 0.2107494713 0.1940434945
0 0.5357446523 0.2848572660 0.3140396702 0.1306974840
1 0.2389292830 0.5775181602 0.0765680670 0.1672955150
