1 0.676698 0.496736 0.158258 0.152227
0 0.509080 0.601740 0.022122 0.037779
2 0.516443 0.612959 0.124536 0.205960
2 0.295571 0.616188 0.100824 0.189565
2 0.305406 0.630582 0.099606 0.186001
2 0.545578 0.655504 0.198282 0.187216
2 0.806695 0.589249 0.145220 0.130079
2 0.141567 0.102365 0.051199 0.177491
2 0.322162 0.091908 0.153598 0.183816
2 0.490655 0.092516 0.040029 0.185032
2 0.731292 0.090692 0.081919 0.181385
0 0.587934 0.267699 0.111708 0.145883
0 0.839742 0.478621 0.218761 0.232197
2 0.504874 0.657578 0.063863 0.085966
2 0.306900 0.669767 0.053055 0.071852
1 0.679760 0.461267 0.103163 0.085966
2 0.099592 0.638974 0.062880 0.102646
2 0.136927 0.074419 0.045195 0.112911
2 0.293145 0.073136 0.033405 0.087249
2 0.486207 0.095589 0.042248 0.093665
2 0.734288 0.082759 0.033405 0.075702
2 0.798151 0.628709 0.060915 0.048757
1 0.906718 0.270088 0.067793 0.034643
1 0.287741 0.298316 0.105128 0.070569
1 0.322431 0.489020 0.089352 0.133901
0 0.555327 0.247488 0.092124 0.127628
0 0.844876 0.219667 0.102278 0.139574
0 0.837161 0.469551 0.165646 0.147461
0 0.584851 0.493320 0.130729 0.094183
1 0.477136 0.512956 0.136654 0.200957
0 0.425714 0.493925 0.061894 0.083294
