0 0.194087 0.464722 0.049802 0.056876
0 0.431550 0.438615 0.044028 0.084847
1 0.745160 0.341647 0.047637 0.101630
2 0.467639 0.516004 0.142189 0.140790
1 0.786302 0.388733 0.056298 0.173424
1 0.421084 0.343512 0.102492 0.150114
1 0.413991 0.371413 0.085099 0.169124
0 0.188806 0.454284 0.035349 0.040590
0 0.193559 0.461271 0.030811 0.035355
2 0.468482 0.498233 0.091320 0.130069
1 0.854273 0.199620 0.159984 0.184785
1 0.613356 0.288365 0.291735 0.282040
1 0.305623 0.261012 0.303028 0.256511
2 0.477840 0.313895 0.101637 0.418197
2 0.789339 0.300522 0.103519 0.430354
2 0.967133 0.304777 0.065735 0.341609
2 0.476365 0.339412 0.113539 0.466168
2 0.755080 0.333204 0.090224 0.376797
2 0.968942 0.356004 0.062117 0.253259
0 0.965528 0.277594 0.065264 0.183059
1 0.325827 0.424063 0.094680 0.098856
1 0.624902 0.490809 0.090946 0.106492
1 0.876230 0.450080 0.072947 0.152904
2 0.572662 0.596151 0.600915 0.338733
