0 0.305051 0.211590 0.014231 0.062576
0 0.550860 0.735030 0.016819 0.037207
0 0.305531 0.221691 0.012062 0.028383
0 0.548380 0.734683 0.012062 0.026280
0 0.080373 0.665303 0.010454 0.038895
1 0.485657 0.752554 0.098909 0.127197
1 0.226726 0.667406 0.069960 0.076739
0 0.483245 0.246920 0.020103 0.034690
2 0.682671 0.767271 0.423780 0.318518
1 0.327027 0.459581 0.654054 0.118777
0 0.386911 0.644361 0.183938 0.104166
1 0.507299 0.885157 0.110277 0.173897
1 0.416158 0.643972 0.194384 0.178249
1 0.525132 0.347536 0.203893 0.145331
2 0.529664 0.713204 0.117561 0.355242
1 0.773431 0.330787 0.143595 0.181340
1 0.501165 0.729317 0.052134 0.131176
0 0.299057 0.224495 0.036265 0.095137
0 0.488116 0.245585 0.056744 0.076899
1 0.489749 0.738671 0.101938 0.134806
1 0.517319 0.757215 0.103116 0.170572
0 0.075450 0.656413 0.042796 0.116248
0 0.492024 0.235033 0.073292 0.080188
0 0.314901 0.223860 0.090596 0.091240
2 0.572035 0.667661 0.241788 0.187216
0 0.308078 0.211067 0.027482 0.050040
0 0.145148 0.116760 0.021593 0.043625
0 0.494073 0.241219 0.026501 0.053889
1 0.502906 0.730714 0.071650 0.132157
0 0.549037 0.737129 0.024538 0.042342
0 0.084785 0.669126 0.026501 0.052606
2 0.344393 0.156536 0.049075 0.061588
2 0.499471 0.160385 0.053001 0.110345
1 0.303661 0.794868 0.034353 0.044908
2 0.750736 0.152687 0.049075 0.041058
