1 0.295527 0.625357 0.053270 0.043100
1 0.301580 0.714185 0.029864 0.035741
2 0.651065 0.786719 0.322042 0.359515
2 0.161140 0.781988 0.231645 0.352157
2 0.730163 0.181219 0.259087 0.321671
2 0.121000 0.124247 0.077473 0.177491
2 0.179338 0.810504 0.138145 0.220040
2 0.644642 0.825093 0.165213 0.193295
2 0.338017 0.808681 0.065339 0.199373
2 0.307215 0.100541 0.098941 0.241922
2 0.535433 0.126071 0.066272 0.273530
1 0.191939 0.220895 0.152146 0.266236
0 0.387954 0.260405 0.256687 0.352550
0 0.467294 0.638484 0.312692 0.284471
0 0.753384 0.666445 0.240820 0.235844
0 0.708580 0.375895 0.166147 0.184785
2 0.123575 0.124618 0.079051 0.163909
2 0.163242 0.774729 0.110372 0.263310
2 0.337737 0.730136 0.071509 0.184882
2 0.652568 0.772284 0.142462 0.242893
2 0.948548 0.691208 0.094214 0.165539
2 0.558768 0.194487 0.081465 0.136619
2 0.295901 0.182295 0.058687 0.123935
1 0.204578 0.221848 0.116672 0.192169
1 0.402043 0.254243 0.144864 0.226009
1 0.675071 0.347174 0.092029 0.078442
1 0.758925 0.345569 0.066146 0.080824
1 0.689055 0.170135 0.043814 0.058795
1 0.466166 0.625168 0.284507 0.158303
1 0.755945 0.652043 0.217842 0.195177
