1 0.747375 0.780970 0.127688 0.126146
1 0.775831 0.782385 0.044488 0.118387
1 0.772086 0.780125 0.050192 0.099082
1 0.463632 0.691658 0.048367 0.037746
1 0.253374 0.429762 0.048141 0.042668
2 0.115605 0.265526 0.106706 0.361637
2 0.373129 0.249236 0.109227 0.248693
2 0.645356 0.233489 0.104186 0.273671
2 0.828101 0.228602 0.105026 0.268241
2 0.137031 0.752053 0.152918 0.283445
2 0.442446 0.803095 0.120150 0.289961
1 0.773487 0.780832 0.027727 0.045612
2 0.743240 0.781375 0.089902 0.233489
2 0.939428 0.754225 0.097464 0.261725
1 0.780189 0.771849 0.058737 0.100674
