0 0.283252 0.651313 0.023335 0.032134
0 0.284586 0.652327 0.014504 0.029434
0 0.553314 0.703311 0.018533 0.032588
0 0.704397 0.259173 0.011281 0.025229
0 0.220930 0.182435 0.012892 0.021024
0 0.287843 0.658096 0.021445 0.039968
1 0.266908 0.690736 0.104164 0.193179
1 0.697349 0.212452 0.084761 0.171863
1 0.861765 0.223777 0.064336 0.173195
1 0.234740 0.189804 0.056167 0.129230
2 0.227664 0.163806 0.080870 0.167375
2 0.440478 0.215367 0.086950 0.214970
2 0.691600 0.213780 0.091814 0.241940
2 0.865196 0.239164 0.068101 0.237181
2 0.528949 0.738910 0.132553 0.197519
2 0.796487 0.727011 0.069317 0.172135
2 0.961874 0.737324 0.080262 0.173721
0 0.288293 0.649493 0.039907 0.024594
2 0.534933 0.733687 0.059215 0.158238
2 0.809177 0.723408 0.039422 0.130197
2 0.973018 0.727102 0.047226 0.151957
2 0.864895 0.239506 0.057988 0.141739
2 0.693837 0.210951 0.067836 0.152738
2 0.451181 0.195300 0.033570 0.103183
2 0.228214 0.168900 0.044564 0.144365
2 0.259166 0.673297 0.058647 0.181922
