1 0.250934 0.611184 0.026639 0.061113
1 0.551271 0.605629 0.034373 0.058891
1 0.337727 0.256728 0.040389 0.063336
0 0.647517 0.354509 0.025780 0.083336
1 0.250075 0.675631 0.016327 0.052224
1 0.854187 0.758412 0.045545 0.080003
2 0.231215 0.148611 0.047201 0.102000
2 0.369585 0.190832 0.047201 0.163033
2 0.555157 0.808267 0.047201 0.145475
1 0.563757 0.319246 0.273684 0.439261
2 0.659432 0.229308 0.055417 0.116852
2 0.390748 0.198662 0.071701 0.144543
2 0.216938 0.200528 0.059944 0.121195
2 0.067740 0.722714 0.077173 0.160060
2 0.571169 0.727445 0.075076 0.152712
1 0.507200 0.273897 0.199738 0.244343
