1 0.368599 0.537581 0.017699 0.056766
1 0.757585 0.246920 0.153663 0.089353
1 0.597887 0.116570 0.090106 0.118787
0 0.465136 0.493523 0.357685 0.166542
0 0.823774 0.534155 0.168594 0.148177
0 0.582620 0.211170 0.469344 0.251943
2 0.139099 0.557335 0.151511 0.323560
1 0.202828 0.256297 0.171907 0.166975
1 0.538588 0.343084 0.530684 0.495534
2 0.358592 0.160429 0.076253 0.311432
2 0.175686 0.645495 0.098216 0.176887
2 0.385990 0.641425 0.071131 0.178917
2 0.699895 0.657336 0.043046 0.178592
2 0.141577 0.108603 0.034930 0.176220
