1 0.8591111164 0.6665188164 0.0251767167 0.0283827833
1 0.3783167030 0.6223678384 0.0495413110 0.0704313299
1 0.5756698086 0.7295916568 0.0268010251 0.0557143509
1 0.5366865180 0.2570710541 0.0933975743 0.1177359550
2 0.7267302199 0.7800499291 0.4280044698 0.2995959046
1 0.7156655697 0.4203619803 0.0473878094 0.0920048785
1 0.3830399241 0.2334034212 0.0346295286 0.0648752438
1 0.3780277842 0.6315013516 0.0665251196 0.1061594973
1 0.7188194964 0.4377899375 0.0480733299 0.0373343601
2 0.4879108877 0.3412265983 0.6761305384 0.2632573446
