1 0.632358 0.648123 0.045286 0.069380
1 0.286648 0.641815 0.026686 0.037844
0 0.873747 0.627624 0.013747 0.030485
1 0.872939 0.626047 0.015365 0.075687
1 0.590711 0.121464 0.041242 0.077790
1 0.119657 0.182960 0.035582 0.068329
0 0.621204 0.703409 0.035872 0.090596
0 0.095012 0.575356 0.029345 0.120923
0 0.210552 0.593313 0.187186 0.163002
0 0.429086 0.609465 0.383118 0.193605
0 0.752860 0.623066 0.301378 0.213369
0 0.710764 0.280061 0.278654 0.372758
0 0.446946 0.232300 0.317971 0.421637
0 0.219298 0.244148 0.236231 0.292745
0 0.039393 0.296215 0.078786 0.263205
0 0.630570 0.715051 0.152439 0.152145
