0 0.5332547713 0.8000229518 0.0169618088 0.0304852122
0 0.8248367073 0.7017344787 0.0153464600 0.0399461133
1 0.5175045136 0.7453598495 0.0452315637 0.0725337525
1 0.4835808487 0.2276370638 0.0807705931 0.0693801325
2 0.5130621231 0.8121119791 0.3465059235 0.3384908725
0 0.5260862806 0.7946829507 0.0279304323 0.0691840479
0 0.5634770990 0.7982008101 0.0360393347 0.0644936234
0 0.5320332635 0.7872470122 0.0315142753 0.0572949252
0 0.8243978475 0.7007135979 0.0285156629 0.0554561897
2 0.3038050465 0.0844489415 0.0403817304 0.1434478246
2 0.1410944563 0.0527191265 0.0126843615 0.0821658683
0 0.5251219472 0.7915019347 0.0241966524 0.0478895144
0 0.5598728689 0.7820660064 0.0246785903 0.0434186686
2 0.2780796986 0.7385519857 0.0312019829 0.1893854770
2 0.1045488636 0.6952737677 0.0406670477 0.1854314586
2 0.5521253489 0.0706174905 0.0286766770 0.1355849798
2 0.8737643379 0.6893001264 0.0963085534 0.1606888084
2 0.2220721437 0.7958815563 0.2906310073 0.4082368874
1 0.4481219476 0.2628359788 0.3605558125 0.1726279791
1 0.1949856313 0.5716212441 0.1625303330 0.1726279997
1 0.3995496716 0.6749549137 0.1606621412 0.2455693652
1 0.6751039933 0.6001899483 0.2129707849 0.1057650539
2 0.5438323627 0.6601444208 0.2858998438 0.4657578808
2 0.4402746775 0.4629772387 0.7120034219 0.7745626868
1 0.5403971075 0.4629747948 0.7562044887 0.6056525743
