1 0.1318943875 0.2770440958 0.0185330919 0.0588679764
1 0.7068225135 0.4152787201 0.0451239594 0.0325875912
1 0.6492088255 0.6449689222 0.0765496877 0.1450674463
2 0.2252420236 0.7672727847 0.0504248280 0.0944888380
1 0.6488105206 0.6518529599 0.0687611477 0.1339587600
2 0.4310669702 0.7272047470 0.0825133521 0.1219981314
2 0.0405038078 0.7654787048 0.0696779391 0.1435272957
2 0.1606065656 0.1997420987 0.0550088961 0.1243902962
2 0.3412191218 0.2487805719 0.0568425202 0.1363508939
2 0.5250404925 0.2445943683 0.0614265883 0.1351548475
2 0.7689132690 0.2045263460 0.0485911724 0.0717636376
1 0.6456688495 0.2022034113 0.1325449037 0.2306423856
1 0.4444951144 0.2037461864 0.0659779320 0.2398989336
1 0.2548086229 0.2076030639 0.0447706900 0.2152147730
2 0.2459722945 0.7980938935 0.1943992110 0.2437558238
2 0.4659968605 0.7718358207 0.1384358051 0.2645830427
0 0.4260777245 0.6820672130 0.1436379173 0.2400124439
0 0.6534564751 0.3574146158 0.1815758697 0.1358936649
0 0.3358425897 0.3196459356 0.0707847974 0.1694211523
0 0.2443980382 0.7699092238 0.0272695053 0.0865666063
0 0.3984707761 0.7533074145 0.0245425327 0.0960533780
0 0.3675653284 0.2149342231 0.0190886505 0.0652214318
1 0.2848478191 0.3969612841 0.0827175330 0.0664072782
0 0.1689523941 0.4171206328 0.0818085395 0.0687789711
2 0.0503300157 0.8398740208 0.0790815836 0.0865666063
2 0.2307632777 0.8031128423 0.0854444740 0.0770798346
2 0.4440519475 0.7709943663 0.1817130097 0.2820400022
2 0.2222134220 0.7776729450 0.0606909665 0.1623786865
0 0.4325745322 0.8233000557 0.0678915859 0.1677465722
