2 0.306408 0.519081 0.103789 0.141903
2 0.468878 0.539132 0.102375 0.107970
2 0.137575 0.515224 0.077205 0.214397
1 0.404513 0.868352 0.050455 0.034690
1 0.260472 0.901465 0.029296 0.039946
1 0.564016 0.700158 0.141600 0.087251
1 0.649871 0.246033 0.620922 0.411025
0 0.527345 0.819594 0.798930 0.190350
1 0.086603 0.124702 0.036396 0.061921
2 0.480313 0.542654 0.100469 0.200894
2 0.296577 0.511542 0.090835 0.163560
2 0.129358 0.523098 0.072944 0.240007
2 0.740432 0.611989 0.094964 0.204450
2 0.283988 0.609758 0.076933 0.258908
2 0.478347 0.684292 0.044540 0.345211
