1 0.1376389284 0.7336322756 0.0840579470 0.2638546931
1 0.8755709028 0.6826484029 0.1357858652 0.0967116622
2 0.5821762795 0.7951282329 0.4865663641 0.3447980233
2 0.2330819873 0.1529537219 0.2963222910 0.3059074438
2 0.2700082962 0.7375536100 0.0729408619 0.2585133576
2 0.4496251987 0.7861730579 0.0802349734 0.3106903302
2 0.7518739434 0.7624562410 0.0847937378 0.2846018439
2 0.4401412853 0.8464994963 0.0707167396 0.1074162928
2 0.2655012886 0.8176050346 0.0695386096 0.1187989595
2 0.4430743812 0.7950095079 0.0894206381 0.2218715357
2 0.2570748314 0.7553181446 0.0570753348 0.1861620700
2 0.7273256130 0.1624049858 0.4811573364 0.2770943581
2 0.2565946924 0.1229217570 0.1397326528 0.2458435141
