1 0.714361 0.579436 0.127462 0.111622
2 0.294256 0.142249 0.083241 0.221553
1 0.711062 0.590581 0.108936 0.114678
2 0.295444 0.135747 0.125521 0.257378
2 0.567334 0.150653 0.088493 0.224412
2 0.793234 0.105961 0.093859 0.188368
2 0.075166 0.809680 0.068043 0.226862
2 0.245080 0.846868 0.132361 0.284586
2 0.551110 0.855106 0.217092 0.289789
2 0.847657 0.780406 0.155515 0.210442
1 0.721641 0.587514 0.131773 0.129299
1 0.205461 0.749926 0.032337 0.077790
1 0.264881 0.765694 0.057398 0.119838
2 0.528023 0.740465 0.771238 0.355310
2 0.317833 0.178591 0.231210 0.341644
2 0.537353 0.759445 0.090687 0.132510
1 0.715922 0.582562 0.114994 0.138589
2 0.240517 0.758837 0.076663 0.177491
2 0.825306 0.674347 0.077598 0.134942
2 0.083919 0.734524 0.077598 0.170197
1 0.708693 0.591993 0.124558 0.118668
2 0.237330 0.856212 0.061430 0.088579
2 0.552640 0.825726 0.086147 0.074438
2 0.296726 0.086999 0.068674 0.128781
2 0.788073 0.113017 0.043129 0.093544
2 0.556967 0.117582 0.024972 0.079898
0 0.334931 0.602030 0.228762 0.127208
0 0.382426 0.311463 0.228157 0.140463
0 0.746140 0.317084 0.083218 0.097462
1 0.715393 0.574906 0.150536 0.147151
1 0.774275 0.475381 0.198335 0.540176
0 0.511341 0.485307 0.977318 0.578668
