0 0.312406 0.764282 0.022608 0.038895
0 0.062508 0.698581 0.018571 0.031536
0 0.347933 0.772166 0.017763 0.027332
1 0.587334 0.695953 0.063787 0.064124
1 0.785961 0.637085 0.065401 0.127197
0 0.315792 0.764828 0.025503 0.035575
0 0.061670 0.698421 0.027325 0.037947
0 0.349493 0.777279 0.021860 0.036761
1 0.714736 0.220527 0.020038 0.035575
2 0.382738 0.251952 0.381638 0.205151
2 0.690599 0.230607 0.110211 0.200407
2 0.874587 0.188509 0.048274 0.144673
2 0.321257 0.787952 0.076510 0.188549
2 0.632761 0.774315 0.040077 0.156531
2 0.815838 0.803961 0.029147 0.083009
0 0.310567 0.760782 0.019715 0.041566
0 0.349096 0.773810 0.019066 0.028094
