2 0.841049 0.368030 0.191042 0.196184
1 0.706002 0.225120 0.074660 0.079488
0 0.426026 0.222583 0.059289 0.043972
0 0.428101 0.220614 0.041839 0.044446
1 0.696445 0.232281 0.047609 0.074447
1 0.335047 0.198947 0.040396 0.052224
0 0.345867 0.243948 0.018755 0.035557
1 0.456955 0.900641 0.367891 0.191119
0 0.397859 0.225599 0.146933 0.155259
2 0.666669 0.216085 0.191439 0.261376
2 0.385041 0.225367 0.187722 0.335981
2 0.851262 0.322210 0.145053 0.207058
0 0.427107 0.219730 0.040415 0.043730
1 0.698783 0.234149 0.058881 0.098723
0 0.428746 0.225557 0.026319 0.034304
0 0.242909 0.207601 0.231258 0.310222
2 0.395284 0.242008 0.100697 0.104347
2 0.856658 0.377377 0.045771 0.129729
2 0.661673 0.283605 0.040279 0.108577
2 0.750634 0.538760 0.204975 0.222270
2 0.377062 0.420649 0.102801 0.305388
2 0.603551 0.470320 0.070463 0.312056
1 0.701576 0.229280 0.055510 0.062382
1 0.243742 0.168578 0.205579 0.141274
2 0.432383 0.935103 0.141781 0.069038
