0 0.461864 0.744901 0.051246 0.076239
0 0.814451 0.777843 0.062073 0.095063
0 0.337719 0.208406 0.058464 0.080004
1 0.732530 0.563245 0.085891 0.098828
1 0.822391 0.576893 0.086613 0.116711
1 0.576627 0.240408 0.065682 0.091298
1 0.855954 0.203230 0.055577 0.152477
2 0.472691 0.790079 0.119093 0.098828
0 0.515511 0.691658 0.028041 0.040105
0 0.457621 0.743559 0.042513 0.047182
0 0.331890 0.197427 0.028041 0.030668
2 0.713606 0.199786 0.122113 0.198164
2 0.539482 0.219249 0.106736 0.185189
2 0.885468 0.224557 0.094977 0.209960
2 0.664761 0.737071 0.058795 0.187548
1 0.733053 0.570755 0.070554 0.053080
2 0.816723 0.753585 0.051559 0.185189
0 0.426755 0.294834 0.254216 0.285040
1 0.629229 0.332249 0.149260 0.263081
0 0.812167 0.334434 0.239176 0.362323
0 0.143194 0.516169 0.225607 0.249756
0 0.353760 0.660714 0.256996 0.272141
2 0.693233 0.770828 0.076510 0.183240
1 0.730290 0.823871 0.637175 0.463351
