2 0.110521 0.167618 0.064871 0.282437
2 0.117577 0.145340 0.115325 0.186740
2 0.230010 0.717183 0.116523 0.140258
1 0.121857 0.565693 0.187634 0.176650
1 0.039853 0.334566 0.079706 0.093797
1 0.442069 0.610115 0.063708 0.060970
1 0.735609 0.564387 0.073385 0.093558
1 0.221915 0.592770 0.041128 0.064124
0 0.784401 0.279248 0.023315 0.096039
0 0.498091 0.292013 0.045698 0.070510
2 0.774608 0.161326 0.093260 0.166550
2 0.509282 0.176522 0.086732 0.201805
2 0.314834 0.214208 0.080204 0.279609
2 0.119920 0.183816 0.089530 0.299060
2 0.436073 0.598974 0.033574 0.103334
2 0.222506 0.597759 0.044765 0.076589
2 0.027592 0.609308 0.033574 0.104549
2 0.758754 0.649425 0.104452 0.318511
2 0.443534 0.671308 0.098856 0.272315
2 0.229501 0.664622 0.081137 0.278393
2 0.046710 0.686504 0.077406 0.300275
1 0.899577 0.104188 0.080204 0.108196
1 0.638448 0.174091 0.104452 0.165334
1 0.514729 0.453091 0.970543 0.596904
