1 0.422753 0.338409 0.102101 0.128248
1 0.106322 0.174419 0.062395 0.071483
1 0.659368 0.251158 0.097239 0.090404
2 0.358592 0.320178 0.095981 0.180248
2 0.365401 0.302344 0.078611 0.177873
2 0.666592 0.285150 0.033821 0.188545
2 0.826556 0.367564 0.042962 0.080636
2 0.065796 0.231476 0.100095 0.164368
2 0.351511 0.358040 0.106430 0.121632
0 0.783958 0.259175 0.165140 0.266533
0 0.538754 0.207392 0.270754 0.158002
0 0.240719 0.173863 0.259637 0.188652
1 0.382709 0.162340 0.106161 0.269152
1 0.930324 0.377708 0.098000 0.150322
2 0.352908 0.373654 0.106387 0.172695
0 0.343971 0.298776 0.043369 0.065631
