1 0.130190 0.619576 0.072867 0.100916
1 0.354797 0.736260 0.091284 0.134555
2 0.374015 0.755708 0.180967 0.417332
1 0.839245 0.672662 0.070465 0.141914
1 0.720335 0.681072 0.063258 0.083046
2 0.393929 0.768137 0.040494 0.072386
2 0.109162 0.650844 0.073983 0.159971
2 0.383810 0.701828 0.079788 0.219289
2 0.856710 0.673234 0.035103 0.153315
1 0.957696 0.675313 0.084608 0.189642
1 0.894679 0.530243 0.116916 0.084941
1 0.775353 0.623463 0.131703 0.188121
1 0.565809 0.620654 0.337609 0.191644
1 0.253825 0.595264 0.227824 0.122425
1 0.719470 0.212693 0.172388 0.218934
2 0.618508 0.135486 0.041429 0.100548
2 0.783844 0.128919 0.056744 0.104781
1 0.465016 0.268140 0.290047 0.247548
2 0.178227 0.287123 0.241499 0.188289
