1 0.733522 0.363398 0.037546 0.094448
1 0.699390 0.325063 0.025599 0.042224
1 0.212145 0.347286 0.032426 0.028890
0 0.082015 0.555071 0.048639 0.044446
1 0.614911 0.699521 0.017066 0.055557
1 0.303877 0.707854 0.063999 0.147783
1 0.465977 0.243301 0.111697 0.201258
0 0.334798 0.302495 0.259761 0.309497
0 0.618587 0.362534 0.185729 0.192802
0 0.940041 0.717695 0.054550 0.324719
0 0.786782 0.665266 0.036366 0.155594
0 0.473121 0.676259 0.297426 0.235083
0 0.193878 0.602690 0.253267 0.260451
2 0.503698 0.474366 0.943869 0.515453
