1 0.265640 0.221166 0.142067 0.111429
1 0.765298 0.323659 0.059733 0.087251
2 0.596997 0.482392 0.677242 0.589731
0 0.397989 0.457418 0.037439 0.044908
2 0.383703 0.492703 0.042366 0.254050
2 0.542327 0.470890 0.048277 0.236087
2 0.207836 0.490136 0.035469 0.156536
2 0.887656 0.521572 0.163551 0.265597
1 0.114238 0.574820 0.055174 0.318204
2 0.389089 0.572042 0.079678 0.281115
2 0.549374 0.561032 0.074323 0.254290
2 0.207029 0.501900 0.026549 0.137104
2 0.379137 0.338568 0.030210 0.067956
2 0.535682 0.349298 0.030210 0.065571
0 0.924698 0.535151 0.101751 0.471688
