0 0.4671404824 0.6453940115 0.0313005969 0.0405898556
0 0.7449333608 0.6775276184 0.0417341545 0.0642672139
0 0.7742777203 0.6707626589 0.0221712483 0.0405898063
0 0.7473504365 0.6772978260 0.0291330518 0.0511129072
0 0.7713424151 0.6695197813 0.0119959893 0.0444459977
0 0.4688719944 0.6567415545 0.0188508295 0.0233341832
0 0.4679714981 0.6535085124 0.0583874147 0.0777776411
0 0.7576599121 0.6790231520 0.0794995056 0.0668988628
2 0.7550544169 0.1591123950 0.0621765289 0.0971832891
0 0.4663674464 0.6518743946 0.0204443101 0.0387323687
0 0.7530651947 0.6779576209 0.0259520877 0.0451930384
2 0.4554747396 0.5046435941 0.7873942816 0.5181133639
