0 0.525381 0.588203 0.011219 0.031536
1 0.545416 0.571910 0.057700 0.076739
1 0.374320 0.619740 0.052090 0.067278
1 0.144722 0.627098 0.110592 0.069380
2 0.201220 0.575063 0.388673 0.387898
0 0.058808 0.649880 0.026410 0.047474
2 0.080328 0.637690 0.036192 0.100080
2 0.326822 0.579952 0.049886 0.015397
2 0.492618 0.523496 0.031301 0.084683
2 0.810517 0.386848 0.025432 0.057739
2 0.663305 0.478589 0.036192 0.051323
2 0.329179 0.589747 0.168334 0.128806
0 0.529776 0.588367 0.030861 0.046922
0 0.065985 0.777132 0.129251 0.171058
0 0.221768 0.710861 0.226614 0.238159
0 0.449073 0.712118 0.179481 0.216080
1 0.699658 0.616742 0.161659 0.173790
