2 0.366330 0.412013 0.301717 0.510769
1 0.538110 0.148173 0.081486 0.084564
1 0.259517 0.139716 0.066069 0.057504
1 0.442310 0.119421 0.083688 0.074417
1 0.534031 0.146706 0.072190 0.058977
1 0.452625 0.121936 0.075262 0.073132
1 0.262167 0.140219 0.056830 0.053080
0 0.532495 0.252866 0.047615 0.054259
2 0.282902 0.251097 0.156667 0.230012
2 0.348062 0.494215 0.317004 0.356090
1 0.541974 0.157041 0.090343 0.067278
1 0.435205 0.113416 0.052016 0.036792
1 0.259993 0.136017 0.057491 0.042049
2 0.473532 0.545991 0.599553 0.430998
