1 0.563408 0.298594 0.036505 0.049407
0 0.256768 0.828931 0.007301 0.050458
0 0.206532 0.413698 0.181717 0.189048
0 0.061323 0.454908 0.118346 0.100469
0 0.148465 0.722404 0.263643 0.188075
0 0.426741 0.677595 0.293705 0.155727
0 0.659521 0.671135 0.111826 0.165357
0 0.902142 0.684676 0.126589 0.328027
0 0.633391 0.373548 0.201075 0.176451
2 0.774964 0.246555 0.247892 0.434848
2 0.369648 0.092785 0.316295 0.159101
0 0.621914 0.386686 0.145606 0.196837
0 0.868187 0.718630 0.125833 0.208484
2 0.397213 0.328450 0.278629 0.390180
