1 0.1816784789 0.3730659208 0.0234399580 0.0157681941
1 0.4960975694 0.7057750865 0.1576136479 0.2165500785
2 0.4734658640 0.7709503789 0.3693817971 0.3889492136
2 0.2762466913 0.1486317760 0.3208852907 0.2480864544
0 0.1780412431 0.2852896322 0.0161654864 0.0210242752
1 0.5205473681 0.7462061068 0.2107224021 0.3348324243
1 0.2929184735 0.5357583635 0.2748137407 0.5482761528
1 0.2508551303 0.5947193327 0.2841610914 0.2528634882
1 0.6635431150 0.6129546554 0.0794529873 0.0875296766
2 0.7794510133 0.8019945266 0.0458022334 0.1884320034
2 0.8360027706 0.2859341163 0.0747791843 0.1385886587
2 0.6093281459 0.2452084759 0.1280593967 0.1203532991
2 0.1119839669 0.2104310182 0.1368090217 0.2641458012
1 0.1795216008 0.3767259031 0.0304965146 0.0366219298
2 0.6136310109 0.2291923603 0.1493869106 0.1846693409
2 0.8047258455 0.1707653196 0.1087806825 0.3208801737
2 0.9613514348 0.2289596176 0.0772971303 0.2611957461
2 0.0481912265 0.6352859485 0.0963824531 0.2454479380
2 0.4192314101 0.7913825245 0.1801669701 0.1531676508
2 0.7850130027 0.7987425971 0.0396255058 0.2419296867
0 0.7042048760 0.8209013343 0.0283304472 0.0700942784
0 0.8802234220 0.8740720296 0.0627965537 0.0787812878
0 0.6885475811 0.6236579643 0.1033655708 0.0814230625
2 0.3093421303 0.1006831093 0.0735151440 0.1436343873
1 0.5070047674 0.6527777832 0.1601102278 0.1214423537
2 0.1722100599 0.8732680475 0.0494888665 0.1350017981
2 0.6266667438 0.7986186824 0.0308172328 0.1475093820
