1 0.254927 0.852939 0.223254 0.249541
0 0.699851 0.696977 0.019554 0.042281
0 0.160804 0.621717 0.020858 0.047355
0 0.182313 0.629327 0.024769 0.045664
0 0.409144 0.668226 0.019554 0.028751
0 0.427394 0.663152 0.022162 0.035516
0 0.400018 0.221738 0.022162 0.025369
0 0.703926 0.703147 0.011344 0.036792
0 0.408577 0.671611 0.012154 0.019973
0 0.157795 0.621152 0.016206 0.019973
0 0.179267 0.627460 0.008913 0.017871
0 0.400069 0.224845 0.017826 0.024178
0 0.224643 0.184899 0.012154 0.024178
0 0.429239 0.667931 0.012965 0.018922
1 0.281768 0.856099 0.187986 0.195526
1 0.394397 0.850843 0.103716 0.170297
0 0.403190 0.667655 0.021559 0.042377
0 0.433568 0.661299 0.030052 0.046615
0 0.180742 0.629092 0.020905 0.033054
0 0.154284 0.620617 0.024172 0.038140
0 0.219614 0.192181 0.029398 0.030512
0 0.402210 0.220574 0.022212 0.044920
0 0.700113 0.704524 0.027438 0.036445
2 0.433895 0.779108 0.093421 0.087297
2 0.166697 0.703252 0.058143 0.089840
2 0.293763 0.836741 0.173777 0.185613
2 0.888589 0.837165 0.062063 0.077974
2 0.238233 0.094713 0.054877 0.113571
2 0.420175 0.134972 0.073822 0.065261
2 0.740290 0.151075 0.207095 0.102553
2 0.723305 0.790126 0.094728 0.061871
1 0.276233 0.846528 0.183595 0.190066
0 0.702302 0.696886 0.020802 0.036606
0 0.401246 0.227513 0.020103 0.032966
