1 0.661348 0.638136 0.038074 0.059919
2 0.734257 0.733271 0.347531 0.491968
0 0.417105 0.454174 0.019442 0.043100
1 0.481102 0.128297 0.016202 0.043100
1 0.743573 0.325926 0.059947 0.101968
2 0.205628 0.567806 0.053631 0.084928
2 0.384245 0.638579 0.070902 0.080209
2 0.210480 0.545829 0.057277 0.167233
2 0.393768 0.613652 0.051550 0.161658
0 0.546970 0.577244 0.260152 0.326989
0 0.318895 0.389334 0.147200 0.132598
0 0.229077 0.103608 0.112013 0.237209
0 0.408189 0.167727 0.149324 0.214143
0 0.629343 0.225495 0.249766 0.302528
0 0.877232 0.428219 0.145381 0.227390
1 0.198799 0.388571 0.090106 0.177938
