1 0.777087 0.515230 0.055714 0.055819
0 0.171588 0.517253 0.024178 0.025887
0 0.569998 0.173437 0.024178 0.025887
1 0.355550 0.468714 0.034690 0.033977
1 0.764472 0.585611 0.074636 0.063909
1 0.542141 0.200538 0.035741 0.081707
1 0.738192 0.126921 0.099865 0.034786
1 0.408782 0.129828 0.198277 0.155530
1 0.736938 0.174944 0.104518 0.166215
1 0.321940 0.590779 0.241313 0.126442
1 0.722336 0.627881 0.181369 0.124662
1 0.975561 0.647115 0.026898 0.175714
1 1.014755 0.171770 0.105286 0.142470
1 0.571743 0.273797 0.089236 0.159893
1 0.235335 0.201283 0.096791 0.131241
