1 0.368637 0.674929 0.042606 0.059919
0 0.895062 0.227637 0.020483 0.054663
1 0.732423 0.159308 0.029496 0.033639
1 0.159706 0.360616 0.050799 0.068329
1 0.693914 0.711195 0.073740 0.067278
2 0.543801 0.122138 0.102426 0.200746
2 0.718924 0.117589 0.113712 0.188148
2 0.873359 0.123547 0.085369 0.164335
1 0.677461 0.746941 0.080323 0.131162
1 0.797099 0.740020 0.039533 0.033027
1 0.916157 0.515316 0.053323 0.038925
1 0.736421 0.166169 0.037694 0.043643
1 0.726767 0.754764 0.055162 0.097903
2 0.271271 0.200225 0.065266 0.134668
2 0.546234 0.167135 0.067176 0.148751
2 0.705746 0.184703 0.043519 0.122303
2 0.891487 0.195542 0.053055 0.132060
2 0.773586 0.717725 0.094068 0.204515
2 0.572265 0.714010 0.065033 0.181544
2 0.377442 0.728408 0.075311 0.118623
1 0.159808 0.267408 0.196120 0.139361
1 0.422253 0.294209 0.206339 0.243581
1 0.638667 0.264791 0.153055 0.216166
1 0.803911 0.291940 0.200547 0.183154
1 0.929249 0.320798 0.072316 0.118662
1 0.229602 0.641058 0.232679 0.250868
1 0.491050 0.632752 0.194234 0.153376
1 0.681651 0.600646 0.127534 0.125066
2 0.594243 0.720543 0.062537 0.176275
0 0.234653 0.601406 0.315529 0.256511
1 0.618405 0.468895 0.463344 0.086314
0 0.892755 0.230541 0.103478 0.107645
0 0.365576 0.713151 0.091359 0.082528
