1 0.457171 0.688069 0.062416 0.096712
1 0.366394 0.521572 0.155334 0.057739
2 0.536569 0.148837 0.050459 0.084683
2 0.299611 0.176423 0.035618 0.057739
2 0.708227 0.140497 0.043533 0.091099
2 0.857130 0.107779 0.038586 0.123176
2 0.503424 0.719808 0.043533 0.064154
2 0.774021 0.708901 0.060353 0.044908
2 0.239258 0.724940 0.053427 0.053889
2 0.696353 0.472543 0.329973 0.392668
2 0.569333 0.346719 0.855867 0.423060
2 0.470476 0.495368 0.916534 0.602751
1 0.500432 0.427562 0.920549 0.100902
1 0.376241 0.545703 0.284064 0.171037
2 0.772824 0.103758 0.302510 0.100469
