0 0.547423 0.348921 0.111542 0.128248
0 0.242299 0.376778 0.123666 0.127197
0 0.213660 0.339279 0.028609 0.081180
0 0.248120 0.357883 0.027308 0.087945
0 0.535507 0.337588 0.022107 0.043972
0 0.561515 0.335897 0.014304 0.050737
2 0.550881 0.362744 0.103260 0.235018
0 0.235570 0.361145 0.055318 0.049562
2 0.245404 0.390722 0.124158 0.243012
2 0.775225 0.357148 0.072528 0.137493
2 0.939334 0.308386 0.046713 0.139092
0 0.221046 0.357957 0.023972 0.042547
0 0.246165 0.353676 0.033248 0.048295
0 0.535037 0.341587 0.029728 0.039889
0 0.564345 0.338585 0.028040 0.038026
1 0.520060 0.497464 0.914176 0.904473
