0 0.7422002051 0.3905751984 0.0395367205 0.0651752374
1 0.5110314582 0.3027988603 0.1161895311 0.2176012576
1 0.3936315962 0.3480010411 0.0976315018 0.2701619329
1 0.4997352411 0.7385269925 0.2404477458 0.3048520403
2 0.6619164963 0.4972733899 0.3421136525 0.6107552119
1 0.4137724254 0.1835943096 0.0560481174 0.0659186157
2 0.6590528252 0.5199544298 0.2314131555 0.3659226840
2 0.6778802478 0.6623033033 0.2844441942 0.4114527337
0 0.7433158938 0.3855320968 0.0520038447 0.0591461880
2 0.5969972532 0.6158622033 0.6594288093 0.2487305427
