0 0.082755 0.711094 0.068691 0.198503
0 0.618901 0.708192 0.068691 0.118405
0 0.773233 0.681492 0.086533 0.262348
0 0.624584 0.672454 0.028609 0.043972
0 0.781281 0.647085 0.029909 0.047355
0 0.620572 0.680546 0.016974 0.042049
0 0.785864 0.646907 0.011316 0.025229
0 0.343334 0.723646 0.012124 0.039946
0 0.903064 0.186475 0.016166 0.021024
0 0.930950 0.185950 0.010508 0.022075
0 0.564397 0.246920 0.014549 0.024178
0 0.584200 0.227998 0.010508 0.013666
0 0.065691 0.668983 0.019399 0.033639
0 0.319489 0.246920 0.008083 0.026280
0 0.110954 0.210128 0.019399 0.038895
1 0.924888 0.534427 0.021015 0.060970
1 0.925696 0.652163 0.054963 0.094609
1 0.879220 0.736786 0.055771 0.108275
1 0.368794 0.699993 0.040414 0.032588
1 0.574096 0.720492 0.021015 0.042049
0 0.620758 0.674493 0.043583 0.045331
0 0.068958 0.671972 0.042741 0.057701
0 0.468809 0.641107 0.236893 0.103591
2 0.616525 0.829147 0.091634 0.235080
2 0.793738 0.812453 0.084833 0.233321
0 0.789366 0.625608 0.024933 0.051687
0 0.764136 0.629540 0.012773 0.063686
1 0.907501 0.634551 0.080037 0.158886
1 0.447297 0.921318 0.055792 0.113160
2 0.304315 0.814013 0.064279 0.253270
2 0.048065 0.779537 0.023668 0.192855
0 0.076061 0.670294 0.023947 0.031254
0 0.066334 0.600069 0.040295 0.101022
0 0.624654 0.663432 0.027396 0.036163
1 0.176198 0.763686 0.072367 0.072398
1 0.438084 0.202790 0.085642 0.065911
2 0.310892 0.137223 0.078754 0.221116
2 0.108698 0.159134 0.038278 0.155979
1 0.189090 0.230338 0.085954 0.104165
2 0.631894 0.115857 0.064735 0.175867
0 0.472843 0.352651 0.183309 0.077179
2 0.719995 0.134588 0.076681 0.185123
2 0.882224 0.113417 0.091248 0.180819
2 0.537373 0.141313 0.085001 0.223975
