2 0.618805 0.610978 0.130866 0.260844
0 0.878495 0.754581 0.104382 0.205784
2 0.384006 0.579941 0.152037 0.230444
0 0.393304 0.767313 0.114266 0.214993
0 0.901042 0.755854 0.146676 0.229937
0 0.155181 0.765188 0.222627 0.149766
1 0.649524 0.768824 0.111410 0.257693
2 0.369648 0.624433 0.078433 0.133545
2 0.198863 0.623149 0.034875 0.140517
2 0.039785 0.577919 0.031787 0.196432
2 0.846228 0.617324 0.052907 0.090935
1 0.172269 0.761877 0.228224 0.140448
1 0.399054 0.751967 0.103885 0.179851
1 0.903185 0.737534 0.138184 0.175110
2 0.634009 0.635584 0.056543 0.146627
