1 0.875961 0.722937 0.104400 0.174707
1 0.864098 0.725929 0.069592 0.153961
1 0.304778 0.511748 0.068975 0.250946
2 0.219432 0.685363 0.102274 0.263251
2 0.829879 0.595834 0.092229 0.145856
2 0.471464 0.608878 0.043832 0.160085
2 0.630354 0.546622 0.116884 0.170758
1 0.545060 0.598551 0.163520 0.113531
1 0.865625 0.707877 0.093903 0.195526
1 0.494062 0.371489 0.144092 0.119838
1 0.354017 0.712608 0.208852 0.116685
1 0.265781 0.256381 0.259042 0.215499
1 0.877776 0.715858 0.074044 0.174856
1 0.333599 0.660724 0.175612 0.140313
1 0.759643 0.734090 0.286144 0.264557
