1 0.4543697501 0.2229065960 0.0793878185 0.0620216007
1 0.8541441774 0.3269767731 0.1385236197 0.0620215885
2 0.3660710353 0.7600768650 0.4487842198 0.2785716713
1 0.3142259176 0.8425971083 0.0648063570 0.1030189962
2 0.4243968058 0.2260602397 0.4844277672 0.3269274920
2 0.2118466892 0.2158115476 0.2164628655 0.0888913462
2 0.1289605828 0.7313814294 0.2123527834 0.1208922309
2 0.5694214170 0.1651434741 0.0465806085 0.0480013392
2 0.6180570712 0.8060501847 0.2945538856 0.0888913953
0 0.5499446275 0.6713647942 0.7503988097 0.3355303862
1 0.7870937094 0.6263272569 0.1761236220 0.2504321073
1 0.4081470279 0.6992686633 0.2520065923 0.2625890043
1 0.4802827120 0.3461107544 0.2669958125 0.2516478510
2 0.2287445636 0.2920125346 0.2510697802 0.2990597566
1 0.5486580079 0.7223697825 0.7755424183 0.5366474130
