1 0.7587811687 0.6467412030 0.0302747217 0.0633355218
1 0.6065426062 0.7517448389 0.0302747217 0.0266676086
1 0.8915573347 0.2056147662 0.0536294314 0.1011146097
1 0.0425681419 0.7228549539 0.0423845796 0.0844473786
1 0.3881322464 0.3889544780 0.0449795487 0.1188930154
1 0.3859697852 0.2839508299 0.0320047058 0.0777804764
0 0.5446206083 0.3853291935 0.3092242326 0.0959856188
0 0.8969413833 0.3494847211 0.1569798536 0.1216020448
0 0.9201944937 0.6206164337 0.0641357120 0.1659077218
0 0.4784432968 0.6652134833 0.2327341514 0.1594367338
0 0.1761489953 0.5925357255 0.1785633257 0.1545331073
0 0.2514086525 0.3633920157 0.1842488015 0.2000312259
0 0.7599786437 0.6684008721 0.0746129102 0.1802318191
1 0.0416902858 0.7250394109 0.0275860258 0.0642308658
1 0.9533119957 0.5528325261 0.0551477564 0.0760826026
1 0.9379634668 0.2097947404 0.0494367392 0.1158344408
0 0.5476943904 0.5059739736 0.9046112193 0.5810998089
2 0.5041796618 0.4946638996 0.8748548904 0.6464077899
1 0.8700207625 0.5337610775 0.0259696281 0.0513231917
1 0.9249565955 0.4375301052 0.0299649380 0.0384923695
