1 0.105456 0.242656 0.096291 0.115188
0 0.458256 0.788501 0.050941 0.153607
1 0.304878 0.335276 0.023256 0.030384
1 0.411744 0.651774 0.042082 0.153607
0 0.161503 0.577760 0.012879 0.064128
1 0.361996 0.653768 0.224348 0.340201
0 0.449052 0.765911 0.057663 0.188146
0 0.161637 0.566092 0.057663 0.129093
2 0.459864 0.772778 0.088297 0.418866
2 0.154880 0.664972 0.072980 0.343333
0 0.361206 0.261899 0.045950 0.094760
2 0.378325 0.140359 0.067574 0.241706
2 0.632403 0.204219 0.078386 0.366680
2 0.173801 0.127999 0.027931 0.197760
1 0.532165 0.480945 0.935669 0.648213
