2 0.892278 0.110116 0.084623 0.208023
2 0.389320 0.820546 0.105888 0.166014
2 0.705158 0.767185 0.067549 0.187359
2 0.889549 0.715009 0.073026 0.196846
2 0.252395 0.297601 0.056595 0.154156
2 0.534916 0.237124 0.094021 0.144670
2 0.721133 0.183169 0.119580 0.176687
2 0.897308 0.123878 0.066636 0.207518
1 0.252095 0.413144 0.076201 0.170044
1 0.739519 0.294541 0.059179 0.161374
2 0.384938 0.773020 0.105381 0.291032
2 0.700762 0.710028 0.098976 0.278518
2 0.541484 0.223562 0.138224 0.117337
2 0.271880 0.292008 0.121801 0.083558
0 0.536694 0.720464 0.169700 0.126226
0 0.228771 0.663574 0.191597 0.168894
0 0.772769 0.343565 0.277816 0.087114
