0 0.7383925250 0.6986681538 0.0363141439 0.0659584292
0 0.7675734823 0.6935944096 0.0427988179 0.0591934696
0 0.4238862348 0.7147349696 0.0298294322 0.0608847341
0 0.4517702989 0.7088156177 0.0337202441 0.0558109899
0 0.9523864633 0.6648432824 0.0311263444 0.0558109899
0 0.8959698603 0.1938322436 0.0272355702 0.0439722984
0 0.4545597980 0.7111878918 0.0289709767 0.0433348625
0 0.4289971837 0.7195215041 0.0187459461 0.0666689965
0 0.1422697078 0.1495017206 0.0298230626 0.0555574848
0 0.1179851987 0.1872808026 0.0238584520 0.0355567932
0 0.3978959593 0.1872808087 0.0213022132 0.0311121910
0 0.6965526800 0.2111705349 0.0136333742 0.0211118760
0 0.8959411734 0.1939477059 0.0272668238 0.0311121664
0 0.9474924402 0.6672974617 0.0213022132 0.0400013585
0 0.7698321982 0.6934094829 0.0323794335 0.0588909518
0 0.7417132980 0.7078544124 0.0374918922 0.0611132714
0 0.1235237711 0.5917392854 0.0161896696 0.0311121787
1 0.4890693471 0.6700753243 0.0587940299 0.1100038098
1 0.4047126652 0.6489635098 0.0536815334 0.1233376288
2 0.5747041626 0.7578561352 0.4533105590 0.3366783388
0 0.7516254904 0.7039689341 0.0489102601 0.0558001611
0 0.4353130768 0.7199109477 0.0496056910 0.0439796694
2 0.5221653586 0.4492143323 0.9556692828 0.1995234090
