0 0.9856528940 0.2580994676 0.0273201174 0.0473548019
1 0.8830170639 0.6386616342 0.0404313008 0.0420485529
1 0.5692701758 0.2292138836 0.0210242638 0.0536118885
1 0.5114534188 0.2749416787 0.0493261429 0.0693801163
0 0.2696742431 0.6849150382 0.0218328772 0.0357412453
0 0.2931244101 0.7001576468 0.0169811337 0.0430997913
1 0.5654706822 0.2233772022 0.0335717307 0.0448228670
0 0.9769520600 0.2599432312 0.0290350257 0.0495410689
0 0.2948615173 0.7018550182 0.0211200232 0.0326595434
0 0.2686082390 0.6839554140 0.0260656669 0.0410902599
