2 0.786824 0.710507 0.128888 0.319645
2 0.451182 0.801074 0.407843 0.356362
2 0.800744 0.723652 0.152109 0.276680
2 0.438938 0.825630 0.379060 0.208189
2 0.766849 0.212002 0.059239 0.180302
2 0.924803 0.164594 0.027012 0.108330
1 0.594840 0.560429 0.017797 0.042227
0 0.916993 0.188846 0.032863 0.088938
0 0.619405 0.817936 0.025560 0.094868
2 0.589737 0.889087 0.117757 0.083009
2 0.241942 0.038836 0.062987 0.061664
2 0.796220 0.701342 0.145493 0.317413
2 0.761316 0.169915 0.074791 0.307008
2 0.393963 0.144100 0.053117 0.258167
2 0.608474 0.154191 0.032881 0.262115
2 0.913533 0.156517 0.065601 0.266828
2 0.123578 0.557633 0.178982 0.185439
0 0.618669 0.803738 0.021581 0.059280
2 0.841876 0.762260 0.066203 0.192643
