0 0.8051851372 0.2316991269 0.0321077162 0.0617864338
0 0.1184943035 0.2464741437 0.0528223718 0.0752182673
2 0.8481680476 0.7293485561 0.0787156914 0.1356615178
2 0.6648433454 0.7635997314 0.1180735370 0.1235728677
2 0.3753560331 0.7824042982 0.0921802175 0.1316319678
2 0.3494627136 0.2310275353 0.0735370274 0.1302887844
2 0.6260033661 0.2122229684 0.0797514241 0.1034251175
2 0.8191675298 0.2034922767 0.1201450026 0.1423774345
0 0.7983994565 0.2352676955 0.0182576982 0.0490460316
2 0.2626289020 0.7720015547 0.4206983625 0.3511054537
2 0.6468505227 0.7967050935 0.1613083004 0.2848789069
0 0.8000528423 0.2343056950 0.0121589238 0.0241779356
0 0.3738824972 0.3244975688 0.1896748239 0.2372875534
2 0.3548660634 0.2290678210 0.0661472220 0.1251107364
2 0.6302584742 0.2349153702 0.0765327758 0.1390240466
2 0.8158887945 0.2335626821 0.1158657143 0.1996985974
2 0.6647944478 0.7559517271 0.0698613266 0.1358131014
2 0.8534177665 0.7218297135 0.0873521502 0.1414349763
2 0.3831131558 0.7518963324 0.0723183472 0.1397767794
1 0.4521162921 0.3963566275 0.1282252860 0.0963456543
1 0.2323501168 0.4003937198 0.0887159271 0.0750914831
1 0.1501293410 0.4076987754 0.0754822425 0.0490787422
2 0.7493177085 0.7351315449 0.2202942432 0.2856871206
