1 0.382561 0.649010 0.043337 0.054663
1 0.753309 0.582765 0.113891 0.081799
0 0.407204 0.598048 0.225641 0.146664
0 0.691459 0.573567 0.175770 0.094100
0 0.026920 0.346474 0.053323 0.102179
0 0.157503 0.399160 0.166175 0.131775
0 0.456701 0.348631 0.395474 0.254755
0 0.703370 0.428669 0.079209 0.100665
1 0.194709 0.588081 0.193217 0.119700
1 0.217426 0.533793 0.168300 0.108447
1 0.031308 0.358618 0.052050 0.094738
1 0.159197 0.396944 0.177812 0.113496
1 0.705783 0.428654 0.068113 0.102380
1 0.459080 0.301565 0.413764 0.334127
1 0.414698 0.606235 0.263039 0.107221
1 0.691387 0.569864 0.186222 0.081574
2 0.519905 0.157339 0.075797 0.238058
2 0.253473 0.156653 0.032932 0.253051
2 0.081025 0.223739 0.068882 0.155226
2 0.114420 0.686705 0.063552 0.241488
2 0.309734 0.721254 0.075500 0.176016
2 0.594674 0.690568 0.077468 0.125197
2 0.927803 0.593305 0.123057 0.280871
2 0.836697 0.239928 0.211650 0.289279
2 0.399900 0.221259 0.099837 0.075949
