0 0.374775 0.487263 0.034969 0.052429
0 0.371421 0.486417 0.034325 0.047182
1 0.140628 0.698736 0.087620 0.125032
1 0.373679 0.539497 0.044262 0.077850
1 0.569695 0.567806 0.037035 0.080209
0 0.372662 0.501694 0.049427 0.082153
2 0.535853 0.440433 0.111664 0.288510
2 0.920875 0.454871 0.067472 0.306205
2 0.343736 0.412477 0.134994 0.301027
2 0.059229 0.425193 0.114651 0.367754
0 0.367713 0.485546 0.019320 0.045202
0 0.537169 0.524966 0.012075 0.029434
1 0.450630 0.579629 0.075672 0.088302
1 0.145930 0.701045 0.071647 0.120890
0 0.372717 0.497193 0.027512 0.055172
2 0.538774 0.454852 0.053059 0.060305
2 0.361909 0.469607 0.041268 0.053889
2 0.070480 0.533572 0.076614 0.327130
2 0.348054 0.497444 0.108841 0.291400
2 0.535941 0.518882 0.123434 0.299340
2 0.735989 0.559774 0.060197 0.328718
2 0.928133 0.578036 0.068709 0.354126
0 0.375262 0.497835 0.044976 0.066072
2 0.209826 0.180922 0.196667 0.209643
2 0.423765 0.200752 0.162320 0.177169
1 0.135128 0.729428 0.127378 0.128597
1 0.367155 0.496849 0.054131 0.088007
