1 0.1801215619 0.2208041714 0.0961668389 0.0809434583
1 0.3393221132 0.3101573452 0.0816205776 0.1545284394
1 0.6791385241 0.4825564108 0.3620398108 0.5413751171
1 0.0765246907 0.7537695854 0.1530493815 0.1881673013
1 0.0637516038 0.1924213963 0.0299006141 0.0388949117
2 0.6467173719 0.4649446672 0.3417424239 0.4139789950
0 0.3556838015 0.1906860905 0.2493660177 0.2439231503
0 0.1440628203 0.1693721587 0.1685916170 0.1862911717
2 0.0576209885 0.1979622533 0.1085557308 0.2504167311
2 0.6236510398 0.4983832821 0.1870487636 0.2262089391
