0 0.590335 0.616643 0.032586 0.081180
0 0.333556 0.630173 0.032586 0.091327
0 0.329875 0.635766 0.020766 0.062871
2 0.316525 0.658220 0.033622 0.102646
2 0.911828 0.662711 0.059333 0.119326
0 0.917761 0.551083 0.019778 0.042342
1 0.953855 0.330393 0.048455 0.075702
2 0.593905 0.676183 0.036588 0.082117
1 0.594399 0.622935 0.033622 0.055172
2 0.536055 0.107137 0.029666 0.073136
2 0.743719 0.092382 0.017800 0.066720
0 0.915479 0.557120 0.012846 0.024445
0 0.327582 0.628789 0.023978 0.038890
0 0.588346 0.623233 0.021409 0.058891
1 0.846541 0.618233 0.077073 0.133338
1 0.286905 0.183774 0.086493 0.086670
2 0.901039 0.712334 0.073136 0.070391
0 0.915266 0.558877 0.022770 0.036950
1 0.282235 0.175028 0.071772 0.104289
0 0.328678 0.627462 0.032702 0.070527
0 0.586495 0.621272 0.027849 0.055186
1 0.312809 0.447644 0.024994 0.053759
1 0.904646 0.204909 0.030503 0.053780
0 0.058875 0.580653 0.018117 0.053492
0 0.913142 0.554540 0.012107 0.028920
