0 0.110378 0.656387 0.028554 0.065958
0 0.294035 0.601422 0.019469 0.060885
0 0.480937 0.576899 0.035044 0.072723
0 0.918339 0.382406 0.055811 0.089636
0 0.693148 0.510095 0.054513 0.108240
0 0.477484 0.578047 0.024571 0.029645
0 0.298205 0.599984 0.028211 0.042689
2 0.133032 0.682399 0.078264 0.454168
0 0.929777 0.383573 0.044592 0.077078
2 0.717281 0.568560 0.074624 0.418594
2 0.453823 0.649789 0.031852 0.377090
2 0.305485 0.591683 0.051873 0.258508
1 0.393305 0.558481 0.163808 0.203961
0 0.921073 0.390416 0.065818 0.053676
0 0.113968 0.661334 0.031714 0.049585
0 0.478970 0.593742 0.038058 0.073270
0 0.923753 0.388128 0.052178 0.059146
0 0.692616 0.489981 0.025731 0.058565
2 0.694032 0.363186 0.047599 0.115797
1 0.383080 0.523522 0.096441 0.109174
