2 0.781650 0.240076 0.112747 0.110191
2 0.562746 0.240459 0.093956 0.100243
2 0.393486 0.207937 0.106577 0.110191
2 0.247924 0.160494 0.082457 0.148452
2 0.395589 0.814753 0.079933 0.090295
2 0.666098 0.843066 0.107138 0.099478
2 0.225346 0.789119 0.091151 0.107895
2 0.395709 0.725481 0.036929 0.185122
2 0.218338 0.682093 0.055953 0.234294
2 0.044324 0.666908 0.032453 0.183675
2 0.894810 0.679201 0.030215 0.222724
2 0.655890 0.703787 0.040286 0.234295
0 0.783199 0.292648 0.010574 0.027332
0 0.236196 0.189104 0.016268 0.022075
1 0.859657 0.623255 0.049617 0.089353
2 0.231914 0.103895 0.034562 0.056463
2 0.940384 0.721577 0.095747 0.138997
2 0.648041 0.771265 0.055218 0.112318
2 0.393717 0.765006 0.054328 0.129905
2 0.221509 0.736901 0.062983 0.165932
2 0.042615 0.692103 0.037377 0.162922
2 0.768870 0.260495 0.035564 0.131691
2 0.538608 0.243229 0.023691 0.149715
2 0.383881 0.219477 0.051195 0.168336
2 0.225877 0.178161 0.030330 0.162857
1 0.877708 0.273011 0.061185 0.065803
1 0.666913 0.265982 0.077554 0.034472
1 0.078805 0.751576 0.071532 0.088891
1 0.267951 0.736465 0.081161 0.094225
1 0.884913 0.700908 0.046771 0.090669
1 0.966075 0.293786 0.038517 0.144004
1 0.860840 0.637796 0.037142 0.049779
