2 0.666671 0.373104 0.149388 0.287511
2 0.197723 0.360420 0.126005 0.299350
1 0.753513 0.286683 0.164464 0.148773
2 0.214732 0.432674 0.124950 0.201608
1 0.745994 0.293174 0.224464 0.162938
1 0.519914 0.253228 0.187323 0.078841
1 0.768602 0.146004 0.045216 0.087251
1 0.573608 0.685276 0.388372 0.350054
2 0.798073 0.440869 0.389987 0.510890
2 0.502555 0.552823 0.446506 0.701160
2 0.189274 0.564912 0.197819 0.727440
2 0.191973 0.402960 0.108628 0.178020
2 0.379843 0.417119 0.084989 0.199647
2 0.663322 0.400914 0.097215 0.151427
1 0.747189 0.266177 0.114369 0.139063
