0 0.396996 0.587678 0.046293 0.074636
1 0.805509 0.597139 0.148624 0.125094
1 0.689777 0.149847 0.055226 0.107224
1 0.484709 0.107799 0.059287 0.105121
2 0.700917 0.620971 0.070139 0.123468
0 0.172416 0.656832 0.024549 0.026328
0 0.367053 0.638675 0.023847 0.042669
1 0.706177 0.161598 0.041382 0.045393
2 0.751417 0.098048 0.075751 0.096232
2 0.392303 0.632774 0.086973 0.125284
2 0.208538 0.640036 0.084167 0.150704
2 0.733158 0.157692 0.086542 0.269707
2 0.081156 0.138660 0.066377 0.227294
2 0.268522 0.130503 0.083181 0.195755
2 0.201306 0.647080 0.113428 0.226206
2 0.370188 0.660130 0.041170 0.165304
2 0.746020 0.052692 0.054644 0.085883
2 0.194864 0.631642 0.084548 0.157870
2 0.392940 0.628790 0.070033 0.135315
2 0.687284 0.615790 0.063072 0.110512
2 0.731721 0.120898 0.053087 0.160423
2 0.468012 0.105527 0.034447 0.080455
2 0.265689 0.118048 0.050998 0.127829
2 0.080421 0.105700 0.033743 0.130914
1 0.297422 0.504467 0.171584 0.162253
1 0.532242 0.565660 0.235026 0.131015
1 0.810605 0.563077 0.145558 0.110468
1 0.843762 0.274983 0.241591 0.170595
1 0.578244 0.215255 0.164240 0.245673
1 0.355845 0.182051 0.123204 0.247671
1 0.177809 0.156818 0.160956 0.217683
