0 0.455275 0.717272 0.023548 0.035516
0 0.724115 0.663998 0.017007 0.027060
0 0.742430 0.663152 0.027473 0.052429
0 0.434998 0.726574 0.022240 0.027060
0 0.916423 0.599730 0.024856 0.060885
0 0.932122 0.592120 0.030089 0.032134
0 0.456637 0.715762 0.011384 0.026280
0 0.433056 0.730479 0.011384 0.019973
0 0.744082 0.668983 0.012197 0.021024
0 0.916468 0.603282 0.017076 0.045202
0 0.724973 0.670034 0.013010 0.018922
0 0.633495 0.254279 0.013823 0.045202
2 0.197267 0.161977 0.085776 0.209323
2 0.448840 0.174769 0.071604 0.144585
2 0.605184 0.123347 0.079386 0.141777
2 0.747007 0.074699 0.087702 0.102103
2 0.173911 0.762701 0.043310 0.065100
0 0.444323 0.723879 0.056842 0.056783
0 0.736449 0.663520 0.049472 0.067704
0 0.924930 0.597486 0.055796 0.055793
0 0.917135 0.599846 0.024208 0.036631
2 0.624449 0.213570 0.061202 0.113522
