0 0.6847186162 0.7713915927 0.0324494899 0.0524285107
0 0.1908376360 0.1904497600 0.0389393539 0.0575022363
0 0.1830695252 0.7436188015 0.0104880631 0.0231266683
0 0.1891203475 0.1827962170 0.0209761828 0.0325876462
0 0.6864975438 0.7835649095 0.0153287700 0.0399461081
0 0.6606807296 0.7914490189 0.0088745948 0.0430997715
1 0.3867804080 0.7005190054 0.0177490763 0.0189218329
1 0.3617703374 0.6658289784 0.0225896888 0.0546631056
0 0.3633838434 0.6658290030 0.0161354759 0.0210242752
1 0.6574536420 0.6605729219 0.0266235578 0.0399461081
1 0.7720157621 0.3935646100 0.0960063002 0.0693801277
1 0.7643514148 0.5896159625 0.1097214321 0.0536118353
2 0.8083206960 0.7846161307 0.3622423312 0.3658223978
2 0.4581800377 0.7804112707 0.3299712474 0.3405932381
2 0.5021493094 0.2258959900 0.3630490748 0.3963075987
0 0.6888901823 0.7765859255 0.0307790819 0.0613365942
0 0.1837497162 0.7459176530 0.0307791951 0.0424637960
1 0.4001091537 0.7836632740 0.0307791574 0.0684138689
0 0.1896339563 0.1956578023 0.0443581585 0.0460024702
2 0.3738563363 0.7978178727 0.0887164303 0.2241145033
2 0.9594143388 0.7571234323 0.0811713224 0.2819124356
2 0.6739532716 0.7777655369 0.0878110943 0.2217552314
0 0.5183883601 0.6373798576 0.2995892715 0.1209480722
0 0.7984693500 0.4238893446 0.1086033979 0.0851235586
2 0.5218013086 0.0869024063 0.3417743407 0.1176919376
2 0.3789436940 0.8353777570 0.0494363628 0.1892181323
2 0.1703840219 0.8132352253 0.0442867527 0.2173995541
2 0.4947623947 0.2515787498 0.3209049222 0.3552384788
