0 0.6953173285 0.6690713875 0.0428827201 0.0541197416
0 0.6608812239 0.6673801468 0.0285884380 0.0473547790
0 0.1839735471 0.7308017325 0.0311874185 0.0591935046
0 0.9344208805 0.1439405932 0.0324869245 0.0524285215
0 0.6931806247 0.6752899088 0.0169618403 0.0315364052
0 0.6616801091 0.6668802007 0.0153463969 0.0231266972
0 0.6023136364 0.2069741374 0.0096924712 0.0388949203
0 0.7513354517 0.1827962113 0.0185772838 0.0304852020
0 0.1814987514 0.7283761806 0.0129232949 0.0262803582
0 0.4884271000 0.7551821148 0.0080770593 0.0189218021
0 0.8619912117 0.6405998425 0.0137310166 0.0231266972
1 0.7602202328 0.2474458882 0.0282697549 0.0462533943
2 0.2885198278 0.7956538656 0.5371246160 0.3479516914
0 0.6953302046 0.6726696687 0.0259639263 0.0388073928
2 0.4760567508 0.8564812518 0.1197282225 0.0625860078
2 0.1689609855 0.8236184614 0.0816160516 0.0705851456
2 0.1317904373 0.2125350367 0.0549212419 0.1208491473
2 0.3624461824 0.2106036139 0.0796040138 0.0907430944
2 0.5830957675 0.1521733516 0.0655446255 0.1243014329
2 0.7482663680 0.1462999911 0.0669678113 0.1241992422
2 0.9166179921 0.1268749802 0.0726789851 0.1149252613
2 0.8586960707 0.6624688294 0.0476959765 0.1824935153
2 0.6734479019 0.6961565801 0.0627549969 0.1669901749
2 0.4837429043 0.8035865260 0.1094732748 0.1593220481
2 0.1733459425 0.7473946080 0.1028002923 0.2020480950
1 0.0616819802 0.3359019407 0.0419465098 0.0664391704
1 0.1919294119 0.3496928568 0.0508603527 0.0656097946
1 0.3002325174 0.3643293727 0.1295253434 0.0735176877
1 0.5119740152 0.3502171903 0.1705284079 0.1022286088
1 0.7499970650 0.2579313769 0.2056174688 0.0986596540
1 0.5482622085 0.6409832838 0.1312428803 0.1620476827
1 0.3559219218 0.6575293355 0.1712027612 0.1362035656
1 0.1321238150 0.5502378482 0.1178232329 0.1263493452
1 0.0218934569 0.5395650543 0.0437869138 0.1375057585
1 0.6875806018 0.1665600588 0.0397843180 0.0657298421
2 0.5274490013 0.4583878241 0.9451019974 0.2660312165
0 0.3766646597 0.5308955977 0.6622644245 0.4607464674
0 0.4885975661 0.7515687185 0.0255556787 0.0357239673
0 0.5250380476 0.7484890718 0.0132511301 0.0221734233
2 0.4876510636 0.8408784725 0.1353503822 0.1379682045
2 0.1814563874 0.7509527810 0.1476549229 0.1823151333
0 0.6603883982 0.6659545077 0.0340742804 0.0271009237
0 0.6925696104 0.6678023204 0.0151441036 0.0529699723
2 0.6864172729 0.6887439096 0.0861320298 0.1663009212
2 0.8539488357 0.6967509746 0.0672019793 0.1478230411
