1 0.909244 0.477115 0.081509 0.069341
0 0.627643 0.782301 0.014450 0.030001
0 0.328434 0.723966 0.019551 0.022223
1 0.463588 0.119501 0.075652 0.060002
1 0.727946 0.125612 0.126654 0.085559
1 0.824424 0.676742 0.052702 0.056669
1 0.676520 0.777857 0.066302 0.127782
1 0.079377 0.561738 0.024651 0.071114
1 0.725711 0.905213 0.146251 0.209142
0 0.626784 0.781430 0.029029 0.028460
1 0.631482 0.554932 0.077543 0.057739
1 0.592711 0.408019 0.180606 0.074419
1 0.769881 0.526704 0.118768 0.060305
1 0.338489 0.395830 0.164901 0.073136
1 0.943615 0.478589 0.083432 0.051323
1 0.523221 0.616422 0.241579 0.138902
1 0.208804 0.529944 0.124405 0.112772
1 0.295809 0.218485 0.150197 0.197871
2 0.099296 0.179883 0.125640 0.265068
1 0.894195 0.276740 0.136649 0.192310
1 0.612369 0.286276 0.253560 0.308181
0 0.339057 0.746300 0.050699 0.063235
0 0.476985 0.259927 0.532941 0.209838
0 0.863767 0.256562 0.180467 0.192572
0 0.230823 0.529426 0.177705 0.157954
0 0.522310 0.616832 0.268951 0.225649
0 0.761954 0.680596 0.164060 0.249963
1 0.168465 0.241414 0.099217 0.188288
1 0.074991 0.557038 0.081979 0.237760
2 0.831306 0.768813 0.071945 0.117600
1 0.481770 0.111627 0.032062 0.050347
1 0.740209 0.141974 0.042997 0.080103
1 0.785890 0.209510 0.019113 0.033873
1 0.924775 0.151533 0.022990 0.040412
