1 0.612977 0.360420 0.116505 0.089636
0 0.202591 0.180302 0.023563 0.050737
0 0.038960 0.133793 0.028799 0.042281
0 0.232699 0.184530 0.028799 0.052429
0 0.712464 0.259791 0.027490 0.057502
0 0.433637 0.238650 0.017018 0.028751
0 0.411384 0.231885 0.027490 0.049046
0 0.629994 0.771392 0.040580 0.076106
0 0.627048 0.765970 0.033781 0.054259
1 0.585964 0.400899 0.130557 0.161598
0 0.708304 0.261713 0.026477 0.053080
0 0.433038 0.244019 0.031042 0.036566
0 0.397888 0.241070 0.026477 0.042464
0 0.237658 0.192119 0.032868 0.055439
0 0.584138 0.757713 0.026477 0.037746
1 0.699910 0.183208 0.052694 0.091177
0 0.617576 0.756406 0.106329 0.080236
1 0.403507 0.160718 0.030111 0.109412
0 0.630609 0.777644 0.045499 0.058114
1 0.606993 0.364362 0.131081 0.137349
