1 0.072320 0.735515 0.144641 0.215294
2 0.347191 0.213284 0.640247 0.015705
2 0.371700 0.807460 0.533206 0.039263
2 0.508349 0.170506 0.296707 0.105890
1 0.062800 0.719705 0.096233 0.213644
1 0.510084 0.357015 0.237694 0.129801
1 0.315004 0.345232 0.137013 0.159990
1 0.746293 0.357191 0.215033 0.206196
2 0.497997 0.240889 0.289659 0.151375
2 0.210291 0.256797 0.067696 0.131411
2 0.045184 0.298017 0.035230 0.250535
0 0.093249 0.328318 0.092793 0.118266
2 0.134571 0.752444 0.085371 0.133891
2 0.308658 0.773679 0.064917 0.130833
1 0.455490 0.715628 0.225853 0.171243
2 0.595067 0.752063 0.066632 0.212032
2 0.312838 0.798033 0.071272 0.106883
2 0.592309 0.842419 0.111926 0.105399
