1 0.349924 0.662853 0.053070 0.093337
1 0.616559 0.727300 0.053926 0.055558
1 0.539094 0.327286 0.022255 0.057780
1 0.501003 0.293396 0.060774 0.143338
1 0.094417 0.263950 0.038519 0.153339
1 0.171882 0.268395 0.124972 0.120004
1 0.149627 0.555627 0.066766 0.114448
1 0.677784 0.212006 0.082173 0.090669
1 0.345669 0.655574 0.042456 0.053335
1 0.383332 0.792466 0.052043 0.056890
2 0.288434 0.190528 0.070032 0.101011
2 0.551703 0.243840 0.063980 0.131314
2 0.150098 0.709613 0.038907 0.108868
2 0.351117 0.759558 0.083001 0.136926
2 0.662804 0.782566 0.085595 0.115602
1 0.129348 0.393673 0.095970 0.044894
0 0.521442 0.278632 0.038042 0.054995
0 0.244771 0.246084 0.039771 0.077442
0 0.658913 0.712419 0.024209 0.069586
0 0.355440 0.696145 0.024209 0.079687
0 0.346794 0.640589 0.050147 0.078564
