0 0.677834 0.316934 0.105019 0.173844
0 0.868950 0.571621 0.237476 0.106981
1 0.541592 0.597759 0.477791 0.229765
1 0.446034 0.281071 0.449407 0.267452
1 0.270963 0.574084 0.134667 0.144197
1 0.915190 0.360492 0.096090 0.189258
1 0.948506 0.499732 0.067334 0.042358
0 0.470859 0.724139 0.015431 0.029741
0 0.412995 0.745318 0.018938 0.021630
2 0.431231 0.733151 0.065229 0.083814
2 0.667249 0.175740 0.071542 0.086518
2 0.828568 0.177542 0.108014 0.135185
1 0.413696 0.539387 0.118535 0.074802
2 0.706176 0.789478 0.046993 0.055876
1 0.283743 0.567015 0.125990 0.121941
2 0.304196 0.726799 0.377969 0.414178
1 0.931062 0.346362 0.109234 0.201817
1 0.294428 0.581793 0.111751 0.154404
1 0.726791 0.348158 0.140836 0.113313
