1 0.509862 0.245218 0.118371 0.134652
1 0.650969 0.362450 0.054133 0.158192
1 0.571935 0.340793 0.080839 0.143126
1 0.730364 0.409060 0.071455 0.208098
1 0.911529 0.424126 0.091665 0.196798
1 0.377056 0.697667 0.073621 0.094162
1 0.521785 0.247106 0.062226 0.079488
1 0.588548 0.350272 0.068708 0.109931
1 0.650126 0.387480 0.041484 0.103166
2 0.171557 0.075590 0.108640 0.117164
2 0.306270 0.129448 0.099949 0.122834
1 0.370730 0.726607 0.040559 0.119054
1 0.517032 0.247557 0.086912 0.105826
1 0.619877 0.343934 0.095603 0.181416
1 0.862507 0.306139 0.062287 0.094487
2 0.181393 0.060939 0.055029 0.098095
2 0.296823 0.141448 0.071246 0.187060
2 0.229247 0.779880 0.161232 0.186255
0 0.332812 0.595492 0.268840 0.135335
0 0.822516 0.531059 0.281092 0.299038
0 0.227752 0.272593 0.428114 0.326851
1 0.619342 0.391068 0.121307 0.176344
2 0.601083 0.363030 0.299014 0.545511
