2 0.429436 0.489800 0.078122 0.121769
2 0.252360 0.398473 0.057289 0.060885
1 0.421624 0.384943 0.023437 0.054120
1 0.515370 0.447519 0.046873 0.040590
1 0.520776 0.385319 0.103590 0.281725
1 0.419614 0.369025 0.029135 0.066226
1 0.558813 0.627624 0.121394 0.160836
2 0.475051 0.497799 0.254928 0.546631
2 0.783392 0.501478 0.237123 0.448868
2 0.445765 0.532982 0.070837 0.128618
2 0.448956 0.403248 0.059899 0.353766
1 0.348345 0.290797 0.126349 0.228550
1 0.595895 0.338209 0.183440 0.255295
1 0.201406 0.185640 0.163786 0.224903
