0 0.608399 0.638136 0.016967 0.045202
0 0.594664 0.700158 0.029894 0.059919
0 0.876641 0.640764 0.013735 0.039946
0 0.334097 0.692274 0.011311 0.031536
0 0.158770 0.719079 0.016159 0.024178
0 0.135744 0.693325 0.016967 0.037844
1 0.390250 0.821047 0.105842 0.156631
1 0.161194 0.717503 0.029086 0.050458
1 0.885528 0.172974 0.185022 0.294340
1 0.519120 0.170584 0.491238 0.341168
0 0.334726 0.691064 0.025805 0.033574
0 0.619194 0.634308 0.056525 0.051160
0 0.135046 0.699858 0.012288 0.038370
2 0.151635 0.681472 0.070042 0.199845
2 0.345171 0.675876 0.041779 0.236617
2 0.621037 0.619120 0.057754 0.231820
1 0.396781 0.823762 0.135168 0.155080
1 0.398596 0.809024 0.109698 0.147444
0 0.333321 0.689299 0.024478 0.042464
2 0.148829 0.678094 0.056209 0.251244
2 0.351906 0.705223 0.063462 0.248885
1 0.576742 0.737661 0.058022 0.089646
0 0.880905 0.637399 0.038984 0.056618
0 0.610473 0.655291 0.106019 0.157545
1 0.398077 0.824912 0.105744 0.159488
0 0.331759 0.690141 0.026446 0.047347
0 0.151666 0.702787 0.062162 0.078280
2 0.222736 0.909807 0.176441 0.094444
1 0.409028 0.816085 0.117559 0.123790
0 0.604950 0.672129 0.042138 0.115691
0 0.140283 0.696849 0.022290 0.029076
2 0.411867 0.820596 0.147961 0.139735
