0 0.142315 0.652751 0.020379 0.065361
0 0.489644 0.475015 0.050504 0.051601
0 0.530845 0.080555 0.028353 0.044721
0 0.792228 0.502535 0.021265 0.042427
1 0.241109 0.688872 0.053163 0.144482
1 0.427178 0.663071 0.021265 0.196083
1 0.261931 0.093742 0.022151 0.158243
1 0.438697 0.070808 0.021265 0.103202
1 0.081178 0.105782 0.036328 0.111229
1 0.628753 0.684858 0.048732 0.154803
1 0.712041 0.648164 0.041644 0.113522
1 0.949058 0.557576 0.063795 0.143336
1 0.857352 0.045581 0.025695 0.071095
2 0.350979 0.078835 0.062023 0.057334
2 0.523757 0.694605 0.077972 0.098615
2 0.337245 0.700912 0.085946 0.037841
2 0.527744 0.030101 0.041644 0.021787
2 0.195478 0.062208 0.061137 0.058481
1 0.539213 0.527675 0.078990 0.052224
1 0.711359 0.511563 0.122778 0.053335
1 0.734541 0.203774 0.043788 0.042224
1 0.843176 0.528507 0.054991 0.059736
1 0.670849 0.385648 0.114150 0.032316
1 0.081354 0.518071 0.073616 0.106835
2 0.346123 0.647028 0.133849 0.166863
2 0.182338 0.112159 0.067541 0.142256
2 0.355443 0.102091 0.104844 0.144881
2 0.521625 0.081562 0.086952 0.140683
2 0.525103 0.613955 0.114375 0.152366
2 0.763347 0.042918 0.104914 0.100201
2 0.833777 0.554518 0.156207 0.175521
1 0.244043 0.723945 0.096794 0.207501
1 0.439414 0.685376 0.116985 0.230642
1 0.672195 0.648350 0.181118 0.114935
1 0.270469 0.111856 0.062946 0.095651
1 0.434960 0.115327 0.043943 0.134991
1 0.650520 0.097199 0.108077 0.072510
0 0.515951 0.529432 0.614533 0.427350
