0 0.200161 0.605614 0.017722 0.025662
0 0.223298 0.619727 0.012799 0.025662
0 0.408884 0.655654 0.017722 0.038492
0 0.731321 0.667201 0.012799 0.035926
2 0.218375 0.565838 0.062026 0.118043
2 0.426113 0.590858 0.042335 0.070569
2 0.727383 0.593424 0.050212 0.068003
1 0.164225 0.789735 0.038397 0.044908
1 0.592009 0.868645 0.131929 0.056455
1 0.751504 0.856456 0.055134 0.044908
1 0.352765 0.846191 0.059072 0.044908
0 0.201681 0.605384 0.016939 0.024178
0 0.221444 0.608012 0.016132 0.023127
0 0.412614 0.646381 0.012906 0.028383
0 0.727197 0.665303 0.020972 0.036792
1 0.577972 0.249548 0.569477 0.437305
1 0.723500 0.781867 0.073856 0.310799
1 0.192936 0.727785 0.079689 0.162853
2 0.205055 0.570410 0.088821 0.219071
2 0.423574 0.632116 0.069251 0.165337
2 0.719211 0.611415 0.069492 0.145034
2 0.027282 0.553565 0.054565 0.158818
1 0.595802 0.699225 0.161365 0.215184
2 0.218328 0.568325 0.051487 0.140907
2 0.422730 0.592481 0.044278 0.114068
