1 0.812139 0.618689 0.054016 0.075687
1 0.880666 0.562974 0.063690 0.052561
2 0.567058 0.800128 0.090880 0.054274
2 0.271182 0.220696 0.065327 0.071724
2 0.501348 0.244562 0.042206 0.086089
2 0.672682 0.269209 0.068855 0.165193
2 0.851847 0.231417 0.064382 0.132514
2 0.771982 0.680755 0.070412 0.133238
2 0.573489 0.712177 0.087885 0.163846
2 0.280982 0.667774 0.039438 0.122780
1 0.172774 0.544954 0.162593 0.136848
1 0.782652 0.348524 0.099360 0.087409
1 0.835675 0.579234 0.062272 0.067796
1 0.655994 0.619851 0.122465 0.097556
