0 0.2128955761 0.2234289987 0.0375575005 0.0693409499
2 0.2499158928 0.3076004139 0.2195400337 0.2269672828
1 0.2924541289 0.3998718877 0.1843398463 0.2712131651
0 0.2139688216 0.2306264488 0.0177095317 0.0357412565
0 0.2071265184 0.2826615427 0.0185144752 0.0388949119
1 0.2320808156 0.6737130498 0.0668131448 0.0977628522
0 0.8168970964 0.1181465808 0.0321991005 0.0630728265
2 0.3814041930 0.1943595615 0.2431032725 0.3542590261
2 0.5657440487 0.1880522875 0.1561656900 0.3416444780
0 0.6450736443 0.3405898543 0.3752768461 0.1698600270
0 0.9079682264 0.2805583852 0.1412315039 0.1697558756
1 0.2665652686 0.3810882692 0.2268676852 0.1702285286
1 0.2813420903 0.7139381489 0.1505443634 0.1363623421
1 0.6045717067 0.1960054387 0.0735149973 0.1297813828
2 0.6760446291 0.8804689027 0.5622537469 0.1866718628
2 0.8251167741 0.0635573223 0.1388616951 0.0960026696
1 0.4323559397 0.8404677717 0.0503713940 0.1102253049
2 0.5608370749 0.0484180119 0.1402231035 0.0906691857
2 0.3756881450 0.0715297656 0.1402230846 0.1191144209
0 0.3824951021 0.2182004989 0.0748764057 0.0746687303
0 0.2041530916 0.2519792213 0.0667080685 0.1066696253
0 0.8453674316 0.1710880886 0.0503713563 0.1120031201
0 0.5342899884 0.1301980592 0.0517327647 0.0728909090
1 0.2980594989 0.3822092421 0.1950786765 0.2522197289
0 0.6954582978 0.6974451590 0.3360646251 0.0936080773
