0 0.344690 0.659686 0.036433 0.048356
0 0.381123 0.601344 0.018622 0.032588
1 0.180740 0.505683 0.097156 0.198679
1 0.414318 0.706991 0.067199 0.124043
1 0.859210 0.338540 0.072867 0.135607
1 0.357505 0.639168 0.046332 0.074312
0 0.341062 0.657637 0.042563 0.077369
2 0.845437 0.798954 0.076006 0.167370
2 0.683089 0.781191 0.102760 0.153949
2 0.365384 0.701058 0.104584 0.132633
2 0.767303 0.196186 0.195791 0.229739
1 0.211548 0.523425 0.113097 0.187896
1 0.858814 0.603952 0.041955 0.071053
1 0.856078 0.431056 0.051076 0.091580
1 0.834182 0.538213 0.039278 0.032785
0 0.336893 0.654780 0.058917 0.069212
2 0.349518 0.675726 0.085570 0.173030
2 0.972683 0.258182 0.054634 0.258353
0 0.770781 0.595577 0.112010 0.123556
0 0.530180 0.694090 0.285397 0.302114
0 0.519280 0.288896 0.245509 0.342262
0 0.341719 0.259989 0.150429 0.237676
2 0.745387 0.249350 0.168517 0.333630
2 0.355247 0.685910 0.088278 0.204454
2 0.688029 0.796768 0.088742 0.208770
2 0.833743 0.790696 0.027674 0.187391
1 0.923490 0.584737 0.142853 0.149050
0 0.468345 0.279210 0.416832 0.244864
0 0.525496 0.656721 0.237899 0.246920
0 0.783974 0.588995 0.117626 0.098527
1 0.285495 0.523893 0.152947 0.190955
1 0.892748 0.387075 0.186679 0.197406
1 0.690703 0.627743 0.072849 0.191548
0 0.458441 0.417699 0.433238 0.612705
1 0.917299 0.279723 0.110914 0.185144
1 0.193374 0.492529 0.090471 0.158939
