0 0.9140275905 0.5544331623 0.0557780652 0.0956604739
0 0.7960046741 0.2411714362 0.0735623299 0.1250944452
0 0.3643317785 0.6485168457 0.0541612179 0.0798922742
1 0.3724154872 0.6684897059 0.0848795070 0.1219408395
1 0.6791943178 0.7058079486 0.0598198818 0.0956604739
1 0.5716802492 0.1833546834 0.0953884490 0.1482211561
1 0.2915778723 0.2028021326 0.0573946863 0.0714825488
1 0.6230121916 0.6648106096 0.0703287861 0.1124799001
0 0.2759355777 0.2439115961 0.1801832269 0.2557898832
0 0.3263047179 0.5403105586 0.1135545133 0.1818083859
0 0.6543220770 0.5576942046 0.5234047393 0.1910327835
0 0.4520164428 0.3172023789 0.3682051736 0.1571485650
0 0.8618711833 0.2398350176 0.2256271805 0.1511299225
1 0.9261820312 0.3660795894 0.0484987086 0.0561876167
0 0.7998097392 0.2234605107 0.0308609433 0.0474283486
1 0.2906033644 0.1965540445 0.0154305093 0.0611096118
1 0.0843958157 0.2125155039 0.0490970341 0.1076258893
1 0.3726655466 0.6393706908 0.0336665247 0.0620216707
1 0.6953032260 0.6982000757 0.0561108745 0.0319229065
0 0.9253578492 0.5568270151 0.0196388438 0.0465162407
1 0.7636883496 0.3096524281 0.0722427792 0.1012412933
1 0.8913406457 0.2649603296 0.1017010072 0.1249554860
0 0.3176107990 0.5429029840 0.1332017452 0.1680833196
2 0.1604314973 0.1203140626 0.0653087387 0.0955435144
2 0.3078296607 0.1798813111 0.0698440486 0.1061594645
2 0.1772122021 0.6823694681 0.0789146871 0.1557006346
2 0.3613465223 0.6705739952 0.0771005594 0.1486232038
2 0.6584105654 0.7236536968 0.0961489945 0.1368277799
