1 0.3490053372 0.3000065467 0.6249640188 0.4814558860
1 0.1374929659 0.8744186432 0.1894565768 0.0910987270
2 0.3927607729 0.8872494675 0.2452964112 0.0885324891
2 0.6305786259 0.8603048217 0.1764937266 0.0834001756
2 0.8100638010 0.8269447027 0.1844709016 0.0705693918
2 0.7062683421 0.6295285406 0.0512513533 0.2193081285
0 0.1232935561 0.8260643833 0.0828033731 0.1523061462
0 0.4016615701 0.8037129273 0.1902924057 0.2784215911
0 0.5862321035 0.7692125109 0.1011949636 0.2399242043
0 0.3857336981 0.8120132619 0.2187183779 0.2208275506
0 0.1349762539 0.8361901685 0.1198927003 0.1405759445
0 0.6103492587 0.7711102656 0.1339729254 0.1991543037
1 0.8160020736 0.7417789340 0.1886456558 0.1086054616
1 0.3888787207 0.8132872033 0.2753630266 0.2304839377
1 0.6187934442 0.7863401209 0.1470384884 0.2408041177
1 0.1469335507 0.8310608601 0.1550587809 0.1720029992
