1 0.867609 0.627296 0.034303 0.082225
1 0.877042 0.735633 0.053169 0.081114
1 0.878757 0.305063 0.066890 0.091114
1 0.888572 0.120420 0.101535 0.053335
1 0.956491 0.187977 0.050768 0.053335
0 0.650416 0.209023 0.019639 0.016358
1 0.393706 0.565270 0.039278 0.027264
1 0.894150 0.313080 0.119938 0.177215
2 0.811035 0.191756 0.056111 0.098150
2 0.634990 0.244046 0.092094 0.139529
2 0.816416 0.227676 0.071817 0.115620
2 0.698280 0.681215 0.052834 0.127830
2 0.521464 0.697294 0.063343 0.164024
1 0.487019 0.358042 0.203299 0.175846
