1 0.7337040290 0.6917593660 0.2366881008 0.2133999205
1 0.3354150683 0.7895238553 0.4097152779 0.2680638631
1 0.2684894869 0.2628570690 0.4064505119 0.2974984242
1 0.7237654479 0.6649526183 0.1851775465 0.1502158628
1 0.3186897338 0.8931431910 0.1442247579 0.0860014798
0 0.1263900090 0.7125401190 0.0765637453 0.3669396116
0 0.9222969809 0.6936197560 0.0409527193 0.2098435073
0 0.5279046361 0.8581692880 0.1139553386 0.1376023320
1 0.7340431863 0.7772584212 0.2307861190 0.3080426936
1 0.3515710647 0.8869311684 0.2326472929 0.0695193107
2 0.5009184198 0.4401050701 0.7172572020 0.4850137052
0 0.5253014624 0.6799487733 0.0406591132 0.0375693695
1 0.3573616019 0.8888573005 0.0760148879 0.0455386513
