1 0.5561105421 0.6532344934 0.0769058457 0.1722283052
0 0.2241337449 0.6837911381 0.0111086355 0.0222230031
0 0.2057617835 0.1948852436 0.0102541117 0.0155560940
1 0.7137675273 0.2826660567 0.0162356044 0.0311121880
2 0.4390428208 0.7765720971 0.3400946547 0.3477897875
2 0.5004424970 0.8102031053 0.0768877659 0.0522352431
2 0.7979966435 0.8271208176 0.0587023553 0.0829435304
0 0.4362057291 0.3290571938 0.2606056091 0.2333509657
2 0.5100820374 0.6915005976 0.1371528866 0.3200641260
1 0.8208334956 0.6424903125 0.0696867237 0.1739217122
2 0.5804793735 0.2372675758 0.2453606644 0.3670939487
2 0.3133299327 0.2391153740 0.1752576309 0.3781806971
1 0.8357871089 0.2600569985 0.1345219901 0.3486161100
1 0.7625300182 0.5864997016 0.4749399637 0.1047081739
