0 0.325441 0.277549 0.027420 0.052429
0 0.568712 0.756759 0.017855 0.047305
0 0.543147 0.770950 0.017043 0.042049
0 0.275323 0.744670 0.010551 0.033639
0 0.847493 0.767797 0.025159 0.069380
0 0.606046 0.334171 0.011362 0.047305
0 0.326047 0.269521 0.008116 0.033639
0 0.151961 0.260586 0.013797 0.024178
1 0.530568 0.734683 0.030840 0.078841
1 0.308192 0.301058 0.016232 0.035741
2 0.701813 0.791449 0.423650 0.331132
0 0.539146 0.759492 0.025635 0.053363
0 0.565239 0.754155 0.024719 0.035575
0 0.844933 0.761863 0.034790 0.079451
0 0.152794 0.258474 0.023804 0.035575
0 0.322624 0.271518 0.035706 0.059292
2 0.715843 0.266182 0.300293 0.145858
2 0.179802 0.203925 0.050354 0.156531
2 0.334068 0.247801 0.056763 0.189735
2 0.559288 0.793288 0.130005 0.215823
2 0.845391 0.767793 0.077820 0.195664
2 0.279136 0.766014 0.054932 0.149416
2 0.110679 0.743483 0.062256 0.201593
2 0.607387 0.318181 0.041347 0.266201
2 0.052543 0.173661 0.048036 0.172479
2 0.162600 0.232729 0.090599 0.309517
0 0.322213 0.275652 0.037699 0.039379
2 0.336198 0.275258 0.091207 0.282740
2 0.100883 0.722601 0.082695 0.263838
0 0.535029 0.768674 0.024322 0.053555
0 0.565736 0.765524 0.020066 0.047255
2 0.564216 0.795452 0.136203 0.263050
0 0.847870 0.767887 0.033443 0.050405
2 0.842093 0.811991 0.097288 0.242573
