1 0.822751 0.358366 0.048359 0.089610
1 0.767174 0.353699 0.048359 0.093343
0 0.545951 0.305627 0.064960 0.077475
2 0.134603 0.376867 0.226779 0.141873
2 0.519943 0.331564 0.064531 0.206252
2 0.806643 0.385809 0.071906 0.262285
2 0.973844 0.342890 0.052312 0.207444
2 0.128111 0.313709 0.197725 0.331306
2 0.509164 0.349734 0.072333 0.239303
2 0.799505 0.358488 0.075002 0.227846
2 0.976439 0.321120 0.045016 0.181087
0 0.540240 0.310390 0.016346 0.035421
1 0.534499 0.165810 0.017027 0.031796
1 0.374911 0.154571 0.191700 0.154697
2 0.519637 0.328538 0.085276 0.152900
2 0.793627 0.357268 0.123411 0.244591
2 0.972808 0.357363 0.054384 0.173633
