2 0.9092409869 0.5938536613 0.1580006559 0.1745014806
2 0.5275405478 0.7541638036 0.4586854462 0.2848789830
0 0.3843297728 0.1109613665 0.0285325201 0.0710321857
0 0.4154561738 0.1126526094 0.0285325578 0.0473547966
2 0.5172231718 0.7796582376 0.4567297167 0.1885276056
0 0.4252709629 0.1382690614 0.1273183545 0.1054699682
2 0.5014767903 0.8059013121 0.3588299111 0.1448342600
2 0.3794293896 0.7143737793 0.0882223739 0.2585770146
2 0.1739972314 0.6771211440 0.1025060254 0.2629596833
2 0.2223094971 0.1172361832 0.0730985643 0.2125590609
2 0.3974939841 0.1725672810 0.0857017767 0.3297952475
2 0.6432563626 0.1533931409 0.0831811040 0.2892556375
0 0.4148914382 0.1107560096 0.0336251999 0.0352738104
0 0.6945188542 0.1755279110 0.0727273331 0.0896046177
0 0.4157112985 0.1287038096 0.1159494715 0.0950915490
0 0.1781339722 0.6471779116 0.0473651685 0.0753285070
