0 0.071430 0.742640 0.033645 0.052429
0 0.248066 0.721500 0.027175 0.037207
0 0.247573 0.723284 0.024934 0.028383
0 0.072632 0.742732 0.027347 0.044151
0 0.825885 0.630778 0.013674 0.032588
0 0.330017 0.217651 0.036999 0.036793
1 0.481230 0.283351 0.133518 0.224960
0 0.558848 0.273365 0.032977 0.108275
1 0.422372 0.373730 0.196447 0.173924
2 0.433462 0.609770 0.313681 0.190489
0 0.559249 0.264661 0.050541 0.129750
0 0.325496 0.216300 0.041516 0.058977
0 0.298420 0.173246 0.036101 0.038925
0 0.244269 0.714070 0.037906 0.042464
0 0.072338 0.738840 0.047834 0.058977
1 0.481632 0.681042 0.064982 0.082568
0 0.067133 0.744857 0.059874 0.058689
2 0.082850 0.840715 0.127231 0.109552
0 0.317666 0.221886 0.038918 0.054776
1 0.543689 0.280575 0.071848 0.125203
1 0.806384 0.185695 0.064364 0.099771
1 0.284923 0.559988 0.067358 0.044995
2 0.601419 0.099001 0.063210 0.119124
0 0.071013 0.742695 0.033014 0.044618
0 0.247316 0.718957 0.028267 0.033842
0 0.324346 0.212078 0.024276 0.028188
