1 0.4021541287 0.1929866290 0.0676706441 0.1369906469
0 0.0449312494 0.2496432491 0.0273285266 0.0575022557
0 0.0605475498 0.2293483438 0.0325339614 0.0372073299
2 0.2420636591 0.3092125593 0.1476676355 0.1928376512
2 0.0703912954 0.3101453500 0.0862138757 0.2275512736
2 0.4301088126 0.3311253259 0.0695002823 0.1681005769
0 0.0640761861 0.2389074331 0.0246366291 0.0415044381
0 0.0471955349 0.2525446076 0.0218992228 0.0379469107
1 0.4123696637 0.2064485371 0.0873586528 0.0904043878
1 0.1292629822 0.2548043811 0.1083894113 0.1282480971
1 0.4985149633 0.3189283990 0.1059627917 0.1513747351
0 0.6235550816 0.2430262630 0.3585051467 0.2273326802
1 0.2471731893 0.1789618587 0.1014362904 0.2416828759
1 0.1488727808 0.2790148840 0.1316342760 0.1807945804
1 0.4213262345 0.2009684279 0.1228166160 0.1237895444
0 0.5677901018 0.2469199388 0.2760335874 0.3715446309
