0 0.7624833106 0.7703691784 0.0490807646 0.0876467310
0 0.4687212609 0.7029849068 0.0620725336 0.0678555164
2 0.8054367939 0.7409492261 0.1372968055 0.2519951714
2 0.4536184751 0.8011585582 0.1412998807 0.1235912182
2 0.7698604747 0.7621305421 0.1573650012 0.1387206209
2 0.2961165619 0.1518020784 0.1110369882 0.1718912760
2 0.1137131587 0.2191983618 0.0732278258 0.1481920236
1 0.3997963428 0.3479846376 0.2368290917 0.2140199398
1 0.6670064784 0.3652714688 0.1199892623 0.1303121959
0 0.4755809404 0.6495231860 0.6222399613 0.2128519077
1 0.5045785260 0.4979162659 0.5610731026 0.4915102975
