2 0.345688 0.209635 0.443369 0.263855
1 0.780499 0.204905 0.088837 0.159785
1 0.963063 0.268503 0.092097 0.175553
2 0.750200 0.161699 0.133746 0.287511
1 0.781807 0.202145 0.033837 0.042464
1 0.813815 0.359025 0.074076 0.165137
1 0.908010 0.301227 0.077734 0.172214
1 0.962424 0.277636 0.069503 0.143905
2 0.526657 0.765380 0.094195 0.225294
2 0.694471 0.743559 0.067674 0.224114
2 0.206078 0.251354 0.201870 0.348994
2 0.519828 0.774061 0.086342 0.274490
2 0.262930 0.826214 0.069925 0.261157
2 0.693424 0.777198 0.063844 0.236845
2 0.857291 0.726221 0.041347 0.260373
2 0.592489 0.190574 0.135593 0.307428
2 0.735379 0.187045 0.114920 0.320761
2 0.903198 0.142735 0.121000 0.265079
2 0.430446 0.189006 0.083910 0.288606
0 0.606011 0.761059 0.312046 0.167699
