0 0.583774 0.245507 0.012064 0.023127
0 0.182050 0.724861 0.014477 0.023127
0 0.604685 0.670724 0.018498 0.072534
1 0.730952 0.223958 0.127876 0.158733
1 0.635649 0.343270 0.096510 0.174502
1 0.579351 0.307529 0.030562 0.079892
1 0.566483 0.671775 0.057906 0.135607
1 0.168378 0.301222 0.062732 0.100917
2 0.292020 0.262624 0.219555 0.288159
0 0.604568 0.661660 0.037197 0.087752
1 0.635919 0.332080 0.095789 0.144765
1 0.175684 0.286107 0.076332 0.099771
0 0.594011 0.681278 0.062861 0.091946
1 0.784092 0.209812 0.059868 0.095858
1 0.885680 0.285465 0.124226 0.076295
2 0.229378 0.180804 0.344240 0.093902
2 0.226002 0.800165 0.107897 0.163044
2 0.358544 0.765601 0.108470 0.133234
2 0.626489 0.709241 0.190210 0.113254
2 0.260128 0.218669 0.250207 0.158663
2 0.613002 0.201627 0.141656 0.117742
