0 0.643376 0.741155 0.014526 0.024178
0 0.667182 0.185063 0.018560 0.028383
0 0.423476 0.180858 0.023402 0.072534
1 0.701882 0.256545 0.052453 0.062022
1 0.697040 0.745885 0.036314 0.023127
1 0.853593 0.720656 0.020174 0.046253
1 0.920975 0.653379 0.050032 0.067278
1 0.433967 0.738001 0.041156 0.116685
1 0.485210 0.859942 0.079083 0.112480
1 0.914923 0.716977 0.065365 0.181860
1 0.798315 0.690171 0.053260 0.056766
1 0.631675 0.239200 0.042770 0.065175
1 0.118037 0.224483 0.077469 0.134555
1 0.898783 0.340643 0.091188 0.104070
0 0.787095 0.645053 0.214761 0.176760
0 0.796520 0.334331 0.220654 0.177760
0 0.287530 0.303513 0.167031 0.160378
1 0.504247 0.325880 0.157962 0.173913
1 0.628180 0.730017 0.148895 0.138143
2 0.846227 0.734252 0.153459 0.433332
1 0.913321 0.683848 0.074153 0.159783
2 0.816449 0.872048 0.101228 0.221535
1 0.715654 0.738326 0.068325 0.076295
