1 0.0855713032 0.6944400563 0.0455137061 0.0642672161
0 0.1135297253 0.7916864953 0.0234070486 0.0422810348
0 0.1733477379 0.2352676822 0.0260078402 0.0321336081
0 0.1731915858 0.2423540434 0.0193986290 0.0294339705
0 0.5223665107 0.1918958038 0.0420303061 0.0609703955
1 0.7494918653 0.1971518665 0.0695116310 0.0630728255
1 0.0842813187 0.7048881340 0.0533461778 0.0798922161
1 0.0935764738 0.1834860870 0.0541544398 0.1618869299
0 0.3131034879 0.4123731762 0.2844250761 0.2191384659
0 0.6388120309 0.7069989127 0.7223759383 0.3049215583
1 0.8924321549 0.3529547754 0.1531168620 0.2547162323
2 0.6400717318 0.3486678917 0.2529558940 0.2378048463
