1 0.085811 0.123555 0.034245 0.045867
1 0.532318 0.535216 0.047417 0.055041
0 0.896285 0.360346 0.201082 0.150216
2 0.475128 0.192921 0.105651 0.160142
2 0.087899 0.212630 0.074521 0.187243
2 0.280806 0.198464 0.107537 0.134273
2 0.755290 0.214478 0.099991 0.166301
2 0.203455 0.710917 0.103764 0.129345
2 0.412398 0.709686 0.129233 0.119490
0 0.887319 0.359647 0.155635 0.126598
1 0.398069 0.601432 0.100192 0.162167
1 0.459832 0.303573 0.074216 0.130557
0 0.748987 0.315111 0.053994 0.126432
0 0.063359 0.320581 0.038168 0.059569
2 0.087563 0.186855 0.056787 0.256511
2 0.284919 0.191110 0.097747 0.337962
2 0.468778 0.197797 0.115435 0.370785
2 0.750383 0.212385 0.090300 0.382942
2 0.712215 0.706563 0.097747 0.379295
2 0.412456 0.705955 0.103333 0.368354
2 0.205791 0.696837 0.118228 0.345256
2 0.022864 0.673739 0.044685 0.286903
1 0.533942 0.532111 0.065165 0.086314
1 0.868611 0.318150 0.118228 0.117922
1 0.937034 0.380150 0.122882 0.139804
2 0.202004 0.679375 0.061697 0.152722
