1 0.791268 0.642012 0.144138 0.145447
1 0.797961 0.641815 0.141247 0.119838
1 0.569142 0.211869 0.786139 0.414178
1 0.796738 0.650374 0.148528 0.139187
1 0.925795 0.705813 0.064302 0.084928
0 0.440068 0.709194 0.503350 0.253082
1 0.837353 0.700798 0.205820 0.200559
2 0.439220 0.614978 0.057107 0.164609
2 0.886462 0.678733 0.031772 0.247404
2 0.720594 0.676709 0.054706 0.180741
2 0.440233 0.660143 0.072304 0.138939
1 0.527812 0.681912 0.024337 0.070748
0 0.861792 0.737166 0.054578 0.108355
2 0.806588 0.764916 0.194149 0.289334
