0 0.405464 0.642370 0.076932 0.151665
0 0.693960 0.629295 0.070859 0.167354
0 0.903499 0.612298 0.072883 0.117671
1 0.892830 0.315249 0.032555 0.059919
1 0.258748 0.258243 0.179069 0.195522
1 0.507507 0.279703 0.279680 0.197906
1 0.200597 0.732741 0.191992 0.135912
1 0.558274 0.777449 0.229836 0.110875
1 0.782111 0.697571 0.145840 0.232480
1 0.402706 0.651702 0.131422 0.213740
1 0.366820 0.334847 0.131797 0.145260
1 0.687051 0.634307 0.124536 0.208721
2 0.364638 0.257784 0.061778 0.138608
2 0.658181 0.249112 0.054334 0.115369
2 0.818173 0.203765 0.079306 0.150359
2 0.381515 0.723989 0.099542 0.166453
2 0.691882 0.713220 0.063774 0.134745
2 0.897828 0.692170 0.071503 0.136179
