1 0.4293838106 0.5884950129 0.1609573601 0.1239090994
0 0.4034776124 0.7170103952 0.1300008981 0.2105841624
0 0.8652043318 0.7631960352 0.2529810456 0.2558641048
0 0.0376581893 0.7042003333 0.0740016879 0.2216713384
2 0.3087504174 0.6913445979 0.0619022982 0.3950041491
1 0.6102191194 0.7253261885 0.1871771778 0.1561751044
2 0.3318317394 0.5903599371 0.1359945979 0.1671987775
0 0.3915316093 0.5479190343 0.2629538106 0.6613051833
1 0.8686991163 0.7660554541 0.2536421860 0.3322466005
0 0.0690749885 0.6497166472 0.1381499770 0.4211653635
