2 0.071505 0.058533 0.058663 0.087945
0 0.403929 0.223429 0.029983 0.028751
0 0.701155 0.696977 0.027376 0.052429
0 0.407840 0.669071 0.029983 0.040590
0 0.159500 0.618334 0.018251 0.040590
0 0.179054 0.622562 0.015643 0.042281
2 0.736623 0.167810 0.191851 0.135115
2 0.291255 0.869163 0.224739 0.151115
2 0.432403 0.747382 0.101407 0.110225
2 0.167237 0.701158 0.056185 0.088891
2 0.170726 0.638523 0.082263 0.278667
2 0.443566 0.733982 0.097802 0.256137
2 0.236993 0.175461 0.066725 0.251393
2 0.423457 0.200364 0.095974 0.251393
2 0.732859 0.233567 0.199260 0.284596
2 0.723261 0.743468 0.094146 0.154156
0 0.700684 0.706301 0.009723 0.024178
0 0.405741 0.669508 0.009723 0.015768
0 0.430050 0.664778 0.006482 0.025229
0 0.156984 0.615896 0.006482 0.024178
0 0.400880 0.224845 0.017826 0.019973
2 0.299189 0.745721 0.431881 0.409973
0 0.701061 0.702868 0.030612 0.040090
1 0.297828 0.842112 0.198631 0.215533
2 0.443392 0.805409 0.091099 0.133434
2 0.240091 0.070541 0.060453 0.104270
2 0.429339 0.125541 0.092786 0.113477
2 0.729451 0.158964 0.187635 0.097503
