2 0.274066 0.724096 0.075057 0.274835
2 0.548521 0.747097 0.088622 0.242987
2 0.724408 0.760072 0.056971 0.247705
2 0.878591 0.761252 0.048832 0.254783
2 0.281300 0.180324 0.069631 0.182830
2 0.701348 0.238122 0.090430 0.180471
2 0.412294 0.784616 0.410209 0.302750
0 0.147649 0.653768 0.257168 0.165684
0 0.445049 0.572332 0.084298 0.103068
0 0.408868 0.266147 0.217250 0.201764
0 0.161667 0.276250 0.205056 0.288249
2 0.549754 0.705595 0.061378 0.336529
2 0.279059 0.695260 0.074282 0.309598
1 0.713986 0.616213 0.071771 0.198679
1 0.714417 0.357708 0.080753 0.128211
