0 0.071934 0.725728 0.063622 0.072723
0 0.064333 0.729953 0.026632 0.067278
1 0.088140 0.717864 0.025825 0.059919
1 0.223722 0.762015 0.032281 0.062022
1 0.298373 0.746772 0.042773 0.075687
1 0.862895 0.087661 0.046808 0.044151
2 0.348813 0.782514 0.182390 0.414178
2 0.621591 0.751503 0.655314 0.339542
1 0.869604 0.076523 0.038939 0.041284
0 0.069540 0.728224 0.043467 0.077850
2 0.366111 0.805485 0.133118 0.234730
2 0.367330 0.811193 0.139284 0.271721
2 0.881462 0.722570 0.130298 0.380410
2 0.625691 0.914155 0.215908 0.051160
1 0.905941 0.256348 0.084766 0.179505
2 0.834578 0.119542 0.081733 0.158251
1 0.573395 0.241521 0.285708 0.298703
1 0.781664 0.253826 0.130437 0.268753
2 0.278239 0.201790 0.307231 0.288711
2 0.367457 0.827320 0.112889 0.179945
1 0.181304 0.551253 0.179548 0.121882
2 0.621268 0.867574 0.166277 0.120473
2 0.868776 0.792452 0.119965 0.058213
1 0.460272 0.756918 0.134682 0.228752
1 0.617277 0.719085 0.113497 0.237023
1 0.761854 0.700388 0.187170 0.207871
