0 0.5801832551 0.7238099318 0.0138861581 0.0273315349
0 0.7643781479 0.7416806129 0.0130693178 0.0336388246
0 0.6161237220 0.2633783279 0.0236879893 0.0546631102
0 0.9493898810 0.2575966422 0.0138860323 0.0304852000
0 0.3367682476 0.2344699503 0.0106187657 0.0346900530
1 0.5462848887 0.7012088844 0.0375741473 0.0599192119
1 0.8227814381 0.7059393112 0.0955689859 0.0861994779
0 0.7684623490 0.2780953237 0.0179702334 0.0462534041
0 0.5895767919 0.2660063484 0.0228711491 0.0473046123
1 0.2411992852 0.6502249928 0.1037372467 0.1808087834
2 0.5994734759 0.1867726796 0.0668512849 0.1138295451
2 0.7678873237 0.2086120767 0.0725080056 0.0992699403
2 0.3297541075 0.1662568888 0.0663370119 0.1164767276
2 0.2793585309 0.7827232973 0.0725079585 0.1105205518
2 0.5647622294 0.7962902112 0.0601661439 0.1138295552
2 0.7244339696 0.8376525919 0.0565665154 0.0853721260
0 0.5826327700 0.7358915760 0.0412447426 0.0318478938
0 0.7714420715 0.7447381143 0.0430778716 0.0306683661
0 0.6160868243 0.2723285228 0.0384950805 0.0412842161
0 0.9510858852 0.2634819036 0.0302461571 0.0401046480
2 0.7822438799 0.2040056667 0.3439766032 0.0995583202
1 0.2966704599 0.6466846302 0.1574832747 0.1208922410
