0 0.190731 0.678969 0.014598 0.032588
1 0.688694 0.736786 0.038929 0.112480
1 0.473370 0.749926 0.031630 0.052561
1 0.837515 0.382001 0.068936 0.079892
1 0.754860 0.803133 0.043891 0.149337
1 0.878304 0.833356 0.043891 0.135115
1 0.955799 0.810245 0.069952 0.142226
1 0.845386 0.373788 0.063093 0.076447
1 0.447622 0.285786 0.027432 0.167116
1 0.899564 0.325787 0.028804 0.154671
1 0.406474 0.286675 0.021946 0.112003
1 0.223366 0.301786 0.017831 0.103114
0 0.193191 0.669796 0.031547 0.071113
2 0.699310 0.890247 0.069952 0.103114
0 0.534437 0.723223 0.182935 0.197079
1 0.872059 0.492848 0.207817 0.065850
1 0.815673 0.811610 0.161715 0.230606
