0 0.460359 0.694902 0.014463 0.019973
0 0.166283 0.698055 0.027319 0.045202
0 0.228553 0.308055 0.015266 0.022075
1 0.688952 0.647597 0.069903 0.083046
1 0.669266 0.202934 0.101239 0.120890
1 0.625476 0.287031 0.057048 0.043100
1 0.841212 0.557193 0.101240 0.087251
2 0.449016 0.759492 0.094265 0.171947
2 0.727730 0.704350 0.111486 0.187363
2 0.900851 0.620748 0.075230 0.212266
2 0.787552 0.135146 0.205750 0.144673
2 0.472582 0.165385 0.067073 0.179062
0 0.155261 0.689352 0.058431 0.081780
0 0.460327 0.700019 0.046202 0.064002
0 0.474595 0.779133 0.050278 0.051557
2 0.786307 0.099086 0.221496 0.106670
