0 0.287824 0.189662 0.124554 0.099865
1 0.136985 0.109244 0.091394 0.107224
1 0.362638 0.662708 0.125363 0.278572
0 0.685891 0.170131 0.025590 0.030796
1 0.380232 0.666570 0.028433 0.218039
0 0.282610 0.167052 0.020851 0.076375
2 0.355116 0.812546 0.099517 0.140432
2 0.300618 0.139951 0.060658 0.091158
2 0.451340 0.167844 0.047674 0.092497
2 0.606730 0.782889 0.117527 0.113151
1 0.387154 0.662170 0.078048 0.235910
0 0.442060 0.226916 0.033579 0.051900
0 0.280519 0.173246 0.028134 0.053080
1 0.468054 0.170472 0.047694 0.051051
1 0.307787 0.789459 0.030160 0.085692
1 0.393356 0.827292 0.030160 0.051962
0 0.366703 0.779887 0.011924 0.015497
1 0.113152 0.858287 0.026653 0.130361
1 0.144363 0.833673 0.018937 0.097543
1 0.851012 0.621266 0.040681 0.062902
1 0.134544 0.210583 0.086271 0.246136
0 0.443155 0.221978 0.027354 0.026437
1 0.506280 0.737497 0.138173 0.103924
1 0.334790 0.207848 0.035069 0.165914
