1 0.597687 0.331182 0.026826 0.087251
1 0.526152 0.748514 0.176398 0.198679
1 0.475679 0.315942 0.293946 0.252323
1 0.593131 0.354311 0.025018 0.056532
2 0.158627 0.369314 0.091388 0.167774
2 0.341403 0.368259 0.099548 0.163553
1 0.594760 0.343990 0.033455 0.070697
2 0.890139 0.328689 0.057933 0.116070
2 0.630255 0.378811 0.079965 0.142450
2 0.157043 0.403224 0.142903 0.203512
2 0.340647 0.403224 0.135668 0.198834
1 0.597059 0.354100 0.026229 0.046784
2 0.629619 0.400885 0.165515 0.261993
1 0.530039 0.303562 0.486023 0.297844
