0 0.6281620067 0.7906814493 0.0080981104 0.0551724178
0 0.8073325253 0.7486453313 0.0101226696 0.0604269376
0 0.5998186203 0.2560344819 0.0242943312 0.0472906379
0 0.2900661506 0.7368226820 0.0202452760 0.0367816392
0 0.6059600340 0.2428782884 0.0325811417 0.0439723025
0 0.6235538682 0.7950689664 0.0312779415 0.0422811201
0 0.8086148642 0.7510966639 0.0234584877 0.0422811201
0 0.3016520045 0.7502510727 0.0156389392 0.0304423507
0 0.5942308217 0.7781565266 0.0195486976 0.0558109899
0 0.6070594886 0.2453434544 0.0186311158 0.0210242528
0 0.6188052003 0.7909234160 0.0226814353 0.0483557588
0 0.5928836232 0.7867185531 0.0162010252 0.0315364715
0 0.3061259826 0.7551821227 0.0194412303 0.0336388209
0 0.8079517904 0.7520284755 0.0105306664 0.0399461151
0 0.1117140278 0.1843730404 0.0162009936 0.0441509678
1 0.4162927486 0.3394270866 0.0842451731 0.0998653289
2 0.3550648148 0.2491439030 0.0983038675 0.2889415064
2 0.6247702726 0.2415114910 0.1117471214 0.3172904958
2 0.8062543429 0.2693152889 0.0932626670 0.2943932318
2 0.6054456129 0.7975876101 0.1201491749 0.2845801077
2 0.7965919815 0.7801420766 0.0873812296 0.2082559319
2 0.1000629131 0.2158883772 0.0873812098 0.2398759678
0 0.6216346903 0.7948052191 0.0267235999 0.0445300687
0 0.5979328521 0.2421603254 0.0314562742 0.0435981750
0 0.8075314032 0.7514353106 0.0250320632 0.0419470674
0 0.3011125656 0.7495809576 0.0279044137 0.0414779827
1 0.5932261913 0.7749152645 0.0202113289 0.0321895640
1 0.6249212327 0.7939905966 0.0174552329 0.0369582638
1 0.8114165391 0.7468984460 0.0211299855 0.0262285458
1 0.7879897858 0.7498789962 0.0110243842 0.0202674456
1 0.3042962081 0.7463023688 0.0119430724 0.0298051732
1 0.3268042258 0.7516672688 0.0110243842 0.0357661914
1 0.6042505439 0.2545173707 0.0202113922 0.0381506028
1 0.4470629225 0.2085288571 0.2621968535 0.1808222084
