1 0.305756 0.604804 0.099920 0.158977
0 0.225613 0.252283 0.014494 0.030001
0 0.069167 0.267284 0.018756 0.062224
0 0.339431 0.589517 0.028987 0.044446
0 0.906388 0.559516 0.039218 0.051113
1 0.311723 0.619518 0.115097 0.175562
1 0.229023 0.573405 0.050301 0.070002
2 0.349235 0.227282 0.372572 0.400014
2 0.323672 0.173533 0.226027 0.136924
2 0.200012 0.726253 0.079175 0.088897
0 0.512478 0.593589 0.306995 0.174288
0 0.790265 0.527556 0.223249 0.145286
0 0.355923 0.348161 0.589559 0.154280
1 0.246818 0.588317 0.196906 0.150532
0 0.912075 0.557187 0.035252 0.097880
0 0.070480 0.271024 0.020776 0.059260
0 0.224623 0.257254 0.028269 0.039284
2 0.332107 0.172191 0.231290 0.112557
2 0.069175 0.171519 0.049818 0.117392
2 0.678848 0.177210 0.073554 0.123065
2 0.205110 0.730549 0.082421 0.084296
2 0.381183 0.728443 0.068400 0.084589
2 0.651456 0.729648 0.041661 0.075018
1 0.300975 0.632166 0.170095 0.202468
1 0.308343 0.605026 0.051227 0.143065
2 0.199944 0.699806 0.046653 0.056034
2 0.373291 0.708152 0.038420 0.060803
2 0.650921 0.710536 0.024699 0.051265
2 0.944102 0.624101 0.089646 0.064379
2 0.323437 0.228885 0.189355 0.113260
0 0.303064 0.610746 0.243168 0.541460
1 0.149730 0.571054 0.085809 0.109599
