0 0.634796 0.660078 0.021384 0.046045
0 0.657109 0.655231 0.019524 0.055739
1 0.348905 0.602522 0.022313 0.054527
1 0.399575 0.630391 0.039978 0.093302
2 0.770070 0.511644 0.037189 0.076338
2 0.964383 0.422583 0.044627 0.094513
1 0.837475 0.663107 0.038119 0.064221
1 0.605044 0.595252 0.038119 0.044833
0 0.632413 0.652741 0.053378 0.118280
2 0.946960 0.398691 0.084598 0.297368
2 0.805097 0.427324 0.113597 0.322189
1 0.402133 0.626408 0.046782 0.066226
1 0.546511 0.646382 0.038716 0.064124
1 0.264345 0.537113 0.102535 0.141471
1 0.831490 0.644033 0.065501 0.049843
2 0.776295 0.362630 0.381981 0.279711
