1 0.407554 0.931197 0.143387 0.083337
1 0.231579 0.896752 0.141939 0.123338
1 0.741400 0.771747 0.156423 0.331124
1 0.453902 0.502847 0.221599 0.248899
1 0.332964 0.230059 0.196977 0.258899
0 0.649419 0.846721 0.131593 0.169296
1 0.416600 0.930738 0.163986 0.138524
1 0.392271 0.929405 0.122111 0.090124
0 0.885642 0.780525 0.161447 0.114513
1 0.655719 0.838060 0.170179 0.184187
0 0.052318 0.670249 0.085077 0.157265
2 0.421009 0.632568 0.127623 0.128080
1 0.719555 0.684431 0.139680 0.129200
1 0.424743 0.925622 0.168318 0.093257
