0 0.219262 0.590429 0.018180 0.038899
0 0.462089 0.635247 0.023374 0.023677
0 0.490007 0.638629 0.022075 0.023677
0 0.938653 0.645394 0.023374 0.050737
0 0.219380 0.600833 0.037132 0.037746
0 0.489719 0.640348 0.021736 0.057798
0 0.759606 0.708762 0.043472 0.062516
0 0.455757 0.640938 0.028076 0.049541
0 0.223937 0.594758 0.034862 0.033411
0 0.497569 0.637593 0.034862 0.029984
0 0.456788 0.635451 0.026969 0.042835
2 0.141716 0.090595 0.178256 0.135357
2 0.196311 0.693706 0.096692 0.186759
2 0.457117 0.757958 0.144709 0.193612
2 0.938933 0.752818 0.076959 0.056542
2 0.747851 0.766096 0.051306 0.045405
2 0.405153 0.142853 0.061830 0.032554
2 0.644581 0.119294 0.051306 0.045405
2 0.813628 0.115439 0.043413 0.063395
0 0.220464 0.597500 0.019371 0.023127
0 0.487218 0.639023 0.012107 0.017871
0 0.458969 0.632716 0.016950 0.019973
1 0.840739 0.217486 0.031478 0.080943
1 0.662768 0.244818 0.043585 0.040997
