1 0.397873 0.207664 0.049120 0.052561
1 0.628172 0.263904 0.053951 0.064124
1 0.337882 0.610279 0.025768 0.044151
0 0.618911 0.648386 0.064167 0.097965
2 0.348113 0.745194 0.090070 0.134220
2 0.155611 0.772578 0.115972 0.124192
1 0.313969 0.198672 0.055926 0.148876
1 0.122938 0.210628 0.077707 0.182046
2 0.885826 0.075113 0.129375 0.058668
0 0.283989 0.590533 0.077379 0.078340
0 0.470221 0.598758 0.193733 0.125594
0 0.735450 0.553011 0.206024 0.177047
0 0.495120 0.288652 0.191433 0.149585
0 0.842350 0.261907 0.090915 0.201014
1 0.135126 0.666624 0.062245 0.258145
