0 0.919901 0.612415 0.036648 0.042281
0 0.858384 0.642857 0.023560 0.032134
0 0.689125 0.590858 0.242289 0.173216
0 0.905135 0.381075 0.189731 0.094948
0 0.879778 0.182197 0.156892 0.171933
1 0.649902 0.182839 0.072488 0.091099
0 0.432935 0.382358 0.242289 0.179631
0 0.064040 0.406736 0.112207 0.130874
1 0.068012 0.781395 0.086390 0.156536
0 0.266113 0.603689 0.184695 0.119326
1 0.275050 0.830794 0.099299 0.280994
2 0.531240 0.175782 0.073481 0.174499
2 0.126598 0.223256 0.082418 0.169366
2 0.307322 0.191179 0.082418 0.161668
2 0.741257 0.159102 0.060572 0.151403
0 0.859720 0.644805 0.017084 0.021024
0 0.921956 0.615371 0.022779 0.027332
1 0.325222 0.308942 0.017084 0.026280
1 0.644944 0.709980 0.020339 0.023127
2 0.485490 0.765694 0.446635 0.357413
