0 0.5150922297 0.2358825191 0.0113208099 0.0399461316
0 0.4904291612 0.2295752495 0.0153638589 0.0399461316
0 0.7390816360 0.2195886981 0.0420486034 0.0746361886
2 0.6545802228 0.8009099899 0.1964961352 0.3626687819
0 0.5190080212 0.2384265530 0.0213701802 0.0492019653
0 0.4827744363 0.2300834287 0.0207399506 0.0426975619
2 0.4945804795 0.1232144202 0.0695902254 0.1145523194
2 0.2542187144 0.1375334617 0.0350525054 0.0900045026
0 0.5162896850 0.2364957748 0.0310289558 0.0446183235
0 0.4813559558 0.2292110505 0.0251517095 0.0488239534
