1 0.667890 0.635247 0.041710 0.094710
0 0.409805 0.249713 0.009722 0.031536
0 0.671491 0.223958 0.008102 0.047305
1 0.593714 0.660212 0.037268 0.055714
1 0.216578 0.231316 0.051041 0.076739
1 0.136371 0.585050 0.055902 0.073585
1 0.666225 0.631829 0.054282 0.112480
1 0.869984 0.594511 0.051851 0.090404
1 0.794233 0.719080 0.094790 0.089353
2 0.506621 0.723810 0.454508 0.277520
2 0.368137 0.760570 0.075170 0.122933
2 0.651317 0.739599 0.101122 0.103045
2 0.173278 0.740716 0.086729 0.093369
0 0.243059 0.313453 0.315998 0.120193
0 0.558213 0.256377 0.209473 0.239697
0 0.813653 0.256532 0.225978 0.266032
0 0.483499 0.610419 0.242930 0.145857
0 0.780869 0.613729 0.167918 0.177333
2 0.342500 0.642537 0.118609 0.271432
1 0.665205 0.565652 0.063590 0.174793
2 0.664648 0.721552 0.099864 0.205257
