2 0.753878 0.719809 0.092293 0.280746
2 0.712281 0.183685 0.162488 0.361926
2 0.319709 0.096586 0.141690 0.153903
1 0.733643 0.632716 0.010504 0.038895
1 0.882715 0.378848 0.066254 0.084097
1 0.920689 0.291071 0.042015 0.070431
1 0.646786 0.280559 0.064638 0.053612
1 0.622547 0.785667 0.145435 0.098814
1 0.892814 0.551247 0.049286 0.155580
1 0.098576 0.282662 0.037975 0.068329
2 0.623355 0.767271 0.504176 0.379488
0 0.723948 0.172810 0.016967 0.025229
1 0.717080 0.279508 0.037167 0.062022
1 0.870486 0.409156 0.065276 0.086107
1 0.653352 0.268790 0.046237 0.071952
1 0.139755 0.459287 0.038078 0.058977
1 0.278467 0.131962 0.030825 0.036566
1 0.734494 0.188580 0.047144 0.057798
1 0.927150 0.289432 0.044424 0.068414
1 0.772119 0.786612 0.035358 0.083748
1 0.471576 0.760072 0.047144 0.082568
2 0.751720 0.735302 0.096101 0.273656
2 0.704576 0.188580 0.123300 0.293708
2 0.748151 0.745912 0.166622 0.236014
2 0.696808 0.199417 0.063248 0.293952
2 0.458233 0.204196 0.048080 0.145331
2 0.324090 0.115029 0.090394 0.116940
2 0.311093 0.719092 0.419952 0.470056
