0 0.727083 0.678969 0.031724 0.070431
0 0.451734 0.741516 0.013015 0.027332
0 0.433431 0.735209 0.012202 0.039946
0 0.735624 0.632716 0.016269 0.024178
2 0.763688 0.690532 0.222069 0.381591
2 0.149948 0.829293 0.144792 0.314313
0 0.730127 0.682826 0.040975 0.090161
0 0.729290 0.680713 0.063282 0.055113
2 0.150809 0.929609 0.097675 0.126226
0 0.441769 0.741159 0.066034 0.040890
2 0.626872 0.186217 0.077300 0.322486
0 0.729563 0.663487 0.090705 0.124171
0 0.445308 0.727938 0.085231 0.078254
0 0.422470 0.733153 0.032491 0.067806
0 0.454160 0.734689 0.032412 0.072519
0 0.160976 0.898208 0.023729 0.046562
0 0.712112 0.677121 0.034049 0.070820
