2 0.508820 0.166772 0.080360 0.182654
0 0.131560 0.715926 0.011279 0.034690
1 0.747861 0.699106 0.038670 0.087251
1 0.239513 0.314362 0.027391 0.030485
2 0.397012 0.146168 0.303720 0.236523
2 0.379676 0.118642 0.352883 0.152893
1 0.235200 0.294079 0.111797 0.208072
1 0.503357 0.311057 0.104740 0.218601
1 0.753461 0.274940 0.052714 0.204898
1 0.124537 0.633075 0.115801 0.205408
1 0.714227 0.608243 0.093701 0.173000
2 0.072327 0.150038 0.038829 0.097064
2 0.240555 0.176154 0.061699 0.129490
2 0.505046 0.165315 0.053454 0.119130
2 0.138916 0.766223 0.063096 0.094176
2 0.412908 0.714362 0.056042 0.136456
2 0.717452 0.707396 0.054589 0.100967
2 0.583578 0.756989 0.125807 0.080406
