0 0.409461 0.691903 0.027283 0.059194
0 0.439993 0.685984 0.033779 0.064267
0 0.213281 0.705433 0.011693 0.076106
0 0.239265 0.707124 0.027283 0.052429
0 0.692039 0.146477 0.018189 0.054120
0 0.433129 0.692573 0.113201 0.084801
0 0.219007 0.700219 0.092911 0.061168
0 0.232482 0.720017 0.067134 0.118352
0 0.433859 0.688374 0.099262 0.162901
0 0.700778 0.154153 0.122093 0.151594
0 0.441188 0.688956 0.021804 0.029434
0 0.412117 0.687904 0.012113 0.033639
0 0.242130 0.710506 0.017766 0.028383
0 0.211443 0.707877 0.016151 0.025229
0 0.693141 0.142324 0.013728 0.021024
1 0.683451 0.519185 0.025034 0.040997
1 0.450485 0.293514 0.144714 0.155743
1 0.419853 0.597700 0.125405 0.136202
1 0.699297 0.542078 0.100572 0.197856
0 0.410120 0.688549 0.023845 0.033654
0 0.239636 0.707872 0.021803 0.027781
