1 0.812103 0.676867 0.031439 0.040997
1 0.507790 0.625357 0.093511 0.099865
1 0.517990 0.615545 0.068167 0.080002
1 0.812469 0.667102 0.040900 0.069335
2 0.555481 0.509764 0.099523 0.110225
2 0.721807 0.480430 0.134970 0.133337
2 0.879954 0.455540 0.110430 0.101336
2 0.179202 0.507986 0.312203 0.167116
2 0.315828 0.643449 0.139243 0.362361
2 0.561783 0.611336 0.144715 0.293378
2 0.746326 0.607372 0.125866 0.374255
2 0.902898 0.577637 0.142283 0.368705
0 0.537717 0.702604 0.473099 0.253347
1 0.856311 0.728409 0.139995 0.184398
2 0.920986 0.622251 0.158028 0.361430
2 0.718281 0.470421 0.107859 0.118048
2 0.564716 0.510773 0.076339 0.097860
2 0.879884 0.476434 0.074392 0.083106
1 0.881690 0.765664 0.106530 0.110881
