1 0.362689 0.218537 0.022705 0.032588
1 0.149833 0.229050 0.068925 0.064124
1 0.055365 0.667406 0.022705 0.024178
1 0.029417 0.671611 0.019461 0.038895
1 0.425937 0.670559 0.014596 0.032588
1 0.742586 0.712082 0.039733 0.046253
1 0.634334 0.228524 0.053518 0.071483
0 0.690310 0.651751 0.038264 0.062833
2 0.425013 0.716237 0.077378 0.079368
2 0.240497 0.725607 0.085881 0.067242
2 0.385049 0.190427 0.053569 0.072754
1 0.056065 0.666560 0.033651 0.044908
1 0.033301 0.669126 0.037610 0.055172
1 0.426721 0.672334 0.034641 0.043625
2 0.212938 0.163593 0.042559 0.055172
2 0.384162 0.182197 0.040579 0.053889
