0 0.8618967256 0.1540880484 0.0260540397 0.0828708720
0 0.1754385850 0.1104267264 0.0267204635 0.0809434681
0 0.6750305207 0.1756019899 0.0202428122 0.0452022195
0 0.8365679235 0.6996320259 0.0178136318 0.0294339587
0 0.0462896183 0.6292007487 0.0226719098 0.0504582382
0 0.8576204520 0.1466935953 0.0161943254 0.0420485489
0 0.1710947063 0.1249427591 0.0318574999 0.0755821617
0 0.6709717301 0.1871003926 0.0352802739 0.0688955496
0 0.8519561248 0.1534948068 0.0489639968 0.0582271709
0 0.0459525040 0.6396261425 0.0447748112 0.0778055063
2 0.8255630674 0.1141571500 0.1171813870 0.2206503687
2 0.6458438052 0.1280067587 0.0858871468 0.2390368669
2 0.1438455025 0.0885087900 0.0877357684 0.1770175801
2 0.1517674924 0.1281622472 0.1406629382 0.2244412905
0 0.0389209919 0.6370763293 0.0454324024 0.0750941872
0 0.6766402481 0.1759010243 0.0375432697 0.0996122079
0 0.8559392910 0.1492949018 0.0339435505 0.0991573692
0 0.8356828035 0.7017956240 0.0237864434 0.0615800955
2 0.8335777996 0.1241364594 0.1048725150 0.2064986804
2 0.6513520311 0.1441373442 0.1202809772 0.2310631473
2 0.3247130339 0.7371743742 0.1543008138 0.2373077556
2 0.6271281009 0.7489722817 0.1242839004 0.1618631481
2 0.8129427806 0.7277952506 0.1291655155 0.1904334102
2 0.5269155586 0.5502915574 0.1995955483 0.5914842130
0 0.5701862546 0.4846994334 0.2163087513 0.4194130782
