2 0.454426 0.181909 0.524288 0.326927
2 0.629222 0.145266 0.108107 0.207344
2 0.494088 0.157389 0.090089 0.219885
2 0.185042 0.211420 0.202702 0.087484
2 0.495057 0.176791 0.045591 0.096597
2 0.633232 0.130315 0.082063 0.136694
1 0.921855 0.435142 0.032264 0.055589
1 0.392353 0.318758 0.188071 0.162902
1 0.593992 0.323620 0.119767 0.196942
1 0.178083 0.561288 0.227370 0.244354
1 0.485453 0.617817 0.243276 0.213961
1 0.681946 0.583778 0.108539 0.143451
1 0.801713 0.498680 0.102925 0.097255
1 0.723583 0.265267 0.105732 0.201805
1 0.862532 0.141875 0.162808 0.188432
