1 0.706007 0.663235 0.103144 0.050002
1 0.520777 0.642123 0.050713 0.047779
1 0.554299 0.626011 0.014612 0.035557
1 0.526364 0.544897 0.027505 0.035557
1 0.276668 0.309334 0.018050 0.035557
1 0.123671 0.312112 0.024927 0.023334
1 0.084562 0.309334 0.017191 0.037779
1 0.573208 0.275444 0.036960 0.114448
1 0.517768 0.238220 0.044696 0.046668
2 0.213063 0.761016 0.322326 0.241120
2 0.134555 0.793214 0.095052 0.076420
2 0.258251 0.827706 0.105042 0.062298
2 0.539778 0.173975 0.116192 0.148033
2 0.276379 0.210316 0.085425 0.151002
2 0.113247 0.206825 0.075459 0.187043
1 0.408680 0.316153 0.221327 0.132569
1 0.206224 0.694042 0.103593 0.130956
1 0.407400 0.662179 0.232918 0.111301
2 0.573794 0.698559 0.088769 0.124109
2 0.286222 0.759507 0.063521 0.115744
2 0.115119 0.733364 0.068704 0.151702
