2 0.851249 0.842424 0.093388 0.238465
0 0.495166 0.807844 0.036185 0.076671
0 0.188498 0.755354 0.041613 0.051900
0 0.657999 0.823178 0.032567 0.031848
0 0.688756 0.816101 0.027139 0.046002
0 0.850232 0.817870 0.018997 0.068414
0 0.877370 0.842051 0.028043 0.064875
0 0.225135 0.291201 0.024425 0.041284
0 0.492452 0.300048 0.037994 0.049541
0 0.685137 0.242250 0.027139 0.033027
1 0.541302 0.280585 0.054278 0.069593
1 0.617743 0.498212 0.060610 0.042464
0 0.687464 0.818391 0.020844 0.030377
0 0.491896 0.303590 0.034332 0.023981
0 0.227052 0.290000 0.046593 0.028778
2 0.851152 0.847168 0.058854 0.238215
2 0.667846 0.831980 0.069889 0.207839
2 0.488831 0.837576 0.089508 0.174265
2 0.198238 0.266019 0.089507 0.278184
2 0.487605 0.279608 0.116482 0.206240
2 0.691755 0.228448 0.088281 0.244610
2 0.903263 0.202868 0.060080 0.110315
0 0.116072 0.548976 0.165556 0.144261
0 0.313650 0.699076 0.251561 0.126249
1 0.681623 0.714659 0.143389 0.199095
1 0.518041 0.370936 0.119648 0.187325
1 0.881718 0.712004 0.126203 0.253204
1 0.923301 0.335476 0.077012 0.186774
1 0.724813 0.374194 0.092631 0.137865
2 0.222968 0.350460 0.134159 0.438447
2 0.671811 0.136820 0.054652 0.083475
2 0.850870 0.940482 0.048368 0.046963
2 0.204040 0.163338 0.067151 0.077921
