1 0.354564 0.671643 0.077421 0.222857
1 0.609813 0.707385 0.102422 0.130351
1 0.348112 0.204905 0.106454 0.176604
2 0.181022 0.199700 0.120931 0.164453
0 0.203270 0.733339 0.027247 0.047355
0 0.065336 0.731131 0.039554 0.104892
1 0.131805 0.599198 0.119107 0.069286
2 0.390690 0.821171 0.067921 0.120609
0 0.200710 0.737129 0.016734 0.047474
2 0.212522 0.807699 0.052171 0.085966
1 0.457627 0.396472 0.126982 0.056455
2 0.681568 0.755092 0.108279 0.080834
2 0.176593 0.193745 0.070874 0.118043
2 0.427527 0.078318 0.168976 0.078184
2 0.385409 0.844389 0.100017 0.061116
1 0.698994 0.604491 0.197856 0.219407
