1 0.5935832145 0.5050260984 0.4790908638 0.6086527875
2 0.1562088858 0.7260424388 0.1773008750 0.1186051946
2 0.4333688554 0.6370885271 0.2343632133 0.1342111329
2 0.7441548844 0.3889539180 0.1793388454 0.1872713864
1 0.6228973986 0.7752011762 0.1161626369 0.1108022885
1 0.6798019461 0.7395551932 0.1679469076 0.1196212690
2 0.7083797725 0.3663720937 0.1017906915 0.0995634566
2 0.4409737700 0.7580385889 0.2085893980 0.1759381615
2 0.1252135979 0.8059334819 0.2097194847 0.1431496590
2 0.9747480538 0.7815666633 0.0505038924 0.0698348226
2 0.8926547796 0.9373394908 0.1249024097 0.0551820931
1 0.8663764042 0.7904380948 0.2234583204 0.1140991337
1 0.9047803756 0.6229601508 0.1786740114 0.1953948059
1 0.7567203375 0.9632008502 0.1055812591 0.0735982995
2 0.5412683068 0.5922582837 0.7346300824 0.7384301770
2 0.9054592630 0.6542322106 0.0472136812 0.1410036452
