2 0.219069 0.217852 0.078674 0.177464
2 0.373098 0.250745 0.053122 0.177500
2 0.687157 0.731085 0.144931 0.179634
2 0.379779 0.777705 0.095126 0.172151
2 0.155060 0.756392 0.137250 0.186250
0 0.387745 0.743932 0.009118 0.030030
1 0.357586 0.232507 0.016132 0.075531
1 0.410540 0.206117 0.023847 0.057331
1 0.625866 0.224772 0.023847 0.101921
1 0.143663 0.311678 0.046993 0.155611
1 0.047924 0.156522 0.035069 0.114661
1 0.334089 0.720727 0.058916 0.072801
1 0.193812 0.756672 0.043486 0.110111
0 0.232792 0.362918 0.163523 0.122290
1 0.642746 0.319659 0.089507 0.160104
0 0.660639 0.611862 0.101044 0.175502
2 0.198847 0.211164 0.091826 0.255227
2 0.379733 0.240641 0.135338 0.213478
2 0.633423 0.221239 0.119395 0.180648
2 0.139502 0.682642 0.189318 0.258462
1 0.805905 0.743918 0.190040 0.193399
1 0.760799 0.177908 0.065787 0.102684
1 0.665607 0.623577 0.233387 0.438813
