2 0.242090 0.510940 0.071752 0.228318
0 0.900303 0.619214 0.011352 0.034690
1 0.502971 0.227111 0.752497 0.390000
1 0.595817 0.607651 0.073790 0.059919
1 0.838676 0.754295 0.047031 0.056766
2 0.259210 0.506305 0.082324 0.249022
2 0.460904 0.568560 0.066774 0.174315
2 0.888988 0.590498 0.112509 0.256137
2 0.726170 0.644452 0.064944 0.321357
2 0.242556 0.430365 0.096738 0.140459
2 0.467311 0.521496 0.054818 0.128754
2 0.859745 0.515644 0.045144 0.152164
1 0.830723 0.736783 0.077390 0.119557
2 0.702538 0.491767 0.443627 0.317253
