0 0.424399 0.342219 0.013844 0.067278
1 0.424399 0.288607 0.030131 0.086200
1 0.540444 0.808958 0.140068 0.092507
1 0.373502 0.690171 0.060262 0.115634
2 0.667483 0.816842 0.148212 0.286981
1 0.416749 0.306948 0.041695 0.092184
2 0.694921 0.787698 0.067649 0.176017
2 0.851320 0.279987 0.041442 0.171352
2 0.308086 0.167067 0.074841 0.163721
2 0.449507 0.207367 0.035004 0.144460
2 0.606949 0.269750 0.038308 0.176364
2 0.242884 0.669599 0.044421 0.137409
2 0.078427 0.617469 0.051742 0.176770
2 0.412903 0.690886 0.032423 0.191979
