1 0.153424 0.579794 0.062522 0.119838
2 0.710848 0.718028 0.417358 0.373181
1 0.151181 0.576652 0.062867 0.095544
2 0.669307 0.623660 0.115793 0.198045
0 0.890269 0.506758 0.115793 0.101773
2 0.586446 0.162931 0.066926 0.192543
2 0.182765 0.399484 0.024433 0.657398
2 0.595083 0.149094 0.124999 0.186644
2 0.170949 0.125480 0.098749 0.216203
2 0.206259 0.718418 0.091732 0.147313
2 0.695329 0.716869 0.421107 0.486023
0 0.369342 0.600663 0.025272 0.091611
2 0.518449 0.113161 0.786472 0.006544
2 0.497220 0.743315 0.667187 0.010470
2 0.695579 0.755832 0.288655 0.100599
2 0.171174 0.116330 0.103474 0.151581
2 0.597136 0.151214 0.090439 0.158059
2 0.216805 0.690668 0.120202 0.169762
2 0.393174 0.712571 0.050342 0.112113
1 0.473654 0.588398 0.132956 0.133300
1 0.835742 0.241242 0.267503 0.148694
1 0.848576 0.530301 0.198936 0.149792
