2 0.669015 0.817294 0.526710 0.211922
1 0.291478 0.627963 0.034399 0.061337
0 0.413684 0.203325 0.016294 0.037746
0 0.385169 0.196837 0.024441 0.036566
2 0.827830 0.116628 0.067893 0.093184
2 0.652667 0.135501 0.079661 0.086107
2 0.401464 0.168528 0.066082 0.126212
2 0.247574 0.729994 0.076945 0.147444
2 0.936911 0.705223 0.052504 0.083748
2 0.641804 0.840282 0.316833 0.153342
2 0.395709 0.177063 0.078525 0.143888
2 0.655823 0.173066 0.073617 0.161475
2 0.826984 0.161875 0.079752 0.164672
2 0.935569 0.687068 0.053986 0.185456
2 0.242953 0.746222 0.052759 0.140691
0 0.408976 0.196462 0.015328 0.019973
1 0.289578 0.626408 0.029850 0.051509
2 0.629218 0.767271 0.328345 0.421537
2 0.634545 0.746538 0.360758 0.458519
2 0.367434 0.751906 0.241661 0.343671
1 0.563436 0.363621 0.079219 0.131646
1 0.395238 0.661369 0.149341 0.246286
2 0.657514 0.836733 0.298112 0.141816
0 0.261689 0.710574 0.045354 0.093016
0 0.402093 0.206708 0.036474 0.090490
0 0.945613 0.695616 0.073085 0.099767
