1 0.765659 0.724522 0.037068 0.081114
1 0.441960 0.435067 0.253442 0.391125
1 0.604456 0.259506 0.747397 0.506684
1 0.211793 0.792302 0.049999 0.056669
1 0.240333 0.813816 0.158083 0.165408
2 0.369589 0.650206 0.072532 0.171401
2 0.181284 0.613648 0.084621 0.153422
0 0.551850 0.732311 0.042775 0.095889
1 0.471615 0.399076 0.223373 0.364008
1 0.259733 0.737984 0.140779 0.122926
1 0.542364 0.813996 0.119374 0.147423
0 0.770728 0.758760 0.033483 0.154691
1 0.200436 0.815692 0.103882 0.123329
2 0.369928 0.643032 0.051030 0.128027
2 0.551265 0.672983 0.067432 0.112758
