0 0.558193 0.823820 0.038964 0.052428
0 0.558166 0.832303 0.029866 0.054446
0 0.108041 0.221726 0.027306 0.028890
0 0.727122 0.330064 0.023040 0.027779
0 0.067082 0.635630 0.020480 0.034446
1 0.732669 0.761190 0.039253 0.034446
1 0.304304 0.710632 0.052906 0.040001
1 0.843987 0.419178 0.099092 0.080442
1 0.675453 0.731855 0.155945 0.103965
1 0.233632 0.624468 0.200992 0.180403
1 0.192566 0.321780 0.153780 0.235402
1 0.470011 0.689188 0.047198 0.065737
1 0.798933 0.696364 0.032458 0.029984
0 0.565311 0.823781 0.026301 0.057026
1 0.328822 0.326699 0.025754 0.063161
