0 0.728683 0.764807 0.025035 0.021024
0 0.213449 0.740629 0.016959 0.023127
0 0.662865 0.713823 0.019382 0.026280
1 0.215064 0.662314 0.031495 0.068329
1 0.663269 0.334335 0.058953 0.068329
0 0.658401 0.286958 0.042284 0.115815
0 0.144823 0.407934 0.059903 0.043574
0 0.208250 0.746779 0.040522 0.051601
0 0.650472 0.718686 0.036999 0.043574
0 0.721387 0.768566 0.020261 0.058481
0 0.210959 0.738167 0.033124 0.043742
0 0.488765 0.285251 0.215680 0.199642
1 0.683843 0.288381 0.083534 0.180556
0 0.347353 0.339545 0.059342 0.184598
