0 0.616764 0.686829 0.023665 0.049046
0 0.336727 0.663152 0.028924 0.049046
0 0.365544 0.681192 0.106911 0.140871
0 0.635215 0.715844 0.096760 0.158033
2 0.739731 0.161265 0.127587 0.171495
2 0.925284 0.167655 0.107254 0.167470
2 0.830401 0.700428 0.091366 0.202318
0 0.336449 0.666056 0.036099 0.027068
0 0.614536 0.691248 0.023988 0.026130
2 0.919798 0.109321 0.054745 0.057608
0 0.597682 0.575258 0.240422 0.219151
0 0.511739 0.287228 0.287491 0.223038
1 0.355229 0.576037 0.177766 0.278714
1 0.814511 0.608178 0.083271 0.195783
1 0.754300 0.279888 0.105381 0.196714
1 0.076535 0.211611 0.164817 0.212147
1 0.298059 0.272280 0.077404 0.184593
0 0.335221 0.669368 0.034108 0.036761
0 0.618226 0.694270 0.019359 0.027274
2 0.342595 0.644465 0.111543 0.221752
2 0.627445 0.680040 0.056232 0.207522
