0 0.282417 0.667380 0.027247 0.033825
0 0.484177 0.700359 0.018165 0.035516
0 0.520506 0.691058 0.023355 0.030442
0 0.804657 0.676682 0.020760 0.052429
0 0.772869 0.169309 0.029842 0.042281
0 0.475094 0.207362 0.023355 0.054120
0 0.499098 0.203134 0.014272 0.049046
0 0.301230 0.191295 0.023355 0.065958
0 0.330424 0.180302 0.011677 0.033825
0 0.488035 0.704888 0.016936 0.025229
0 0.521101 0.699632 0.013710 0.021024
0 0.315450 0.671775 0.018549 0.022075
0 0.280368 0.672826 0.020968 0.034690
0 0.777156 0.674929 0.009678 0.057817
0 0.804173 0.673877 0.026614 0.026280
0 0.739655 0.145642 0.025001 0.035741
0 0.767478 0.167718 0.017742 0.027332
0 0.304159 0.183486 0.013710 0.021024
0 0.301337 0.204510 0.009678 0.021024
0 0.473115 0.206613 0.014517 0.031536
0 0.122300 0.177704 0.011291 0.024178
0 0.110606 0.631303 0.025001 0.029434
0 0.489108 0.705564 0.026111 0.028106
0 0.522115 0.697127 0.032090 0.026205
0 0.804885 0.678833 0.024610 0.033373
0 0.282928 0.674274 0.019615 0.043667
0 0.739453 0.142162 0.039138 0.053980
0 0.297543 0.190366 0.017436 0.034060
2 0.146060 0.139474 0.059970 0.141162
2 0.314274 0.168357 0.049208 0.198382
2 0.477991 0.157752 0.067369 0.189595
2 0.749629 0.176028 0.064461 0.108757
0 0.725805 0.152241 0.055952 0.064244
1 0.887314 0.271970 0.075918 0.124138
1 0.605153 0.290647 0.076618 0.120462
1 0.684114 0.304509 0.109754 0.131089
2 0.114901 0.706098 0.029039 0.117230
2 0.295324 0.720964 0.069783 0.160778
2 0.512977 0.729091 0.103582 0.184979
2 0.813496 0.682396 0.102362 0.128509
0 0.286181 0.676038 0.040784 0.033370
0 0.512261 0.696836 0.073693 0.048566
0 0.392524 0.186041 0.244463 0.052149
