0 0.395072 0.156625 0.026171 0.054120
0 0.374135 0.679219 0.031405 0.050737
0 0.376913 0.685276 0.013013 0.034690
2 0.598141 0.739940 0.422936 0.400512
0 0.578917 0.337707 0.174888 0.150975
0 0.812571 0.319138 0.083646 0.103857
0 0.551531 0.566597 0.155654 0.094048
0 0.819820 0.555490 0.132701 0.103558
1 0.184106 0.597957 0.085633 0.195401
0 0.236457 0.270106 0.064663 0.158346
0 0.398547 0.297179 0.100774 0.178632
1 0.389582 0.600246 0.107270 0.207214
1 0.686078 0.598136 0.059696 0.175616
2 0.422504 0.071555 0.063478 0.069397
2 0.708221 0.832793 0.096247 0.066032
0 0.692110 0.436948 0.410881 0.351778
2 0.918487 0.885128 0.083746 0.071032
