1 0.5968089757 0.3588745322 0.0316835775 0.0609703934
1 0.3668995932 0.4140632578 0.0381828403 0.0388949196
1 0.2832223014 0.3835780611 0.0414324400 0.0557143653
1 0.3140935463 0.3583489335 0.0316836092 0.0851483441
1 0.3201865200 0.8077428216 0.0617424106 0.0546631679
1 0.9538590997 0.8214086341 0.0568679873 0.0609703525
2 0.5180060834 0.8282415198 0.3680175211 0.2869813650
0 0.3502823762 0.3161453554 0.0166112496 0.0315249859
1 0.3608028206 0.4078543849 0.0332225309 0.0429886171
1 0.3264728879 0.3777623529 0.0509412140 0.0773794699
1 0.2849447480 0.3870765635 0.0476189451 0.0501533662
0 0.6411322756 0.7895357887 0.0358744894 0.0495672648
0 0.6168105889 0.3776553877 0.0528996258 0.1101494706
2 0.3957872668 0.8516915750 0.1362014391 0.1896144381
2 0.6557252813 0.8788355475 0.1015430625 0.2077104197
2 0.8238489618 0.7789142378 0.0851258717 0.1605035359
2 0.6095141019 0.2553107754 0.0638444196 0.1471282345
2 0.3453197717 0.2627852062 0.1118797524 0.1479150145
2 0.7764216380 0.2317073131 0.0693168165 0.0999213097
2 0.3543390614 0.8317788758 0.1362291391 0.1604710931
2 0.6639080760 0.8700730701 0.1428058039 0.1276474511
0 0.7221577751 0.6883274770 0.1766281445 0.1896475773
0 0.8959673806 0.6147782294 0.1033462588 0.1884319536
0 0.6812890080 0.3929148220 0.1681725593 0.2212555956
0 0.1110055694 0.4178364491 0.0779794400 0.1543926265
2 0.6184188083 0.2446914007 0.1001292502 0.2027946216
2 0.7784079397 0.2777863470 0.0870689297 0.1957531206
2 0.3392541339 0.2883485628 0.0707434816 0.2225107283
2 0.3642864465 0.8333589899 0.0968641542 0.2056112200
2 0.6543347371 0.8213885211 0.1306033313 0.1704037660
2 0.8322818170 0.7566068918 0.1099245063 0.2267356514
1 0.1776324783 0.4348113194 0.0870689139 0.1126636480
0 0.7533919148 0.6902266739 0.2129049974 0.3579453846
