2 0.688380 0.763781 0.105012 0.213097
2 0.421960 0.136330 0.171131 0.253686
1 0.281296 0.154934 0.089455 0.152212
0 0.386115 0.675454 0.022563 0.029434
0 0.425600 0.144066 0.033845 0.038895
1 0.359925 0.536168 0.037874 0.026280
1 0.664929 0.727489 0.029010 0.043100
1 0.491274 0.683864 0.176475 0.151375
1 0.299892 0.170346 0.148271 0.253343
1 0.669764 0.199780 0.045126 0.085148
1 0.693939 0.580319 0.069301 0.038895
2 0.401648 0.164365 0.147241 0.228550
2 0.210608 0.182600 0.128603 0.257726
2 0.397920 0.729661 0.141649 0.282040
0 0.688208 0.790445 0.090395 0.055922
