2 0.7792157796 0.0754452730 0.0638393562 0.1319169183
2 0.6990445356 0.9325478555 0.2669834040 0.1136765409
2 0.1883212060 0.2190846819 0.0767349868 0.1921067270
2 0.1462996717 0.8920511115 0.0511566684 0.1387437535
2 0.3385939057 0.8695201027 0.0831295664 0.2004076623
2 0.6966905213 0.8351306325 0.3279507223 0.3213636930
1 0.3436182001 0.4177135606 0.0657728323 0.0604780359
0 0.8299624145 0.5884155848 0.2950658408 0.2246216149
0 0.3151404429 0.3402811720 0.1418971195 0.1462108463
2 0.1933815434 0.2385828562 0.1289144371 0.4012382091
0 0.7593157557 0.2451327851 0.4131798475 0.1393869433
2 0.3424923087 0.8171187923 0.1512372703 0.2973657457
2 0.1807547926 0.1079853900 0.0520142930 0.1286618475
2 0.3414975686 0.0768393687 0.0722929310 0.0965026429
2 0.5300662534 0.0702192710 0.0640543240 0.1038388372
1 0.5436215991 0.5836922606 0.9062992885 0.4913104996
