0 0.065108 0.187214 0.049970 0.074880
2 0.329299 0.185402 0.060149 0.165461
2 0.622640 0.192045 0.069402 0.183577
2 0.797533 0.219219 0.076805 0.165461
2 0.888682 0.731301 0.072178 0.223432
2 0.692050 0.785024 0.086366 0.193237
2 0.386066 0.776973 0.098705 0.222222
2 0.076997 0.685185 0.075262 0.180354
1 0.742019 0.603865 0.057989 0.062802
1 0.931408 0.585346 0.041949 0.041868
0 0.069545 0.193832 0.023325 0.047355
1 0.445765 0.686492 0.086987 0.091456
1 0.904862 0.613958 0.035439 0.053612
1 0.307231 0.625521 0.064435 0.091456
1 0.600409 0.214497 0.059602 0.118787
1 0.629404 0.302273 0.043493 0.103019
1 0.380123 0.668096 0.029801 0.046253
0 0.690274 0.632086 0.015041 0.083761
0 0.100149 0.565340 0.018050 0.060203
2 0.685762 0.155699 0.238657 0.023558
0 0.461099 0.629185 0.139064 0.145193
1 0.595159 0.323081 0.235338 0.197983
1 0.884789 0.641373 0.112379 0.202450
1 0.443259 0.679746 0.066196 0.061842
1 0.726609 0.796456 0.054048 0.094739
1 0.662272 0.183346 0.043477 0.113983
1 0.463966 0.643900 0.361178 0.209241
2 0.696508 0.817911 0.062638 0.095618
2 0.389499 0.807447 0.061774 0.100640
2 0.083335 0.704877 0.049833 0.073317
2 0.893523 0.777910 0.056835 0.060353
1 0.378387 0.430021 0.083756 0.071657
