0 0.449805 0.340970 0.016863 0.023677
0 0.425808 0.335897 0.020755 0.033825
0 0.267552 0.313910 0.025944 0.040590
0 0.232528 0.310528 0.023349 0.040590
0 0.447327 0.338015 0.011288 0.016819
0 0.263496 0.313837 0.016126 0.021024
0 0.230439 0.313311 0.017738 0.024178
1 0.413867 0.220804 0.036282 0.099865
0 0.704535 0.232261 0.027103 0.126950
0 0.428487 0.205431 0.007027 0.044498
2 0.266873 0.422031 0.422605 0.087687
0 0.233286 0.311244 0.016372 0.020159
0 0.262846 0.308872 0.015462 0.022531
0 0.447482 0.339111 0.019100 0.021345
0 0.426563 0.336146 0.017281 0.024903
0 0.453675 0.338353 0.018938 0.014631
0 0.268156 0.311377 0.023847 0.021033
0 0.234139 0.312748 0.009118 0.020118
1 0.221163 0.186552 0.036473 0.137170
1 0.734934 0.138542 0.045591 0.092361
1 0.500318 0.384991 0.065931 0.074986
2 0.456130 0.377218 0.108015 0.134427
2 0.737038 0.330580 0.115730 0.077730
2 0.257635 0.403738 0.109417 0.143572
1 0.549766 0.146772 0.164828 0.032006
1 0.098770 0.148144 0.052605 0.074986
2 0.064051 0.328294 0.068737 0.182894
2 0.256257 0.419946 0.086662 0.100005
2 0.065352 0.420909 0.048181 0.159695
2 0.270662 0.385344 0.136359 0.184894
2 0.431565 0.388011 0.098178 0.151115
0 0.556333 0.242229 0.222265 0.133337
0 0.800415 0.148004 0.203174 0.097780
