0 0.211932 0.667380 0.028652 0.043972
0 0.489988 0.694440 0.022140 0.057502
0 0.741997 0.694440 0.033862 0.043972
0 0.921073 0.707124 0.022140 0.062576
0 0.239026 0.677445 0.113130 0.083992
0 0.750634 0.691225 0.106059 0.108927
0 0.477911 0.705661 0.065656 0.066931
0 0.221258 0.663891 0.016190 0.035741
0 0.480705 0.698581 0.031571 0.033639
0 0.747032 0.692274 0.021857 0.025229
0 0.919457 0.718554 0.017000 0.025229
0 0.847818 0.310631 0.066808 0.207690
0 0.485433 0.637940 0.095151 0.173513
0 0.936896 0.628738 0.074906 0.228722
0 0.696993 0.334292 0.085029 0.212948
0 0.226734 0.659221 0.044508 0.060157
0 0.481067 0.706403 0.028158 0.055439
0 0.744938 0.697556 0.021800 0.037746
0 0.916158 0.719378 0.028158 0.055439
2 0.107951 0.177176 0.185883 0.332977
2 0.120799 0.641352 0.172960 0.316316
1 0.293306 0.176221 0.116953 0.103464
2 0.486272 0.744420 0.037596 0.163825
2 0.406404 0.175281 0.063521 0.165941
2 0.661373 0.173598 0.061477 0.166383
2 0.825607 0.151430 0.056156 0.196548
2 0.750544 0.738097 0.030799 0.191126
2 0.919122 0.759503 0.050095 0.210724
0 0.232453 0.664360 0.046343 0.057702
0 0.469729 0.700716 0.026930 0.042020
1 0.347041 0.784567 0.115324 0.067888
1 0.822563 0.798791 0.024547 0.151094
1 0.531032 0.146817 0.087220 0.049553
2 0.963556 0.169112 0.062925 0.163275
