0 0.363220 0.672300 0.014455 0.052561
0 0.613768 0.709619 0.011243 0.034690
0 0.641875 0.695953 0.011243 0.051509
0 0.901658 0.590831 0.021682 0.059919
0 0.394538 0.178756 0.011243 0.032588
0 0.062882 0.167718 0.014455 0.039946
1 0.326280 0.203459 0.115638 0.163989
1 0.641875 0.651802 0.043364 0.064124
0 0.268074 0.525194 0.151022 0.113723
0 0.478221 0.601538 0.261698 0.192765
0 0.766446 0.569972 0.262242 0.170924
0 0.172711 0.320680 0.136162 0.099608
0 0.510327 0.329233 0.232949 0.229916
1 0.319497 0.185520 0.134844 0.206736
2 0.147323 0.657757 0.095428 0.310543
1 0.336426 0.206591 0.127689 0.164619
0 0.061411 0.163965 0.024092 0.070596
0 0.367776 0.686997 0.065580 0.095038
0 0.606824 0.702701 0.034660 0.094825
0 0.655494 0.687815 0.040046 0.080471
2 0.473995 0.359773 0.822539 0.233924
