0 0.3496382854 0.0950198693 0.0290510327 0.0546631093
0 0.3222012242 0.1449525293 0.0338928147 0.0367924873
1 0.4795609182 0.7199664666 0.0177534025 0.0388949119
1 0.2370656237 0.6758154868 0.0605229563 0.1124798618
2 0.2931501868 0.7656943357 0.4406070544 0.3553101768
2 0.7902453492 0.7835649270 0.2178825747 0.3763345467
0 0.3318675631 0.1293369290 0.1255582032 0.1137809415
1 0.2131331679 0.6244617921 0.0436724127 0.0444456628
2 0.9269043120 0.8689130363 0.0982629712 0.1564488199
2 0.1319297497 0.7880218728 0.1651363444 0.1973387785
2 0.5850311431 0.8511347367 0.4162527696 0.2097835464
0 0.3318845709 0.1412734862 0.0342414601 0.0498273848
