0 0.670166 0.682601 0.019893 0.037207
0 0.671179 0.682123 0.013189 0.028383
0 0.848404 0.634293 0.013189 0.044151
1 0.636146 0.567015 0.043688 0.037844
0 0.671756 0.680087 0.021392 0.045962
2 0.644965 0.714974 0.081129 0.153751
2 0.434803 0.724811 0.086622 0.132623
2 0.835111 0.668772 0.065458 0.188475
2 0.143566 0.673021 0.089334 0.133085
2 0.339681 0.157236 0.065657 0.087814
2 0.598292 0.165456 0.063459 0.161600
2 0.772663 0.153365 0.076034 0.128025
2 0.096210 0.129089 0.072419 0.094955
1 0.698632 0.284150 0.141822 0.102740
1 0.582043 0.583502 0.129787 0.077452
