0 0.455637 0.781495 0.042884 0.049407
1 0.578220 0.436172 0.121369 0.060970
1 0.555564 0.638530 0.040456 0.055714
1 0.660628 0.330895 0.046259 0.075473
0 0.155547 0.671224 0.023667 0.076871
0 0.431486 0.652355 0.031198 0.095040
0 0.711190 0.653054 0.035501 0.057304
0 0.426493 0.747704 0.073573 0.097166
1 0.552054 0.634344 0.047427 0.053718
0 0.714098 0.656858 0.024930 0.063987
1 0.553878 0.429742 0.043779 0.052138
1 0.660286 0.394194 0.037699 0.061617
1 0.735035 0.752836 0.044558 0.125754
2 0.158620 0.239615 0.037624 0.077493
2 0.398126 0.223520 0.032118 0.050073
2 0.650939 0.237230 0.055059 0.079878
2 0.827587 0.223520 0.039459 0.078686
2 0.143937 0.759417 0.046800 0.082262
2 0.435291 0.765974 0.031200 0.076301
2 0.696822 0.775511 0.031200 0.090608
2 0.916140 0.776107 0.040377 0.091800
1 0.556421 0.632447 0.027530 0.045304
1 0.296267 0.623505 0.028447 0.041727
