1 0.576976 0.321521 0.083777 0.096401
1 0.925422 0.279333 0.053321 0.051113
1 0.960253 0.326556 0.036981 0.027779
1 0.804589 0.240442 0.033541 0.020001
1 0.829960 0.115994 0.029241 0.060002
1 0.798569 0.293778 0.042141 0.037779
1 0.640325 0.408782 0.030101 0.043335
1 0.636885 0.251554 0.055902 0.071114
1 0.740518 0.209330 0.056762 0.055557
1 0.575823 0.338224 0.085142 0.135560
1 0.416289 0.332668 0.113523 0.137783
1 0.331147 0.733237 0.094603 0.050002
1 0.507451 0.769350 0.146204 0.062224
1 0.820500 0.677124 0.073962 0.088892
1 0.956383 0.582676 0.084282 0.115560
2 0.417028 0.803134 0.175416 0.150181
2 0.700793 0.818871 0.125799 0.119765
1 0.047525 0.522469 0.095050 0.158736
0 0.284036 0.311297 0.389415 0.284309
0 0.708722 0.300788 0.238112 0.278712
0 0.285671 0.644663 0.261898 0.246183
0 0.569598 0.718486 0.249883 0.266249
0 0.893415 0.599989 0.182937 0.169508
1 0.555765 0.361069 0.106293 0.128186
1 0.633057 0.252636 0.033730 0.079572
