0 0.408630 0.686192 0.053850 0.086694
0 0.579014 0.316800 0.042911 0.076140
0 0.221559 0.164143 0.090310 0.087448
0 0.225906 0.659053 0.070397 0.070109
2 0.409892 0.738962 0.072641 0.157557
2 0.225205 0.727277 0.086384 0.128156
2 0.809277 0.330369 0.070958 0.119864
2 0.574105 0.233121 0.100968 0.122879
2 0.393064 0.186005 0.100688 0.090463
2 0.244838 0.119289 0.110504 0.107802
0 0.411406 0.675836 0.027895 0.047355
0 0.218798 0.662306 0.030552 0.054120
0 0.219462 0.147323 0.029223 0.052429
0 0.577448 0.293616 0.030552 0.050737
0 0.575275 0.290184 0.027246 0.024178
0 0.411385 0.679659 0.016513 0.037844
0 0.219423 0.662840 0.018990 0.039946
0 0.447714 0.683864 0.021467 0.014717
0 0.219423 0.150898 0.017339 0.021024
0 0.363085 0.240252 0.015687 0.016819
1 0.543075 0.605023 0.119718 0.168194
2 0.243479 0.139214 0.076589 0.211708
2 0.394642 0.212991 0.094729 0.177065
2 0.577550 0.257257 0.085659 0.216840
2 0.813364 0.332959 0.085659 0.193745
2 0.433441 0.722374 0.091706 0.243785
2 0.222316 0.706977 0.131008 0.264314
1 0.570496 0.742262 0.123954 0.132157
1 0.702511 0.321411 0.079613 0.103929
0 0.182006 0.504892 0.141086 0.070569
1 0.442702 0.565918 0.116459 0.215152
1 0.545860 0.368334 0.083254 0.156335
1 0.788275 0.463718 0.101739 0.213305
0 0.409493 0.674533 0.016348 0.036518
0 0.574970 0.293257 0.030947 0.034717
0 0.220794 0.149682 0.025028 0.035261
2 0.227371 0.767881 0.070898 0.063680
0 0.798346 0.643347 0.305544 0.262589
2 0.851408 0.785601 0.227783 0.246920
