0 0.621874 0.833144 0.088306 0.040591
1 0.819930 0.791707 0.161473 0.076108
0 0.946081 0.790862 0.070644 0.047356
0 0.928420 0.846674 0.050460 0.054121
0 0.935437 0.795818 0.056454 0.034690
0 0.933085 0.846276 0.029795 0.032588
0 0.633564 0.831559 0.054886 0.019973
0 0.297975 0.751667 0.152113 0.034690
1 0.167033 0.731168 0.103499 0.050458
1 0.809200 0.796344 0.145840 0.079892
1 0.695507 0.777948 0.094090 0.047305
1 0.550451 0.922489 0.111340 0.046253
1 0.718245 0.322772 0.484565 0.543478
0 0.944685 0.811761 0.048315 0.077231
0 0.673999 0.814668 0.017344 0.019931
0 0.630639 0.839581 0.059464 0.028235
0 0.284384 0.743249 0.137511 0.043183
2 0.657894 0.781450 0.136272 0.202629
1 0.746633 0.815003 0.255104 0.270137
2 0.272403 0.783680 0.248501 0.239315
2 0.588780 0.598986 0.643817 0.689309
2 0.676738 0.620868 0.504172 0.494795
