0 0.670681 0.215942 0.056712 0.059919
1 0.885782 0.548651 0.080207 0.147170
1 0.150549 0.594905 0.061573 0.119838
1 0.150549 0.209109 0.221988 0.159785
1 0.141949 0.586201 0.045621 0.077797
2 0.166674 0.686064 0.210377 0.217791
2 0.257358 0.160310 0.155371 0.228679
1 0.141956 0.594346 0.035454 0.102621
1 0.218774 0.251686 0.036363 0.066055
1 0.269682 0.265841 0.038182 0.051900
1 0.398318 0.254045 0.028182 0.084928
0 0.667861 0.223967 0.016364 0.048362
1 0.666952 0.573703 0.076363 0.186369
2 0.083986 0.179904 0.086097 0.226754
2 0.259243 0.187321 0.078514 0.235253
2 0.419611 0.138737 0.077613 0.251213
2 0.669839 0.138826 0.068534 0.207501
2 0.363880 0.786901 0.096471 0.323546
2 0.648211 0.777268 0.147325 0.260694
2 0.168355 0.757574 0.105113 0.217351
1 0.261653 0.506746 0.051729 0.062910
1 0.282326 0.754767 0.112536 0.303152
2 0.462977 0.763932 0.756956 0.168161
2 0.418850 0.201757 0.698318 0.150419
2 0.169291 0.718729 0.079654 0.171990
2 0.357784 0.708078 0.091815 0.188558
1 0.563172 0.257355 0.175476 0.296150
1 0.327920 0.312986 0.143162 0.117671
1 0.145247 0.297766 0.118435 0.142591
1 0.808003 0.238317 0.194818 0.326257
2 0.774616 0.750758 0.131005 0.504219
1 0.465497 0.582667 0.212947 0.135315
0 0.233712 0.539813 0.084743 0.060379
