1 0.215772 0.563231 0.019582 0.030001
1 0.176608 0.752682 0.092803 0.188895
1 0.508228 0.227664 0.083437 0.081114
1 0.281755 0.178774 0.064706 0.094448
1 0.376261 0.283222 0.068112 0.098892
1 0.792596 0.639345 0.063004 0.051113
2 0.530364 0.794906 0.713473 0.302233
1 0.057411 0.613233 0.022988 0.074447
1 0.152135 0.760760 0.172270 0.233514
1 0.282212 0.181138 0.079051 0.101983
2 0.517094 0.839874 0.616054 0.292903
0 0.945734 0.380597 0.087883 0.136201
2 0.271228 0.778447 0.052730 0.157706
2 0.526090 0.105329 0.041745 0.121864
2 0.252553 0.134719 0.043942 0.143369
0 0.247610 0.630060 0.036252 0.124731
0 0.076786 0.675938 0.050533 0.176344
2 0.547766 0.838733 0.553206 0.195928
