0 0.697957 0.395306 0.030871 0.043100
0 0.732077 0.385319 0.051993 0.060970
1 0.134158 0.310683 0.058492 0.098814
1 0.099225 0.308581 0.035745 0.048356
1 0.746294 0.370602 0.039807 0.063073
1 0.836469 0.907247 0.231531 0.154528
1 0.466019 0.740629 0.138919 0.170297
2 0.907923 0.298984 0.076459 0.330513
2 0.812526 0.302095 0.192752 0.431248
2 0.384181 0.518779 0.204068 0.443970
2 0.661146 0.454895 0.061102 0.153868
2 0.130914 0.346033 0.132101 0.183305
2 0.217550 0.135021 0.327673 0.104229
1 0.924340 0.352983 0.124197 0.397943
1 0.132391 0.304108 0.032944 0.094207
