0 0.829927 0.328948 0.055637 0.094609
0 0.658582 0.358907 0.064506 0.120890
2 0.372625 0.430606 0.101186 0.273981
0 0.823423 0.309682 0.029837 0.062576
1 0.430570 0.875093 0.073090 0.070744
0 0.823705 0.318527 0.022148 0.054862
0 0.098343 0.524984 0.059801 0.089512
2 0.095575 0.704009 0.058693 0.205013
1 0.669219 0.364006 0.058693 0.093844
0 0.650368 0.348342 0.028197 0.047434
0 0.820917 0.312173 0.020011 0.079452
2 0.367131 0.510627 0.089782 0.210689
2 0.652509 0.417824 0.071826 0.172230
2 0.813796 0.353447 0.044250 0.225738
