0 0.4817956768 0.6171117908 0.0300313053 0.0283827811
0 0.7138557740 0.4473407495 0.0163807387 0.0336388587
1 0.3760035654 0.6034460080 0.0395867117 0.0430997606
2 0.6421900913 0.5361683095 0.5528489506 0.2680595407
1 0.8408063028 0.7563976010 0.2948529043 0.1892184905
1 0.6346823752 0.8546860439 0.2402504910 0.2554449546
2 0.4559417774 0.6440794654 0.1384011846 0.1127062445
2 0.7359258612 0.4541939451 0.1638543143 0.1421078751
2 0.9045526250 0.3525133168 0.1320378532 0.1396577550
0 0.4774670302 0.6196995418 0.0455369781 0.0361618966
0 0.4827037830 0.6224194917 0.0463703578 0.0174394190
0 0.7107812872 0.4393060823 0.0258811596 0.0431832407
1 0.8725383630 0.2391685137 0.0690162622 0.0166089373
2 0.1252206891 0.7760520152 0.2415572361 0.0822142046
1 0.8892532275 0.3529396764 0.0291162188 0.0132871045
1 0.8170017836 0.2906561947 0.0744082725 0.0465049979
1 0.4314807384 0.6572982732 0.0366648862 0.0423527400
2 0.4526381393 0.6251533046 0.1589625865 0.1443868479
2 0.7332003427 0.4530399733 0.1711904853 0.1245074938
2 0.9084667616 0.3484117770 0.1521693638 0.0973041850
