0 0.689763 0.710670 0.050350 0.038895
1 0.166775 0.592408 0.032484 0.100917
1 0.218749 0.812638 0.029235 0.047305
1 0.325945 0.574012 0.043853 0.072534
1 0.088002 0.745885 0.038981 0.044151
1 0.440451 0.845751 0.123438 0.060970
1 0.716563 0.305953 0.548975 0.598141
0 0.688491 0.704929 0.040307 0.029645
2 0.640855 0.742875 0.269327 0.318985
0 0.432854 0.755778 0.195352 0.227033
2 0.668146 0.714249 0.302646 0.430993
1 0.804034 0.838404 0.172456 0.246396
1 0.141719 0.662711 0.151102 0.278447
0 0.039474 0.347709 0.078579 0.480832
