1 0.576649 0.366397 0.056674 0.054663
1 0.318782 0.319618 0.021860 0.062022
2 0.173401 0.216126 0.057725 0.155048
2 0.342646 0.240060 0.068245 0.141571
2 0.600002 0.242218 0.046034 0.095188
2 0.886219 0.264686 0.159621 0.181453
2 0.679029 0.767541 0.063004 0.158547
2 0.959956 0.672104 0.069757 0.249436
2 0.401660 0.754996 0.066746 0.139302
2 0.223645 0.724914 0.045245 0.157133
2 0.064155 0.718448 0.037346 0.133903
1 0.347777 0.585431 0.043747 0.058223
1 0.497544 0.367221 0.143612 0.097203
0 0.697336 0.767800 0.026479 0.044680
2 0.396652 0.823824 0.078429 0.083309
2 0.682793 0.839788 0.088582 0.101781
2 0.898144 0.168855 0.183584 0.319212
0 0.863147 0.608237 0.086307 0.048380
1 0.807427 0.781181 0.096434 0.101705
0 0.488579 0.373108 0.109703 0.098265
2 0.409267 0.771736 0.053138 0.152297
2 0.676649 0.785552 0.052477 0.129682
1 0.544271 0.803884 0.098320 0.103960
2 0.223677 0.742966 0.049469 0.137982
2 0.957125 0.747047 0.060565 0.172005
2 0.065547 0.726297 0.041545 0.137480
2 0.351808 0.144774 0.065626 0.252309
2 0.191593 0.143462 0.051211 0.237112
2 0.601246 0.167803 0.042364 0.190219
