1 0.572650 0.186640 0.038888 0.071483
0 0.370511 0.233419 0.026736 0.047305
1 0.735495 0.524605 0.027546 0.043100
1 0.759395 0.508837 0.036458 0.066226
1 0.416286 0.148796 0.103702 0.069380
2 0.758180 0.689120 0.215507 0.346901
0 0.610430 0.504109 0.052664 0.159345
1 0.492230 0.183648 0.240381 0.142033
2 0.788590 0.692711 0.141217 0.194574
2 0.789058 0.130854 0.120307 0.174125
2 0.332951 0.082817 0.115626 0.105791
1 0.881185 0.574810 0.104014 0.196651
2 0.752441 0.725612 0.124100 0.057945
1 0.569003 0.193618 0.032531 0.052836
