1 0.6232932049 0.5303895264 0.1320465597 0.1386818848
0 0.8363981512 0.5506844238 0.0405291556 0.0541197266
1 0.9154761603 0.7470972412 0.1057728311 0.2359100098
0 0.8288518355 0.5542408691 0.0273550738 0.0648751953
1 0.6013490468 0.5300601074 0.1832788735 0.1486232422
1 0.6385750378 0.5515213867 0.1009663787 0.1349447266
1 0.9280411739 0.7771414551 0.0805016342 0.2528622070
0 0.8281202063 0.5551092773 0.0442034191 0.0541312500
0 0.9653198771 0.4815185547 0.0275040947 0.0867861328
2 0.6778504248 0.5029347656 0.6442991503 0.7087472656
