1 0.253752 0.628511 0.101288 0.122992
1 0.658500 0.677918 0.061898 0.137709
1 0.217176 0.287918 0.129423 0.278572
1 0.674176 0.225896 0.548239 0.350054
1 0.810087 0.697182 0.073150 0.136310
2 0.152278 0.468486 0.108879 0.128648
2 0.348509 0.549165 0.116867 0.192687
0 0.072948 0.629496 0.039994 0.070276
0 0.516954 0.717011 0.232341 0.265235
0 0.766614 0.869509 0.199423 0.190223
1 0.211003 0.647624 0.158724 0.197096
2 0.318870 0.628478 0.143528 0.386610
1 0.261135 0.630855 0.077519 0.147712
2 0.351390 0.529484 0.127353 0.162194
2 0.696350 0.644612 0.046512 0.125990
2 0.131014 0.454903 0.076412 0.094130
1 0.675537 0.755721 0.597718 0.408854
2 0.318423 0.629529 0.175461 0.286520
