0 0.608940 0.197215 0.037924 0.067650
0 0.684134 0.708816 0.034001 0.035516
2 0.241049 0.840725 0.204772 0.188481
2 0.424183 0.798385 0.163607 0.136580
2 0.691231 0.788142 0.214272 0.165262
0 0.620510 0.209725 0.140385 0.098338
2 0.654815 0.159873 0.185773 0.200773
2 0.419433 0.163970 0.179440 0.157067
2 0.234716 0.126411 0.175217 0.169359
2 0.083248 0.133544 0.096053 0.267088
0 0.683146 0.705632 0.033508 0.036668
0 0.626440 0.728411 0.014606 0.020001
0 0.395321 0.161724 0.028353 0.040001
0 0.610545 0.198392 0.029212 0.060002
1 0.656512 0.208393 0.043818 0.062224
1 0.617419 0.681187 0.039522 0.094448
0 0.694417 0.187971 0.054567 0.103929
0 0.609584 0.192119 0.033747 0.055439
0 0.621440 0.725865 0.037395 0.049541
0 0.681637 0.709941 0.041043 0.043643
0 0.642874 0.219249 0.038307 0.046002
1 0.372902 0.291201 0.032834 0.050721
2 0.215570 0.770688 0.101240 0.252424
2 0.383391 0.754175 0.092119 0.235910
2 0.374270 0.210402 0.086646 0.252424
2 0.203713 0.192709 0.050164 0.276015
2 0.065991 0.156733 0.090295 0.230012
2 0.061362 0.183223 0.042563 0.262646
2 0.203340 0.183223 0.088167 0.286237
2 0.371769 0.207208 0.082086 0.324769
2 0.627148 0.220576 0.099111 0.313760
2 0.213373 0.783614 0.132554 0.258715
2 0.380282 0.767494 0.095463 0.305110
2 0.666063 0.731321 0.142891 0.231192
2 0.854253 0.225294 0.087559 0.277587
0 0.609859 0.199403 0.028542 0.058064
2 0.227739 0.878925 0.072888 0.048808
2 0.216247 0.053377 0.058124 0.084839
0 0.680111 0.706958 0.037489 0.037863
