1 0.923453 0.533772 0.115850 0.125152
1 0.965758 0.666535 0.088514 0.093018
1 0.686227 0.725387 0.080099 0.053612
1 0.968999 0.664942 0.074435 0.117736
1 0.917623 0.183486 0.072008 0.119838
1 0.575788 0.211869 0.042072 0.081995
1 0.363405 0.207664 0.068772 0.035741
1 0.841569 0.786883 0.047736 0.058868
1 0.776439 0.165090 0.016182 0.034690
2 0.813008 0.766026 0.056398 0.266459
1 0.967530 0.659173 0.057768 0.069928
1 0.774605 0.805581 0.042066 0.146849
1 0.683016 0.751607 0.045590 0.088460
1 0.912453 0.168382 0.047005 0.088210
1 0.795910 0.137512 0.066298 0.157619
