1 0.2159343311 0.2422827263 0.0564151454 0.0766693505
0 0.1872993702 0.2872842610 0.0196598248 0.0511128798
0 0.1723408233 0.5922948841 0.0256432436 0.0788916541
1 0.1616561187 0.6345185906 0.0196598406 0.0500017486
0 0.3006080829 0.6400129450 0.2371565517 0.2340763095
0 0.5487258524 0.6922987506 0.2187529681 0.1979548667
0 0.7716006039 0.6932002403 0.1298553419 0.2038643997
0 0.5022421342 0.4134119030 0.2041593454 0.1061329127
1 0.9269062167 0.3917537912 0.1461875667 0.1436124185
0 0.0907333569 0.2974176362 0.1775954375 0.1710900189
1 0.2665839356 0.3939591942 0.1480854506 0.2273599385
2 0.4045312115 0.2372297378 0.1099094128 0.2594474377
2 0.6488552419 0.2426126579 0.1312408053 0.2304897552
2 0.5200628645 0.2658752051 0.7799522293 0.2273340180
2 0.6556660770 0.7959160051 0.0299261718 0.1543925939
