0 0.887843 0.151424 0.029353 0.064124
0 0.756160 0.334861 0.026907 0.058868
0 0.526226 0.469942 0.018754 0.026280
1 0.198039 0.519875 0.034246 0.035741
1 0.330537 0.503055 0.064414 0.079892
1 0.434089 0.454699 0.067676 0.115634
1 0.536825 0.283877 0.039953 0.028383
1 0.782252 0.666519 0.326964 0.295391
1 0.723546 0.244456 0.057891 0.084097
1 0.680739 0.325926 0.061968 0.112480
1 0.622863 0.384282 0.177149 0.206576
2 0.081464 0.640898 0.067675 0.075702
0 0.251149 0.535686 0.038813 0.057739
0 0.523839 0.470890 0.026871 0.035926
2 0.248163 0.586367 0.066680 0.082117
0 0.468604 0.500401 0.033837 0.051323
2 0.510901 0.497835 0.102507 0.084683
0 0.884605 0.152045 0.049761 0.060305
0 0.760700 0.338733 0.058718 0.071852
2 0.754729 0.376584 0.076632 0.114194
