0 0.4489690492 0.7293953363 0.0426368476 0.0702160595
0 0.2959500741 0.2021596197 0.0606390912 0.0578973701
0 0.7720617132 0.6542518790 0.0464268402 0.0652885180
0 0.2755791484 0.7287793987 0.0483218049 0.0837665214
0 0.4366517156 0.2551295408 0.0407418830 0.0652885180
1 0.6294650755 0.3592216214 0.2103418702 0.2907186844
2 0.2594718775 0.1966162537 0.1733899008 0.1823151333
0 0.7474047422 0.7067218026 0.0155055834 0.0379469449
0 0.7670146871 0.6598810578 0.0273627682 0.0343894086
0 0.4477828127 0.7470404110 0.0164176356 0.0189734725
0 0.2972877929 0.7310315385 0.0255385689 0.0343893264
2 0.2883073400 0.7581026634 0.0540171084 0.1638689208
0 0.3894662008 0.6414234475 0.1252635063 0.1410738918
0 0.5976721090 0.6783165091 0.2288675565 0.1637484524
0 0.8092689593 0.5647418303 0.1484103943 0.1892755234
0 0.6072354840 0.3539165019 0.1720338430 0.0905456954
1 0.1060740963 0.7101095618 0.1129487119 0.1404644439
2 0.2489543781 0.1909518338 0.1506083550 0.1295808815
2 0.8292394603 0.1312006492 0.3122907998 0.0763087420
2 0.7954633251 0.7704663694 0.0919153439 0.0388743014
2 0.4826188018 0.8215788357 0.1085266050 0.0547118976
2 0.2915898278 0.8043013684 0.0609077943 0.0835076765
2 0.4632390498 0.1974308841 0.0697671010 0.0907066212
