0 0.5017020640 0.3003805260 0.0221779219 0.0372073254
0 0.1957773636 0.2986892884 0.0495741418 0.0744146508
0 0.4972949589 0.3043756692 0.0162176158 0.0252291147
0 0.1972691608 0.3012220268 0.0291917085 0.0630727990
1 0.7235306334 0.2276370680 0.0681140243 0.0925068315
0 0.2520035811 0.2964915816 0.0673030773 0.0704313347
1 0.8034023205 0.1966262511 0.0575724889 0.0283827694
1 0.2572455991 0.1993516363 0.1420279766 0.1632329979
1 0.6236403795 0.1419449036 0.2869157188 0.1353431303
1 0.8323180472 0.0951412967 0.1444778537 0.1398156070
0 0.1999662227 0.3030232747 0.0306877127 0.0502839483
0 0.4998166487 0.3022133823 0.0268330438 0.0325156828
