0 0.2749354532 0.7401035678 0.0273681830 0.0202949278
0 0.3146844644 0.7451773203 0.0182454343 0.0372073266
0 0.3146314893 0.7451956144 0.0153909107 0.0220755300
0 0.2802043897 0.7504516520 0.0113406860 0.0220754480
0 0.3164985297 0.7439709325 0.0167956676 0.0343981507
0 0.2811553813 0.7429483885 0.0212150428 0.0358804682
1 0.4484398169 0.6190331367 0.1976632227 0.1264317420
1 0.1613128559 0.6153860605 0.1611283479 0.1531769127
2 0.2798171436 0.7734257893 0.1320877905 0.4060404378
0 0.5941110904 0.6421312517 0.0355981306 0.1069807237
2 0.5898955240 0.7570139567 0.0833744660 0.4145502890
0 0.7697597130 0.6062684008 0.0346613943 0.0863139655
2 0.7772540463 0.7491119754 0.0833745924 0.4303542517
0 0.9430663683 0.5679741726 0.0290404704 0.1118434783
2 0.9411927692 0.6840725355 0.0627651284 0.3707854158
1 0.5299407785 0.3242283380 0.3194463444 0.2929813221
2 0.6774856196 0.2731693432 0.1217830585 0.3659227023
2 0.8325248730 0.2105613050 0.1339613264 0.3622755979
1 0.5510659280 0.3292702706 0.1898346658 0.2309543240
