0 0.146557 0.253871 0.030032 0.049046
0 0.326747 0.263173 0.032643 0.054120
0 0.537621 0.763781 0.028726 0.057502
0 0.566347 0.760398 0.023503 0.067650
0 0.848383 0.763781 0.041783 0.060885
0 0.567901 0.756398 0.021101 0.044151
0 0.538684 0.773743 0.019478 0.045202
0 0.842218 0.755872 0.019478 0.068329
0 0.605234 0.334861 0.017855 0.052561
0 0.324830 0.271262 0.013797 0.030485
0 0.154396 0.257071 0.013797 0.035741
0 0.268424 0.742206 0.032464 0.034690
1 0.561814 0.457327 0.059246 0.036793
1 0.130048 0.255494 0.051130 0.053612
1 0.300888 0.297543 0.030840 0.062022
1 0.585756 0.331707 0.034087 0.044151
1 0.132593 0.272348 0.074876 0.128754
1 0.297192 0.311225 0.074876 0.166377
1 0.684805 0.665717 0.293695 0.231590
2 0.575073 0.795308 0.061321 0.201492
