1 0.5655313939 0.1862216560 0.0221422614 0.0253686391
0 0.2027886827 0.6648433130 0.0260497593 0.0524285118
0 0.2708029481 0.1811694930 0.0179705047 0.0233341380
0 0.2010604026 0.6634084467 0.0188262259 0.0366679381
1 0.5656042276 0.1895031120 0.0273835703 0.0311121921
0 0.3852068158 0.5802382257 0.2016558641 0.2189645315
0 0.1044274357 0.5066222654 0.1883206681 0.1182380609
0 0.1255733674 0.3074254644 0.1497610629 0.0922049709
0 0.4023111431 0.3373307146 0.2033662099 0.1042483660
0 0.6410440022 0.3592059380 0.1427469360 0.0825670631
1 0.8703689292 0.6391216594 0.0783300388 0.2457113350
1 0.7035900622 0.6412970496 0.0794140746 0.1870755037
2 0.3973038654 0.4707228460 0.7689670022 0.5337440816
