0 0.039532 0.563369 0.044327 0.065958
0 0.248779 0.701205 0.037808 0.050737
0 0.509523 0.841578 0.035200 0.040590
0 0.253383 0.700683 0.025931 0.035741
0 0.037021 0.564551 0.040517 0.045202
0 0.512288 0.846802 0.026741 0.033639
0 0.476228 0.893055 0.019448 0.042049
1 0.522417 0.313311 0.043759 0.064124
1 0.467314 0.398459 0.144241 0.099865
2 0.384659 0.186640 0.495931 0.355310
1 0.134668 0.515144 0.123983 0.133504
1 0.316995 0.720131 0.036465 0.045202
1 0.933262 0.711721 0.097241 0.072534
1 0.954736 0.355885 0.086707 0.140863
1 0.940961 0.614484 0.098052 0.109326
2 0.586435 0.834713 0.306310 0.314313
2 0.214892 0.770063 0.206638 0.376335
0 0.208512 0.544299 0.215425 0.237757
0 0.453757 0.714352 0.204498 0.221649
0 0.573477 0.303208 0.134051 0.230972
1 0.427969 0.387935 0.142787 0.137159
0 0.849684 0.588587 0.283352 0.146288
0 0.921459 0.435315 0.136250 0.148388
1 0.941578 0.672179 0.088888 0.153116
