0 0.3224509272 0.6910575718 0.0376671624 0.0507372948
0 0.5861210164 0.6690714162 0.0168852764 0.0507372948
0 0.3217881063 0.6954581942 0.0264541413 0.0411125898
0 0.5850491556 0.6721240177 0.0204805664 0.0255564447
0 0.8982316683 0.6154553651 0.0102402516 0.0300010223
2 0.4395515920 0.7176811439 0.3643840393 0.3989027747
0 0.5842375871 0.6707865329 0.0407878573 0.0530439545
0 0.3253696309 0.7018625847 0.0394612672 0.0679688405
0 0.5891019721 0.6783596664 0.0288824302 0.0603999461
0 0.3256593820 0.7051407858 0.0481373625 0.0797735254
2 0.5842882074 0.7239444910 0.1785457854 0.2769279866
2 0.2932760751 0.7159671385 0.1356598169 0.2313431208
