1 0.384427 0.343632 0.027607 0.038895
1 0.439641 0.426678 0.068206 0.093558
1 0.464406 0.676867 0.153464 0.329030
2 0.487954 0.489751 0.432783 0.455176
2 0.648846 0.439753 0.055288 0.206308
2 0.828387 0.472524 0.022115 0.239079
1 0.500733 0.288187 0.233955 0.227907
1 0.281036 0.261002 0.172848 0.158641
2 0.449461 0.671185 0.299153 0.502299
0 0.497796 0.304186 0.278252 0.228318
0 0.282248 0.267824 0.176357 0.186037
2 0.640198 0.478589 0.057482 0.112911
2 0.820078 0.476022 0.030723 0.089816
2 0.371122 0.456776 0.050545 0.094948
