0 0.564886 0.139861 0.024435 0.036792
0 0.381625 0.809484 0.021177 0.028383
1 0.662218 0.696478 0.023620 0.023127
1 0.292437 0.300171 0.048055 0.016819
1 0.358004 0.729066 0.032580 0.042049
1 0.292223 0.278816 0.042041 0.077850
0 0.565946 0.144937 0.030160 0.046002
0 0.564968 0.137199 0.025673 0.050021
0 0.431894 0.300962 0.271543 0.245333
0 0.737491 0.344992 0.070857 0.071725
0 0.522627 0.672253 0.265186 0.200219
0 0.798784 0.519816 0.138443 0.132385
2 0.707824 0.731433 0.085168 0.181349
2 0.971213 0.629568 0.057573 0.100291
0 0.314260 0.655551 0.138603 0.117793
2 0.413118 0.833631 0.107541 0.095804
2 0.219770 0.826906 0.067004 0.160030
2 0.058139 0.823384 0.059910 0.166885
2 0.111184 0.225733 0.088916 0.221166
2 0.280630 0.206412 0.053732 0.123664
2 0.555416 0.139807 0.051351 0.097045
1 0.519456 0.540892 0.782119 0.596291
0 0.394614 0.766008 0.063300 0.093937
0 0.697676 0.679747 0.086440 0.112224
0 0.572247 0.138751 0.066509 0.053744
2 0.216764 0.860682 0.070234 0.100112
2 0.117936 0.188405 0.077810 0.065761
