2 0.397162 0.311374 0.111674 0.454944
2 0.688035 0.282622 0.062330 0.285820
1 0.444436 0.376129 0.063396 0.121494
1 0.712965 0.287073 0.048000 0.082568
1 0.359304 0.373770 0.063396 0.168676
2 0.387736 0.391521 0.168114 0.211717
2 0.683086 0.349396 0.100716 0.124093
2 0.888557 0.291757 0.116053 0.128010
1 0.338304 0.328915 0.092012 0.131402
1 0.523943 0.334171 0.150125 0.108275
2 0.250731 0.440869 0.415669 0.534017
0 0.216875 0.220784 0.262886 0.232986
0 0.543732 0.232192 0.220374 0.249657
0 0.737466 0.116037 0.121405 0.172470
2 0.383728 0.266613 0.127536 0.424807
1 0.341668 0.337303 0.059919 0.139719
1 0.507066 0.348198 0.146629 0.076902
2 0.396416 0.504819 0.056203 0.085702
2 0.541432 0.595496 0.068246 0.168639
