1 0.5756109771 0.2075326050 0.1826075963 0.1082750169
1 0.6023933742 0.6716435034 0.1079413941 0.1471699034
1 0.8564208226 0.7042310965 0.1355353503 0.1871160137
1 0.5921129499 0.6415275396 0.0336948561 0.0554388266
0 0.5422799436 0.2715706246 0.4837294300 0.2486069941
0 0.5058832015 0.5569129263 0.2687818065 0.2804409282
0 0.7804386873 0.5887973138 0.2591074310 0.2734677475
0 0.9761150099 0.5404401735 0.0230160921 0.2968126636
1 0.5943478792 0.6432342652 0.0301447708 0.0770019629
1 0.8587748083 0.6914479876 0.0688892056 0.1337277818
1 0.7866946771 0.5005816017 0.2334872228 0.0343735957
2 0.6108904916 0.6842690159 0.0553676060 0.1165450350
2 0.8903600089 0.7168476231 0.0245955757 0.0805502513
1 0.8896685298 0.3777511486 0.1056041646 0.0637575796
0 0.5943446758 0.6529032307 0.1081121030 0.0340092015
