2 0.8501904161 0.1016595310 0.0793190710 0.1674330089
0 0.3692063000 0.2386748016 0.0137398511 0.0346900719
0 0.3542541014 0.2418284524 0.0161645463 0.0283827705
0 0.8836422839 0.6013435781 0.0080822165 0.0157681677
1 0.8331281476 0.2102920311 0.1091104892 0.0557143282
0 0.3628278056 0.2334270723 0.0777450958 0.0724784508
0 0.8827195515 0.5992782200 0.0512278855 0.0632608297
0 0.7546647759 0.2841105630 0.2355403264 0.2662361243
1 0.4312642290 0.7588374883 0.1532880974 0.0972552039
0 0.3730780527 0.2407031044 0.0200228131 0.0353050600
0 0.3531922292 0.2424542835 0.0217395306 0.0394078589
2 0.8914457305 0.7002320366 0.0710416777 0.1018625241
1 0.8079651784 0.1995611037 0.1216525725 0.1262257321
0 0.3275057459 0.7400205557 0.0628766224 0.1191144250
0 0.3630447199 0.2324509023 0.1066168937 0.1564487936
0 0.6131843407 0.2093391418 0.0902142613 0.0960026830
1 0.5932093598 0.4875944818 0.4133315870 0.0690157973
2 0.6107235261 0.7217589498 0.1084232967 0.1714122809
