1 0.912264 0.869798 0.086635 0.087251
2 0.293672 0.819339 0.130358 0.114582
2 0.749519 0.191764 0.306867 0.129299
1 0.402978 0.312128 0.049390 0.065175
1 0.955987 0.833531 0.057487 0.117736
2 0.304348 0.765970 0.129010 0.129750
2 0.606886 0.838512 0.078133 0.102621
2 0.764515 0.849718 0.079041 0.103800
2 0.833563 0.239301 0.086310 0.104980
2 0.656401 0.223967 0.069956 0.097903
2 0.406557 0.206274 0.077224 0.097903
1 0.806761 0.701685 0.034524 0.046002
1 0.915893 0.873750 0.051202 0.059191
1 0.806125 0.699364 0.019639 0.050995
1 0.589395 0.799533 0.011222 0.032783
1 0.395109 0.345584 0.022445 0.113829
1 0.599565 0.383375 0.118535 0.167556
1 0.870303 0.391116 0.045591 0.148433
2 0.833129 0.232211 0.079257 0.132952
2 0.315150 0.782687 0.091181 0.157539
2 0.612541 0.833682 0.084167 0.112007
2 0.778070 0.850984 0.078556 0.135684
2 0.659534 0.254521 0.029459 0.148433
1 0.614683 0.390075 0.930496 0.413437
