0 0.802775 0.620025 0.020809 0.030442
1 0.489624 0.648648 0.020209 0.068329
1 0.378068 0.803177 0.041227 0.080943
1 0.499660 0.656100 0.081467 0.096085
2 0.493502 0.815625 0.124095 0.104708
2 0.809897 0.739250 0.148725 0.087462
1 0.973305 0.665955 0.035997 0.078839
2 0.959095 0.680121 0.075783 0.082535
2 0.546077 0.113466 0.070099 0.109635
2 0.534277 0.187295 0.588263 0.037076
0 0.503358 0.751889 0.146215 0.149029
0 0.341409 0.749642 0.048812 0.192334
1 0.528454 0.756021 0.054685 0.080002
1 0.452577 0.794244 0.034178 0.092447
1 0.741043 0.703575 0.042381 0.117337
1 0.848363 0.696464 0.057420 0.081780
1 0.950898 0.653796 0.095699 0.078224
1 0.974140 0.570238 0.041014 0.081780
0 0.797096 0.615573 0.036913 0.037334
1 0.524181 0.227979 0.097067 0.172449
1 0.703959 0.116864 0.057420 0.088891
1 0.292452 0.290203 0.101168 0.115559
