1 0.173185 0.729661 0.320711 0.430354
2 0.264352 0.861027 0.107651 0.204640
2 0.190968 0.777948 0.372448 0.402615
2 0.184165 0.916264 0.128916 0.048750
1 0.483251 0.701933 0.203688 0.094137
0 0.762355 0.135428 0.037386 0.117672
2 0.088166 0.854531 0.057071 0.148837
2 0.281026 0.857097 0.051167 0.151403
1 0.468474 0.535686 0.221396 0.050040
1 0.709550 0.568404 0.061991 0.074419
2 0.834023 0.148196 0.104302 0.052606
2 0.324813 0.161026 0.048215 0.060305
2 0.593440 0.155253 0.026567 0.043625
1 0.141300 0.395830 0.122014 0.083400
1 0.762193 0.372093 0.110206 0.061588
2 0.171780 0.894673 0.269658 0.066332
1 0.823931 0.257365 0.110012 0.280824
1 0.181243 0.761725 0.263497 0.471710
