2 0.4512401771 0.7975082336 0.1462647840 0.1226493829
0 0.4814917384 0.3369948023 0.0881112703 0.1504189504
2 0.7176299804 0.7519968447 0.1280551466 0.1056789494
2 0.8847477023 0.6586599281 0.0839994361 0.0840803367
0 0.4611857636 0.7020645203 0.0295952733 0.0442861537
0 0.1617601078 0.6965170207 0.0429086185 0.0764953761
2 0.7878810687 0.0754134060 0.1760084469 0.1009681585
0 0.1618864517 0.7007369934 0.0644891211 0.1200049695
0 0.4644371000 0.7011905698 0.0666123613 0.0660201866
0 0.7341919322 0.6351534864 0.0662548858 0.0579515262
