1 0.622245 0.627678 0.028176 0.032223
1 0.372499 0.646568 0.023907 0.030001
1 0.118057 0.613789 0.018784 0.060002
1 0.827164 0.525452 0.058914 0.047779
1 0.683720 0.228220 0.033299 0.091114
1 0.720008 0.235998 0.027323 0.051113
2 0.670498 0.706242 0.114754 0.097780
2 0.401373 0.668907 0.117486 0.140448
2 0.139078 0.621795 0.081967 0.181338
2 0.919132 0.652018 0.120219 0.088891
0 0.718663 0.140934 0.039712 0.143439
0 0.650180 0.670391 0.048627 0.094923
0 0.373817 0.669336 0.063215 0.080157
0 0.121767 0.634531 0.045385 0.071719
