0 0.653497 0.732745 0.017804 0.022075
1 0.352446 0.634982 0.032371 0.078841
1 0.404240 0.772691 0.025897 0.040997
1 0.234696 0.268109 0.029943 0.055714
1 0.513897 0.246559 0.031562 0.100917
1 0.792344 0.134082 0.105693 0.111628
2 0.078179 0.093665 0.076059 0.064154
2 0.261413 0.110345 0.079022 0.066720
2 0.363154 0.762791 0.080998 0.065437
2 0.068302 0.775622 0.052352 0.085966
2 0.232289 0.141749 0.079079 0.190886
2 0.073938 0.743676 0.056894 0.095794
2 0.365942 0.772646 0.079852 0.147306
1 0.529370 0.308329 0.131151 0.272114
1 0.337513 0.650365 0.106101 0.179639
1 0.653771 0.647305 0.062112 0.251047
1 0.783150 0.206047 0.096966 0.187395
2 0.382418 0.760540 0.061794 0.134162
1 0.459712 0.384405 0.732810 0.719688
2 0.385564 0.762951 0.328931 0.310505
