1 0.5114747514 0.2961524159 0.0963553554 0.1471380947
2 0.3877753225 0.8390412750 0.2942744574 0.2249352511
0 0.2190908059 0.7439127167 0.0317823061 0.0665077430
0 0.5523635249 0.7765932922 0.0361964986 0.1204019909
2 0.3846236252 0.9141956378 0.3910988588 0.0860014455
2 0.9002031644 0.7307258232 0.1686227793 0.1800297314
0 0.5483907642 0.2462508776 0.0476734749 0.0550409423
0 0.5592207016 0.7515028831 0.0105214006 0.0262804512
0 0.0950660745 0.2243191608 0.0129493784 0.0294339889
0 0.5567926764 0.2211655206 0.0105214006 0.0315364020
1 0.5640767521 0.3047370270 0.0299454761 0.0704313116
1 0.5159211815 0.2873919956 0.0566535642 0.0925068135
2 0.3839992851 0.7946026189 0.4726526365 0.3584638997
1 0.2739294973 0.2563811969 0.0194240913 0.0388949095
1 0.4265566395 0.3106440640 0.2430937805 0.1157218364
2 0.3969312981 0.8885339823 0.3233963533 0.1128198587
1 0.5004476174 0.5902165809 0.2094245919 0.7108260463
