1 0.582383 0.755872 0.031097 0.070431
1 0.604479 0.316990 0.016367 0.046253
1 0.848343 0.397934 0.036007 0.037844
1 0.801698 0.661263 0.011457 0.074636
2 0.442039 0.803702 0.405076 0.334286
2 0.792217 0.183813 0.078823 0.215832
2 0.607604 0.185145 0.080898 0.186522
0 0.789624 0.669435 0.023854 0.094593
2 0.785994 0.746042 0.039412 0.298435
0 0.610197 0.651449 0.021780 0.095925
2 0.609679 0.819984 0.062229 0.227823
2 0.324462 0.794671 0.064303 0.209171
2 0.322076 0.751769 0.067388 0.310684
2 0.599936 0.770149 0.072927 0.342701
2 0.786868 0.758884 0.035079 0.367604
2 0.797945 0.211036 0.066465 0.263252
2 0.606859 0.254911 0.073850 0.289340
2 0.363155 0.179612 0.068311 0.141112
2 0.318253 0.836637 0.052996 0.127380
2 0.603302 0.855946 0.054525 0.143322
1 0.245362 0.407698 0.201299 0.089198
1 0.771756 0.297777 0.068736 0.253178
1 0.633231 0.276153 0.031563 0.163079
1 0.658131 0.581589 0.049097 0.038743
1 0.969549 0.635648 0.011222 0.076584
2 0.326373 0.802331 0.079959 0.218940
2 0.611839 0.814044 0.071542 0.213534
2 0.786486 0.819000 0.023847 0.169386
1 0.903618 0.464460 0.056111 0.020723
2 0.603773 0.195064 0.041382 0.154069
2 0.794552 0.183802 0.066632 0.176594
1 0.401772 0.363099 0.066632 0.167584
1 0.179080 0.575732 0.008417 0.045050
