0 0.306747 0.762015 0.019379 0.022075
0 0.101250 0.219589 0.013727 0.022075
0 0.885692 0.712608 0.008075 0.019973
1 0.587741 0.706301 0.027453 0.040997
0 0.276064 0.304737 0.009689 0.026280
1 0.587565 0.711049 0.030701 0.041568
0 0.882293 0.710250 0.013508 0.033574
0 0.935098 0.308961 0.018421 0.043167
2 0.462305 0.213035 0.065086 0.075142
2 0.289152 0.191452 0.084734 0.076741
2 0.125210 0.145887 0.078594 0.071944
0 0.301433 0.759811 0.033157 0.046364
2 0.312485 0.794984 0.067542 0.059154
2 0.622564 0.830157 0.085962 0.068747
0 0.301582 0.765645 0.021061 0.038370
