1 0.4050707282 0.6738773482 0.0394773183 0.0767386829
0 0.1832238210 0.2706741210 0.1394985702 0.2679973559
0 0.0473440160 0.3456393221 0.0839521078 0.1818234630
0 0.5712924218 0.6577954694 0.2981091719 0.2332994149
1 0.5898822006 0.3416221963 0.1892707450 0.1621694018
1 0.8937574125 0.3154349350 0.1768858128 0.1805863178
0 0.7187775368 0.7343079148 0.0429467332 0.0621108237
1 0.1855098517 0.2622281291 0.1248497778 0.2856871180
1 0.5810228294 0.3096400420 0.2059089602 0.2224712719
1 0.5526054915 0.6792097754 0.2347921209 0.2905498564
