2 0.497153 0.757016 0.127565 0.084562
1 0.365064 0.598414 0.083010 0.125410
2 0.488613 0.777332 0.083010 0.055180
2 0.885966 0.708357 0.045044 0.158016
2 0.583523 0.733793 0.359187 0.348901
1 0.724811 0.620529 0.314036 0.202727
2 0.142194 0.147793 0.198570 0.197800
2 0.028354 0.428839 0.036720 0.205495
2 0.275253 0.624048 0.034514 0.235147
2 0.489429 0.755359 0.049915 0.235250
1 0.405763 0.541491 0.142086 0.121999
2 0.608686 0.913892 0.054126 0.158481
2 0.142103 0.922881 0.048542 0.146403
2 0.890676 0.786335 0.036547 0.315905
2 0.696488 0.147458 0.093358 0.257170
2 0.889143 0.113245 0.083443 0.167259
1 0.963543 0.286277 0.061812 0.135510
2 0.409967 0.113937 0.079027 0.200127
2 0.749307 0.686114 0.046672 0.111679
2 0.296204 0.896137 0.056391 0.161915
