0 0.1862258157 0.6809100951 0.0272626653 0.0439722918
0 0.2082955982 0.6792188512 0.0142804536 0.0541197551
0 0.6866903977 0.6775276074 0.0311573533 0.0372073163
0 0.4023797939 0.6809100951 0.0129821928 0.0439722918
0 0.3829064670 0.6817557171 0.0155786767 0.0388985602
0 0.1859470363 0.6922481862 0.0280685896 0.0483615157
0 0.2085830066 0.6863504308 0.0316903736 0.0342069617
0 0.3806164415 0.6839913385 0.0208250595 0.0342069617
0 0.4073268857 0.6922481617 0.0253523366 0.0507206080
0 0.6889185204 0.6828117432 0.0271631342 0.0530797495
1 0.5078306634 0.5389067424 0.0380284860 0.0625160696
0 0.1827711617 0.6817850552 0.0279987085 0.0373232438
0 0.2039329708 0.6830574318 0.0143249097 0.0483505077
0 0.3758320284 0.6788161519 0.0221385225 0.0262959307
0 0.4031796072 0.6788161519 0.0234407441 0.0398679478
0 0.6851201193 0.6758472731 0.0299521164 0.0322336882
2 0.4028540424 0.7814550231 0.0918097384 0.0466540547
2 0.2029562668 0.7708518355 0.0866006632 0.0441093015
2 0.6909803242 0.7471007072 0.0833449770 0.0491988079
0 0.1790206117 0.6903312548 0.0346583683 0.0435665210
0 0.2118548569 0.6843903030 0.0310101220 0.0459428624
0 0.4070361577 0.6875587746 0.0261457936 0.0459428624
0 0.3805863577 0.6879547905 0.0218894779 0.0340611063
0 0.6633256269 0.6717164413 0.0194573137 0.0506955944
0 0.6867352121 0.6835981974 0.0212814274 0.0348531874
2 0.1911814469 0.7089459946 0.1076233419 0.2930838421
2 0.3881868756 0.7077578239 0.1076233136 0.2099114017
2 0.6833909911 0.6990444902 0.0985026696 0.2732808333
2 0.1872291754 0.2229813408 0.0766132199 0.1940690193
2 0.3571767536 0.2419921764 0.0322261853 0.2669439024
0 0.6846063376 0.6819822400 0.0166396623 0.0347922505
0 0.4028743937 0.6830329342 0.0191553066 0.0331911342
0 0.1861625266 0.6845683468 0.0163084202 0.0258048974
0 0.2062131978 0.6793366707 0.0147097367 0.0219210565
0 0.6821006898 0.6815971583 0.0112970114 0.0231266728
0 0.4041143920 0.6831739736 0.0217870234 0.0241778830
0 0.3815204635 0.6794947626 0.0137177457 0.0231267220
0 0.2052069571 0.6800203185 0.0161385365 0.0262803525
0 0.1866476297 0.6868532583 0.0129108405 0.0294339338
0 0.1981485977 0.6795744474 0.0573168025 0.0622239658
0 0.3898869386 0.6849079224 0.0695989771 0.0657795831
0 0.6785179487 0.6777966142 0.0354818714 0.0586682994
2 0.4001131753 0.7345236811 0.1203803403 0.1823534390
