0 0.847659 0.636938 0.054728 0.094710
1 0.091241 0.770546 0.022152 0.043972
0 0.844756 0.635508 0.046976 0.090404
0 0.546299 0.795818 0.010529 0.045202
0 0.553183 0.735373 0.011339 0.046253
1 0.170089 0.305427 0.038876 0.046253
0 0.849421 0.635124 0.039543 0.066720
2 0.583001 0.814114 0.072166 0.037209
2 0.194988 0.165517 0.065246 0.094948
2 0.361067 0.170650 0.019771 0.056455
0 0.604255 0.168083 0.015817 0.038492
2 0.040277 0.140497 0.048440 0.096231
2 0.361562 0.166159 0.022737 0.091099
2 0.609198 0.141139 0.035588 0.102646
0 0.053100 0.622075 0.100000 0.135837
0 0.441741 0.615444 0.629733 0.138682
0 0.091957 0.351527 0.175243 0.105952
0 0.353981 0.364510 0.288958 0.112947
0 0.564745 0.385345 0.075968 0.096213
0 0.757096 0.321012 0.176360 0.113771
1 0.640660 0.315538 0.096114 0.120401
0 0.842759 0.632380 0.049068 0.096546
1 0.581816 0.136924 0.033268 0.116404
2 0.605129 0.060719 0.066315 0.084501
2 0.584117 0.823875 0.088610 0.058915
1 0.749874 0.314990 0.161683 0.092968
2 0.609908 0.132029 0.052754 0.151221
1 0.564438 0.394033 0.073532 0.079053
1 0.266968 0.364587 0.179266 0.126084
1 0.426042 0.361429 0.139147 0.125439
2 0.352211 0.208820 0.036059 0.122527
2 0.185608 0.188533 0.087669 0.166770
1 0.095267 0.364437 0.154721 0.125471
2 0.040142 0.134643 0.059508 0.153623
2 0.101871 0.740440 0.049536 0.138898
2 0.276275 0.764913 0.070994 0.129151
2 0.585880 0.761464 0.093283 0.133769
1 0.653023 0.571204 0.190391 0.115054
1 0.416693 0.616731 0.251423 0.131366
1 0.198053 0.612397 0.122306 0.125616
1 0.031160 0.605353 0.086927 0.149814
0 0.851224 0.639783 0.049885 0.086947
