1 0.290408 0.117726 0.043043 0.118387
1 0.329632 0.619202 0.168342 0.198341
1 0.564796 0.635478 0.220782 0.190565
2 0.407816 0.773860 0.066150 0.147831
2 0.221192 0.758305 0.080929 0.205703
2 0.045571 0.769300 0.048808 0.228639
2 0.139298 0.097839 0.028788 0.104561
2 0.343208 0.082735 0.049714 0.160029
1 0.426583 0.282831 0.149559 0.169014
1 0.219176 0.187248 0.047967 0.072191
1 0.546756 0.175963 0.061616 0.075687
1 0.288538 0.110788 0.052698 0.088302
1 0.356234 0.172284 0.050265 0.036792
2 0.515543 0.777783 0.365640 0.337440
2 0.213951 0.755182 0.198629 0.378437
