0 0.347084 0.212006 0.034226 0.065780
0 0.388155 0.215562 0.031488 0.058668
1 0.778334 0.452901 0.028750 0.028445
2 0.196489 0.104447 0.069821 0.085336
2 0.391578 0.124003 0.109524 0.067557
2 0.322441 0.751576 0.086250 0.088891
2 0.538066 0.779133 0.093095 0.097780
1 0.293691 0.596017 0.045179 0.040890
0 0.350374 0.205923 0.008905 0.024178
1 0.145165 0.585411 0.056665 0.059919
0 0.391659 0.214858 0.015381 0.016819
0 0.356708 0.217633 0.037232 0.051451
0 0.396871 0.217949 0.027093 0.036108
2 0.194360 0.145520 0.083991 0.181192
1 0.259153 0.335145 0.233333 0.168824
1 0.200013 0.541961 0.207984 0.074890
2 0.398258 0.162789 0.133897 0.213873
