2 0.7892959642 0.2113446488 0.0981073055 0.1743151827
2 0.6942607301 0.7141456882 0.0687932348 0.2941454868
1 0.7095482731 0.5967047042 0.0431667206 0.0837480407
0 0.8156282880 0.2505068466 0.0312269465 0.0613365704
1 0.4064624578 0.6208854660 0.0541880699 0.0825685131
2 0.7026599612 0.7140698897 0.0808228925 0.2146781178
0 0.7772280100 0.2543795050 0.0329422926 0.0764791136
0 0.8146048311 0.2462434156 0.0367433530 0.0699702542
0 0.6296211928 0.2592611446 0.0392773513 0.1057689912
2 0.7113434247 0.7653250824 0.0836227622 0.0992601520
2 0.6226526345 0.1892908853 0.0937588183 0.0569525252
2 0.7981336848 0.1949861500 0.0696856456 0.0715974741
2 0.7045799547 0.7288680636 0.0800917304 0.2033303515
2 0.8899082621 0.7444168404 0.0614657407 0.2583490755
2 0.4261218722 0.7689360662 0.0894046307 0.2691135899
