1 0.336047 0.654074 0.185771 0.099237
1 0.616528 0.643267 0.024532 0.060477
1 0.328502 0.653939 0.031801 0.036760
2 0.548383 0.211036 0.073596 0.156528
2 0.725105 0.240681 0.065419 0.161271
2 0.300336 0.191470 0.046338 0.193288
2 0.070006 0.137515 0.027258 0.113838
1 0.421678 0.202341 0.148979 0.185131
1 0.182015 0.185371 0.126603 0.154276
1 0.651330 0.225097 0.045342 0.227557
1 0.805609 0.240910 0.081850 0.199016
0 0.811792 0.669287 0.030620 0.091023
0 0.640142 0.661187 0.040631 0.122649
0 0.339239 0.641903 0.075962 0.097965
1 0.325371 0.631573 0.076284 0.097780
1 0.614159 0.644018 0.040866 0.115559
1 0.743569 0.343565 0.049039 0.094225
1 0.921337 0.231562 0.050402 0.133337
1 0.717687 0.532904 0.073559 0.074669
