1 0.361415 0.675836 0.062640 0.115004
0 0.300080 0.731647 0.026100 0.027060
0 0.054741 0.670763 0.015660 0.023677
0 0.299948 0.731189 0.015433 0.025556
0 0.062452 0.676187 0.029151 0.020001
0 0.886400 0.183947 0.010289 0.017778
0 0.772796 0.736744 0.014576 0.023334
1 0.596175 0.672298 0.048871 0.087781
1 0.375826 0.675076 0.093455 0.173339
1 0.305521 0.670631 0.047156 0.051113
1 0.549447 0.303952 0.039440 0.068891
0 0.955848 0.708410 0.020577 0.022223
0 0.301070 0.732795 0.019067 0.032972
0 0.952840 0.711696 0.027541 0.046538
0 0.055753 0.675031 0.020066 0.035011
1 0.362457 0.674027 0.054368 0.108630
1 0.073619 0.246424 0.035646 0.302707
1 0.286088 0.323620 0.045965 0.109412
1 0.551556 0.349150 0.059097 0.121569
1 0.732600 0.350974 0.068478 0.110628
2 0.283742 0.198404 0.105062 0.235844
2 0.530919 0.237914 0.096619 0.249216
2 0.721344 0.257365 0.087239 0.275962
2 0.887848 0.200836 0.146336 0.274746
0 0.945538 0.657935 0.057221 0.182354
2 0.780441 0.753975 0.066602 0.194510
2 0.929122 0.726014 0.112566 0.299060
0 0.586264 0.653680 0.055345 0.110628
2 0.583919 0.777681 0.060035 0.212746
0 0.298751 0.730877 0.022513 0.051059
0 0.058610 0.675563 0.033770 0.069294
2 0.047822 0.640308 0.064726 0.246785
2 0.295937 0.738171 0.069416 0.289334
1 0.421167 0.398993 0.147274 0.068079
1 0.430548 0.614778 0.132265 0.076588
2 0.499025 0.516307 0.833928 0.258942
1 0.176399 0.139938 0.100742 0.165415
1 0.400030 0.179135 0.060197 0.110222
1 0.159546 0.790721 0.108951 0.136997
2 0.032256 0.712665 0.032111 0.203337
2 0.284464 0.830154 0.068211 0.162713
2 0.572819 0.869009 0.064568 0.176418
2 0.768341 0.844399 0.047588 0.196512
2 0.936426 0.829758 0.039985 0.159419
2 0.517826 0.139868 0.065878 0.231544
2 0.286871 0.137508 0.070356 0.193139
2 0.693080 0.139790 0.076486 0.232959
2 0.856001 0.129120 0.129896 0.186169
1 0.895231 0.355326 0.044589 0.163185
1 0.362107 0.640579 0.076850 0.185437
0 0.430756 0.414847 0.159730 0.045666
1 0.669176 0.836843 0.054903 0.165367
