0 0.430379 0.558723 0.692711 0.482755
0 0.706995 0.656916 0.030192 0.042690
0 0.434356 0.700793 0.028362 0.037947
0 0.458143 0.694863 0.019213 0.040319
0 0.734442 0.645058 0.017383 0.023717
2 0.732612 0.659881 0.094234 0.167204
2 0.470952 0.708501 0.116192 0.207522
2 0.175898 0.627863 0.076851 0.247841
2 0.545896 0.115481 0.808706 0.094206
0 0.712337 0.696028 0.068805 0.095619
0 0.439538 0.741953 0.049424 0.069713
0 0.494011 0.299209 0.254401 0.142524
0 0.303266 0.632950 0.253204 0.222258
0 0.568427 0.558378 0.171906 0.110326
1 0.131361 0.579215 0.127268 0.202445
1 0.650541 0.290034 0.103893 0.200966
