2 0.798364 0.485219 0.386320 0.293694
2 0.455321 0.441988 0.204770 0.286832
2 0.272188 0.457771 0.087608 0.310163
2 0.125999 0.358958 0.088664 0.370549
2 0.457943 0.492262 0.115647 0.243908
2 0.263618 0.446684 0.104272 0.246372
2 0.822421 0.462082 0.298597 0.331370
1 0.589114 0.447702 0.096261 0.146119
1 0.624302 0.185950 0.182816 0.228113
1 0.128839 0.437716 0.036401 0.060970
2 0.734719 0.446651 0.450568 0.474097
2 0.469112 0.342225 0.096571 0.138106
2 0.272406 0.332531 0.065005 0.078691
2 0.814352 0.375550 0.224430 0.102188
2 0.381498 0.406363 0.377247 0.326059
0 0.884911 0.423050 0.045626 0.080637
0 0.473822 0.527997 0.031938 0.152974
0 0.430934 0.476413 0.020988 0.156531
1 0.136191 0.769316 0.064789 0.064036
1 0.347438 0.781768 0.052926 0.046248
0 0.456463 0.648210 0.855033 0.600551
