0 0.523736 0.709329 0.041742 0.073422
0 0.567675 0.704415 0.047013 0.054344
0 0.736650 0.700657 0.042374 0.065329
0 0.264209 0.708751 0.045958 0.065329
2 0.887142 0.153519 0.067307 0.116330
0 0.730194 0.671608 0.044267 0.059193
0 0.528389 0.707970 0.028643 0.047355
0 0.561589 0.709661 0.032549 0.043972
0 0.911167 0.199752 0.026039 0.049046
0 0.533319 0.712608 0.023468 0.034690
0 0.560429 0.704198 0.019422 0.011563
0 0.728349 0.681072 0.015376 0.038895
0 0.918524 0.204346 0.020231 0.023127
0 0.524996 0.704933 0.022498 0.046601
0 0.563607 0.707302 0.025538 0.046601
0 0.728690 0.679658 0.033442 0.056079
0 0.919008 0.199435 0.029794 0.051340
2 0.566647 0.717175 0.051076 0.199040
2 0.729298 0.695455 0.085734 0.212467
2 0.921744 0.689926 0.066885 0.172975
2 0.557222 0.208913 0.112488 0.237742
2 0.727778 0.208913 0.081478 0.225105
2 0.894382 0.211282 0.087558 0.261437
1 0.533651 0.650181 0.142059 0.247635
1 0.748830 0.601549 0.130443 0.187732
1 0.276726 0.621028 0.196182 0.224891
1 0.298745 0.329203 0.162426 0.237169
1 0.561869 0.314127 0.126495 0.220481
1 0.737701 0.281450 0.102148 0.136297
1 0.921290 0.293394 0.095345 0.177525
0 0.530771 0.707740 0.028667 0.029657
0 0.559237 0.699951 0.023616 0.025348
0 0.915290 0.204144 0.020414 0.026180
0 0.545357 0.710422 0.069972 0.068862
0 0.732863 0.689717 0.037305 0.094552
0 0.919039 0.233239 0.066156 0.135532
2 0.571272 0.160545 0.139273 0.150120
2 0.505209 0.444669 0.945376 0.740764
2 0.752033 0.746137 0.067151 0.115410
2 0.544382 0.797132 0.036158 0.155669
