1 0.3697794829 0.3460440898 0.0344795738 0.0947095971
2 0.3478982051 0.1972147338 0.0888512240 0.1792717157
0 0.3598676681 0.7573005883 0.0426924606 0.0600021231
0 0.0710399649 0.8473037326 0.0296233513 0.0511128838
0 0.6234283843 0.2833952585 0.0209106382 0.0388902605
0 0.3703229555 0.2945067471 0.0217818858 0.0677801267
0 0.4117085447 0.3067294007 0.0731871387 0.0322233512
0 0.8451679350 0.7489669669 0.0130691251 0.0366679507
1 0.3903622986 0.3517309526 0.1245923599 0.1222264551
0 0.3623463859 0.7807395829 0.1030736823 0.1685956631
0 0.3537832041 0.2883252056 0.1397640464 0.3052327871
2 0.7895458085 0.2542782676 0.1575673078 0.2515368458
2 0.7876713609 0.2535713039 0.1197846773 0.2062690174
2 0.6064742306 0.2543467503 0.1355938914 0.2155743844
1 0.3641686511 0.3454618119 0.0583722244 0.0876255603
2 0.3483594846 0.2539590145 0.1264731739 0.2845891805
2 0.3699450570 0.7952213148 0.1149203306 0.2085953819
0 0.0653149595 0.8483394721 0.0626285436 0.0728920533
2 0.0631868046 0.7897931849 0.1118801163 0.2551221866
2 0.6341402284 0.8025880684 0.0985031405 0.1969636403
2 0.8265861982 0.8072407569 0.1027594479 0.1612930146
2 0.4827968754 0.7381707323 0.2869274731 0.2723145501
1 0.3458349191 0.4642360139 0.6916698383 0.4794846944
