1 0.238472 0.281777 0.029823 0.050737
1 0.227325 0.284928 0.049969 0.080943
2 0.532779 0.483082 0.686668 0.588680
1 0.255130 0.739578 0.195846 0.370027
2 0.580284 0.503687 0.190016 0.184992
2 0.297078 0.443209 0.185470 0.225310
2 0.784392 0.337076 0.114555 0.088938
2 0.100243 0.364351 0.095463 0.115027
1 0.234800 0.284899 0.017274 0.022531
2 0.330678 0.446917 0.183808 0.196611
2 0.619987 0.457420 0.353275 0.233149
2 0.116084 0.360530 0.161145 0.194632
0 0.489492 0.303981 0.486674 0.278776
2 0.448776 0.431672 0.448994 0.216046
2 0.468696 0.516567 0.414255 0.069359
1 0.487960 0.411947 0.825518 0.693745
