0 0.1767458229 0.1921298240 0.0548631376 0.1028632089
1 0.1663126554 0.1854242546 0.0418792236 0.0651752544
1 0.4840310510 0.6831739893 0.0604027161 0.0494070542
2 0.5402812653 0.7891529217 0.1399790105 0.2449170958
2 0.5343627142 0.7698977900 0.0592860595 0.0565193773
2 0.1892807802 0.1512191546 0.0832985566 0.1345547370
2 0.3607927518 0.1650948640 0.0684169440 0.1830782209
2 0.5381294057 0.7061541987 0.0826900957 0.1365993531
2 0.1897017716 0.2258837975 0.2367673134 0.3302739701
0 0.5918447389 0.4228685333 0.4590755654 0.5591064926
