0 0.1716355119 0.1961700049 0.0153390337 0.0377790960
0 0.0361407110 0.1633910824 0.0255650621 0.0744470355
0 0.1281749085 0.7228549844 0.0238607244 0.0288898643
0 0.4494424352 0.6672974867 0.0170433813 0.0222229662
1 0.0321406313 0.1993712762 0.0189375037 0.1463275097
0 0.1198142670 0.7179194448 0.0161319388 0.0256072916
0 0.4585851862 0.6977993947 0.0231458245 0.0493855027
2 0.4648976723 0.7700486299 0.1241458548 0.1883966492
2 0.1906545634 0.1545584517 0.0399791787 0.1664475649
2 0.1468177460 0.7485567900 0.0911805697 0.1326093237
0 0.5807419572 0.6200706091 0.2726209537 0.1284288679
2 0.4760277977 0.4277698255 0.8316441381 0.7379469602
