2 0.465677 0.237814 0.071538 0.162854
2 0.723670 0.196870 0.089687 0.169114
2 0.880953 0.140883 0.097946 0.178746
2 0.749714 0.851606 0.094837 0.146174
2 0.510141 0.493256 0.647911 0.604159
1 0.528926 0.385084 0.177587 0.170650
0 0.206786 0.742261 0.031747 0.037209
1 0.262344 0.257257 0.029763 0.055172
2 0.471182 0.218124 0.066471 0.097514
2 0.723673 0.188613 0.081353 0.112911
2 0.886875 0.152045 0.080361 0.098797
2 0.452828 0.824379 0.063495 0.083400
1 0.727642 0.808340 0.037700 0.051323
2 0.738555 0.881476 0.079369 0.100080
2 0.933504 0.810265 0.026787 0.065437
2 0.184464 0.798075 0.040676 0.092382
2 0.595938 0.791573 0.417555 0.342234
