2 0.4219955778 0.1921410121 0.1241373783 0.2604513611
2 0.4019851288 0.8301285561 0.1998068723 0.1259120337
2 0.2358355329 0.8059146149 0.1132595130 0.1854087753
2 0.4265603057 0.1915751653 0.2083547475 0.2269182096
0 0.6691066333 0.2303172616 0.0908212017 0.0636477692
2 0.6632300148 0.2109461235 0.1944645496 0.2296854604
0 0.6479541092 0.2279984086 0.0154317961 0.0325876358
0 0.6731323179 0.2374593304 0.0154318596 0.0325876358
0 0.6682591592 0.7483492970 0.0138074734 0.0262803819
2 0.4121679173 0.1377131709 0.1264244183 0.1456375687
2 0.3893321153 0.8380585231 0.1270863099 0.1396407927
2 0.2135955620 0.8093593405 0.1078910073 0.1439241865
2 0.6550881091 0.1372848202 0.0986243019 0.1139399673
0 0.6395332900 0.2319492430 0.0330954084 0.0411211932
0 0.6762691819 0.2435145728 0.0284620081 0.0419778843
0 0.6716358133 0.7451074876 0.0443478524 0.0411211727
0 0.3971757839 0.1234236643 0.0862396590 0.1674268832
0 0.6973561298 0.2264555960 0.0895565482 0.1845988778
0 0.4869989401 0.6512828480 0.3035836592 0.2041895189
0 0.7413339923 0.6001825506 0.2845380864 0.1134152807
2 0.3939763445 0.8687176534 0.1121267265 0.0869836878
2 0.4169970303 0.1273984993 0.0761073784 0.0963275280
2 0.6682167014 0.1407387448 0.0640026970 0.1215195216
0 0.5010772927 0.6541016447 0.2494109885 0.1507919363
0 0.7575628021 0.6131851145 0.2436449128 0.1673071042
0 0.7784802996 0.3548827611 0.1732537213 0.1747581816
0 0.2928164400 0.3686404964 0.1154160991 0.0693602899
0 0.4983392690 0.3913175538 0.0971695248 0.0710410584
1 0.2141820171 0.7021876069 0.0981385294 0.2738627321
2 0.3802054700 0.7201867306 0.1072870705 0.3457887797
0 0.4918399894 0.5728939377 0.7805431815 0.2480007595
2 0.2369571015 0.4233070451 0.1023817112 0.0875296750
1 0.4929113795 0.6646215163 0.1972491754 0.0887454460
1 0.7737566167 0.5862095688 0.2874202669 0.1045493592
