0 0.262187 0.709661 0.031157 0.027060
0 0.265328 0.705414 0.028242 0.032588
0 0.290342 0.707516 0.023400 0.028383
0 0.484404 0.738001 0.011297 0.038895
0 0.228614 0.162462 0.012911 0.033639
1 0.465845 0.640238 0.035504 0.087251
0 0.492445 0.742379 0.030784 0.040105
0 0.266996 0.717019 0.028973 0.031848
0 0.295969 0.715839 0.023541 0.041284
2 0.276955 0.781304 0.079677 0.075491
2 0.100851 0.778945 0.040744 0.066055
2 0.483844 0.793100 0.076961 0.070773
2 0.767240 0.766560 0.067907 0.043643
2 0.254320 0.099525 0.074244 0.033027
2 0.452607 0.122526 0.052514 0.036566
2 0.704766 0.135501 0.071528 0.041284
1 0.598879 0.935720 0.092383 0.062000
1 0.913354 0.127287 0.097982 0.064432
2 0.293268 0.756406 0.076519 0.233413
0 0.280921 0.713799 0.054411 0.061803
0 0.472214 0.729673 0.046332 0.066201
0 0.227228 0.161076 0.016855 0.063543
0 0.463740 0.146927 0.041234 0.059401
0 0.264791 0.709723 0.028588 0.034874
