1 0.888673 0.221336 0.222654 0.329758
0 0.583232 0.246462 0.302991 0.143559
0 0.308410 0.541591 0.267315 0.237344
1 0.625107 0.465508 0.163335 0.214191
0 0.521556 0.817863 0.162663 0.213877
2 0.198631 0.433114 0.367504 0.086734
2 0.183232 0.709191 0.161011 0.079103
2 0.144205 0.439024 0.127966 0.072743
2 0.098101 0.280336 0.119812 0.064975
2 0.792447 0.696407 0.268380 0.286443
2 0.746887 0.334085 0.127907 0.096890
2 0.737779 0.145588 0.127253 0.080717
2 0.132433 0.273710 0.078159 0.056175
2 0.171537 0.431222 0.127820 0.050986
2 0.237110 0.696448 0.149612 0.070862
0 0.503638 0.573502 0.967679 0.803571
