2 0.3598290295 0.1849418855 0.0835790030 0.1829674075
2 0.1389615219 0.1818668150 0.0939563159 0.1783547863
1 0.2162370859 0.6421173096 0.0454236712 0.0519001622
2 0.2248675518 0.7435585760 0.1299116431 0.2146780691
2 0.1429095535 0.2454573293 0.0722583084 0.3883680405
2 0.3815299846 0.2181843019 0.0840212615 0.3752770024
2 0.5201651058 0.3240036934 0.0688974700 0.2661848622
2 0.2349128486 0.7674632657 0.1251917110 0.2520028883
1 0.5617524520 0.6500332248 0.1451276507 0.1154905258
2 0.8112785008 0.2549339971 0.1161021357 0.1057650289
