1 0.7770660117 0.3663972934 0.0688268703 0.0357412602
1 0.5855654312 0.2276370610 0.1263175279 0.0756873839
1 0.7912361830 0.1629874116 0.0485836820 0.0578167661
1 0.4082350976 0.2959659613 0.1149813153 0.1913209038
1 0.3353596123 0.7033112701 0.0566809120 0.0956604887
2 0.6248372081 0.7595512660 0.2000026833 0.3132617619
0 0.8377046851 0.5904722796 0.0708592843 0.1997535926
2 0.8238503093 0.7783314499 0.1021515365 0.1389314216
2 0.6314041563 0.8004341493 0.1027595449 0.1531401999
2 0.2927232677 0.7676747558 0.1295135404 0.1886624646
2 0.6414368810 0.1566924804 0.0753975411 0.1349844488
1 0.1121339827 0.4412649713 0.0431711770 0.0568355548
0 0.1868181542 0.4793054023 0.2114584908 0.1210148557
0 0.4646135360 0.6481192488 0.2863168250 0.2087380265
0 0.5034703494 0.3133528854 0.2600152078 0.2211529158
0 0.7477824397 0.2945064410 0.1619623615 0.2168508695
1 0.9140502174 0.3478412567 0.1363164093 0.1608998829
1 0.8423750650 0.6271676803 0.1093354689 0.1629812357
2 0.4834870471 0.4090803336 0.9265480915 0.3394191533
