2 0.629384 0.867896 0.580005 0.264209
2 0.670637 0.933039 0.425716 0.133921
0 0.701529 0.170729 0.013001 0.090775
1 0.861444 0.758248 0.158615 0.055474
2 0.141827 0.105169 0.048104 0.057155
0 0.410044 0.241041 0.028718 0.095251
0 0.707927 0.191365 0.030854 0.133439
2 0.076561 0.257871 0.040131 0.239003
2 0.249855 0.275560 0.100936 0.275954
2 0.424364 0.281064 0.070534 0.258657
2 0.676097 0.222492 0.105800 0.289319
2 0.234957 0.757103 0.049252 0.210700
2 0.457199 0.805847 0.058373 0.227996
2 0.818380 0.790910 0.119178 0.169818
2 0.632655 0.790398 0.444721 0.381591
2 0.566551 0.854557 0.711565 0.049732
