0 0.7906248107 0.6521589844 0.0195214087 0.0338248310
0 0.2162023421 0.1819092576 0.0331656523 0.0641240516
0 0.0621033563 0.1766531940 0.0161783736 0.0325876291
0 0.7933656520 0.6549554521 0.0177962113 0.0262803282
0 0.6093367387 0.1456423901 0.0202229818 0.0252291319
2 0.2954542372 0.7577131795 0.0762445810 0.0636956988
2 0.5223727441 0.7783552776 0.1234436824 0.0483615688
2 0.1170962627 0.7476870176 0.0571834436 0.0318477264
2 0.2242018116 0.1561428964 0.0571835067 0.1061594741
2 0.3971137310 0.1702974779 0.0635372191 0.0920048926
2 0.0531052464 0.1632201872 0.0381223220 0.1226731525
0 0.2146712429 0.1767850252 0.0199688106 0.0318478187
0 0.0603666557 0.1732463593 0.0217841727 0.0460025231
0 0.0625692717 0.1770649815 0.0227088554 0.0333600682
0 0.2165945048 0.1764234360 0.0306075853 0.0654370556
2 0.4041893301 0.1488372311 0.0464050451 0.0692862773
2 0.0591135789 0.1443464588 0.0552911231 0.0987971135
2 0.1148983504 0.7287891150 0.0424556762 0.0667200748
0 0.6110373327 0.1494787714 0.0276456138 0.0500400869
2 0.3034805337 0.7403369337 0.0483796822 0.0692862568
0 0.7932017876 0.6537289898 0.0227088633 0.0295107645
2 0.5088475269 0.7550922340 0.0740505958 0.0577386020
0 0.2156042922 0.1838303381 0.0202998829 0.0491081530
0 0.0612351745 0.1703524823 0.0330294232 0.0350486494
0 0.6096111919 0.1482000357 0.0229420270 0.0359617685
