0 0.4240887189 0.6902119421 0.0260919756 0.0490460550
0 0.7287122727 0.6783732342 0.0247873610 0.0456635670
0 0.4206658458 0.6900068919 0.0137850859 0.0294339990
0 0.3533619930 0.1686048354 0.0300029401 0.0336388311
0 0.7219113616 0.6900068714 0.0194613871 0.0588679160
1 0.4028433112 0.5767348095 0.0933348407 0.1757288287
0 0.7157821220 0.6847487624 0.0628896251 0.1234998395
0 0.3741594614 0.2785722107 0.1012915280 0.2212111668
1 0.6450931278 0.2936395727 0.0547280003 0.1744548634
0 0.4192604868 0.6940584490 0.0277748246 0.0458584857
0 0.6337809941 0.2018842492 0.0188261025 0.0660385829
2 0.3523748466 0.1364889709 0.0441431942 0.0619947269
2 0.6209122899 0.1686785247 0.0275894727 0.0739167429
2 0.7970250724 0.1680824372 0.0487413659 0.0608024905
2 0.4075537761 0.7129206504 0.0441431626 0.1037218648
2 0.7064396298 0.7153049797 0.0570182899 0.1061062967
2 0.9027846649 0.6950374931 0.0450628032 0.0941841782
