2 0.744705 0.276703 0.093814 0.294276
0 0.129475 0.638408 0.028250 0.062224
0 0.341349 0.283951 0.018833 0.035557
0 0.569488 0.302840 0.021401 0.044446
1 0.420962 0.650630 0.030818 0.066669
2 0.762899 0.193745 0.058322 0.100080
2 0.347722 0.214916 0.028667 0.103929
0 0.576564 0.307298 0.037564 0.057739
2 0.926498 0.232879 0.045472 0.096231
2 0.575081 0.234162 0.058322 0.121893
2 0.397148 0.772414 0.070185 0.053889
2 0.684312 0.765357 0.041518 0.044908
2 0.870647 0.750602 0.024713 0.061588
0 0.122230 0.640570 0.033522 0.063293
0 0.344062 0.288251 0.021182 0.040215
1 0.690073 0.663470 0.088248 0.173654
1 0.335853 0.362805 0.054823 0.161707
0 0.215825 0.393270 0.186237 0.182602
0 0.477172 0.398452 0.169636 0.143659
0 0.566998 0.625645 0.168586 0.144864
0 0.273049 0.640011 0.198424 0.187224
2 0.518821 0.556430 0.875484 0.356619
2 0.397088 0.817932 0.049627 0.178482
