0 0.719209 0.343796 0.044883 0.015768
0 0.694048 0.071532 0.027202 0.013666
2 0.619242 0.488864 0.193134 0.455176
1 0.656722 0.662215 0.428768 0.267400
2 0.684130 0.343513 0.119075 0.061729
2 0.650731 0.072066 0.142309 0.058362
2 0.680500 0.639973 0.129240 0.109990
1 0.884524 0.489018 0.055181 0.180698
0 0.697200 0.080255 0.069702 0.025814
1 0.678540 0.656583 0.139122 0.086021
2 0.672975 0.341888 0.168801 0.064516
2 0.671120 0.596368 0.139122 0.025806
2 0.669265 0.067336 0.191061 0.063082
1 0.776009 0.393915 0.181401 0.055033
