0 0.7062791363 0.3152489351 0.0137431196 0.0452022463
1 0.3380448960 0.8708161531 0.5675091973 0.2102430556
2 0.5555092304 0.4124863339 0.4219940043 0.2796232590
2 0.6972090150 0.3729074497 0.0775156599 0.1719469475
2 0.8982938098 0.2940490312 0.0747798562 0.2181947650
0 0.7037003931 0.3034923926 0.0456111835 0.1543121030
2 0.1002832588 0.3599892973 0.0959447370 0.2881808811
2 0.6912959379 0.3799122820 0.0912064365 0.2316634772
2 0.8946862559 0.3051948830 0.0784375405 0.2087343364
2 0.4091641047 0.3716103602 0.0583721143 0.2277101870
2 0.4138554514 0.3769731104 0.0343916827 0.1605360860
0 0.3406837341 0.2247902661 0.1191286139 0.1153069493
