2 0.8304216636 0.7126408303 0.1469759595 0.2417791492
2 0.8419563697 0.7045875724 0.0880163739 0.2266264830
1 0.3118891229 0.8234947851 0.0765253234 0.0539716055
2 0.3787655989 0.7215484595 0.0918303580 0.1036596834
2 0.0749275423 0.6611517319 0.1498550847 0.1285037466
2 0.1202431071 0.1539903099 0.2069510675 0.1867587587
2 0.8389156853 0.7523893596 0.1031428076 0.0848124814
0 0.7062982275 0.2995622383 0.1742760164 0.2157868712
0 0.2531712662 0.5859626776 0.2194340930 0.2024210902
0 0.5223191415 0.6023479592 0.2001953500 0.1679612595
0 0.7181920501 0.5310641400 0.1229890680 0.0936974218
0 0.4904900019 0.2759071888 0.1861256204 0.2183678658
0 0.2450541113 0.3217355542 0.1971965851 0.2024677485
1 0.3820827996 0.3375988596 0.0652846821 0.1592312509
1 0.8539046960 0.5718956688 0.0889983418 0.2160993925
1 0.6852859553 0.6750712753 0.0566780869 0.1623033054
2 0.8369974697 0.7211993558 0.0897472048 0.1385595181
2 0.3892706089 0.6824052317 0.0724359304 0.1145977343
1 0.8713513664 0.5435896365 0.0476942825 0.1643410484
1 0.3533773387 0.2415452294 0.0287568678 0.1580202612
2 0.3926549820 0.6907741761 0.0862705658 0.1083567326
2 0.6574284740 0.6731662342 0.0448887674 0.1237072435
2 0.8341778407 0.7156059887 0.0967913976 0.1435726646
1 0.2025792121 0.1675014722 0.0399790408 0.1002300078
2 0.3794923902 0.1887514442 0.0501556584 0.1161516783
2 0.6129169347 0.1650540253 0.0654230435 0.1092754856
2 0.7652393074 0.2170692438 0.0624422681 0.1110760952
2 0.8409469623 0.7088571580 0.0933657713 0.1441539725
2 0.6569066347 0.6644088250 0.0378005813 0.1217124619
2 0.3885463888 0.6572817503 0.0760034090 0.1612027879
1 0.2447014183 0.3092808425 0.2019399758 0.1658089850
1 0.4913891819 0.2848575559 0.1893976078 0.1687141594
1 0.7064503650 0.2853779313 0.1863125547 0.1937028488
1 0.7183594651 0.5524520572 0.0820600784 0.0695013075
1 0.5238637889 0.6097382872 0.2007975936 0.1470123315
1 0.2547593486 0.5907308378 0.2272354727 0.1859952877
1 0.3199632933 0.8191107646 0.0613655569 0.0655492932
2 0.7768311448 0.2502642682 0.0570042834 0.1708562493
