1 0.5553596705 0.8331499754 0.4485828170 0.2964472193
1 0.8976991747 0.8310474925 0.1605454742 0.1724019071
1 0.7725681326 0.1127691784 0.4202511313 0.2255383568
1 0.3263463536 0.1700612757 0.6107020748 0.3401225515
1 0.5534124156 0.8461653661 0.3662564637 0.2254309438
2 0.3104383542 0.6742942643 0.0957533373 0.1023232564
0 0.7375555653 0.7780027069 0.2212650487 0.1287853380
1 0.4197737980 0.8601999547 0.4310836208 0.1929927186
0 0.9022779121 0.6931154349 0.1760742188 0.2245720856
1 0.5409274409 0.8182071435 0.1712294949 0.2245258860
0 0.3689301871 0.7341227956 0.0899472429 0.0577135072
0 0.7665901559 0.7916611497 0.1856617412 0.1191376401
0 0.3133570437 0.8907398530 0.1856617745 0.2054516423
0 0.9049264376 0.6621901463 0.1383360816 0.2394909935
