0 0.3510279217 0.2307907053 0.0081260074 0.0441509949
1 0.3246184924 0.5776912421 0.0788220442 0.0735850050
0 0.7928240834 0.2074532908 0.0319129920 0.0601570257
1 0.1855633804 0.1820929894 0.0373839385 0.0424637913
0 0.3470365412 0.2368676839 0.0398540319 0.0515569885
0 0.7874923122 0.2119781086 0.0494739489 0.0728908985
2 0.7407278319 0.7599567324 0.1393130282 0.1145147725
0 0.7858198732 0.1949753573 0.0231769487 0.0387761859
0 0.3486950942 0.2409079255 0.0325253318 0.0963810031
0 0.5911259774 0.6298174294 0.2091901714 0.1846164869
