1 0.720205 0.197215 0.099137 0.179272
1 0.728495 0.196248 0.119180 0.184010
1 0.671634 0.718788 0.069143 0.040105
0 0.562461 0.152604 0.025474 0.056618
0 0.282707 0.183273 0.040940 0.066055
1 0.737188 0.243385 0.203469 0.299060
2 0.486836 0.695014 0.473511 0.341609
1 0.718640 0.198039 0.107024 0.224960
1 0.711497 0.182889 0.075758 0.157888
2 0.079263 0.673962 0.138057 0.311088
0 0.140598 0.334956 0.182943 0.274327
0 0.313573 0.310056 0.137799 0.189512
0 0.472213 0.313959 0.136651 0.158592
0 0.577406 0.319494 0.040026 0.074202
0 0.705995 0.502217 0.189283 0.190115
1 0.735066 0.222933 0.105786 0.250257
1 0.741861 0.210371 0.146517 0.233266
2 0.454052 0.697318 0.437301 0.309737
2 0.082549 0.648757 0.123497 0.275613
