0 0.679035 0.409466 0.029989 0.062576
0 0.714890 0.428915 0.031292 0.074415
0 0.714518 0.428028 0.145315 0.097068
0 0.675757 0.405066 0.026556 0.068891
0 0.708737 0.425067 0.025699 0.048891
0 0.876208 0.460068 0.023129 0.061113
1 0.423907 0.328397 0.031695 0.053335
2 0.521563 0.416733 0.513122 0.365568
0 0.678259 0.406164 0.042550 0.081226
0 0.713182 0.432718 0.022479 0.076019
2 0.383220 0.388460 0.114002 0.199941
2 0.702553 0.463143 0.059140 0.479444
0 0.714243 0.429875 0.015431 0.066415
0 0.677069 0.406221 0.021042 0.053677
1 0.425970 0.328889 0.042084 0.033662
2 0.679875 0.483098 0.089778 0.125551
2 0.860483 0.493560 0.058216 0.190146
2 0.374067 0.356637 0.054709 0.101896
0 0.709333 0.316152 0.012625 0.008188
0 0.075975 0.314332 0.028056 0.020925
