1 0.673345 0.639478 0.085892 0.095372
1 0.418918 0.688567 0.085170 0.092567
2 0.218401 0.129565 0.134471 0.240156
2 0.820388 0.716139 0.186544 0.322209
0 0.799366 0.304186 0.118804 0.130226
0 0.824171 0.474156 0.215414 0.135299
0 0.578077 0.626368 0.258497 0.165742
0 0.322192 0.617911 0.245441 0.175889
0 0.138111 0.547725 0.125332 0.103166
0 0.100903 0.246684 0.155359 0.214788
0 0.340469 0.280508 0.229775 0.214788
0 0.520634 0.354923 0.148831 0.136991
0 0.630299 0.382829 0.054833 0.098092
0 0.499817 0.454972 0.949702 0.573806
