2 0.731667 0.585355 0.062191 0.218170
1 0.703453 0.606731 0.035242 0.094364
1 0.714177 0.623120 0.027254 0.053363
1 0.517495 0.736368 0.026345 0.037947
2 0.156837 0.722731 0.051782 0.136372
2 0.296740 0.722138 0.055416 0.177876
2 0.533848 0.722138 0.064501 0.144673
2 0.734617 0.624899 0.077219 0.177876
2 0.940571 0.464833 0.069047 0.126160
2 0.147983 0.720437 0.054584 0.130738
2 0.300174 0.736105 0.025684 0.154122
2 0.534001 0.716845 0.042128 0.124963
2 0.733952 0.619606 0.052536 0.164023
1 0.058439 0.875138 0.088941 0.074249
1 0.196614 0.910050 0.140205 0.094159
1 0.412906 0.928780 0.246827 0.067660
1 0.672047 0.882800 0.218089 0.048051
1 0.882210 0.730677 0.172396 0.044671
1 0.225226 0.551083 0.167102 0.483721
