0 0.270233 0.723191 0.029741 0.060885
0 0.303853 0.718117 0.021983 0.060885
0 0.113121 0.680910 0.020690 0.054120
0 0.123466 0.658924 0.031034 0.043972
2 0.349112 0.036547 0.122844 0.057502
0 0.300000 0.729427 0.021701 0.047305
0 0.280710 0.721018 0.020094 0.062022
0 0.117551 0.683700 0.013664 0.048356
0 0.301782 0.722472 0.026912 0.045212
0 0.274011 0.717390 0.021284 0.052060
2 0.352025 0.042551 0.212832 0.076896
1 0.252230 0.222387 0.361515 0.357990
1 0.165271 0.596791 0.169148 0.105426
1 0.409625 0.596770 0.133098 0.146183
1 0.534843 0.361606 0.113272 0.112456
2 0.366818 0.446078 0.664362 0.675982
2 0.786465 0.414797 0.427071 0.692943
1 0.350943 0.267507 0.661995 0.375190
