1 0.074270 0.486082 0.075787 0.080162
1 0.680563 0.543138 0.110432 0.094308
0 0.533973 0.278374 0.597627 0.263040
0 0.403073 0.514873 0.678876 0.195805
1 0.283006 0.076671 0.061388 0.069593
2 0.374185 0.050131 0.074026 0.084928
2 0.621541 0.053670 0.063193 0.077850
2 0.213494 0.756681 0.149858 0.148623
2 0.519078 0.775554 0.091179 0.181651
2 0.815183 0.740757 0.105623 0.168676
2 0.197739 0.125256 0.068799 0.202556
2 0.371294 0.132370 0.069350 0.215227
2 0.614701 0.122802 0.084262 0.215192
2 0.498293 0.637944 0.073924 0.194187
2 0.220018 0.620773 0.066541 0.160886
2 0.199909 0.121111 0.038484 0.186798
2 0.366282 0.149261 0.067272 0.165509
2 0.616967 0.126801 0.031230 0.153265
2 0.497615 0.639713 0.087552 0.127779
2 0.215720 0.625260 0.035939 0.148145
2 0.625695 0.127614 0.099424 0.192856
2 0.366711 0.148890 0.100472 0.216078
2 0.203472 0.146531 0.104469 0.206731
2 0.220653 0.630215 0.105374 0.174317
2 0.499670 0.640265 0.106343 0.201835
