0 0.709356 0.696131 0.050931 0.057502
1 0.605535 0.659770 0.099250 0.177580
0 0.703068 0.687543 0.033280 0.057817
1 0.614185 0.706465 0.107146 0.228113
1 0.330086 0.138284 0.600668 0.229165
2 0.415315 0.610804 0.436702 0.442561
2 0.070180 0.613030 0.069925 0.311043
2 0.282083 0.665789 0.085126 0.340966
2 0.554182 0.662639 0.108840 0.397662
0 0.708321 0.692956 0.025538 0.042522
2 0.694336 0.653584 0.114312 0.418923
2 0.878877 0.662639 0.103975 0.317342
0 0.153528 0.800690 0.230823 0.164969
0 0.409695 0.733503 0.222016 0.264719
1 0.650574 0.757861 0.154092 0.257758
0 0.807434 0.740762 0.162330 0.296056
