0 0.7555208454 0.4441361570 0.0233692798 0.0507372594
0 0.7543355003 0.4384006257 0.0076768915 0.0288899247
0 0.7590269257 0.4767353098 0.0136476727 0.0166672775
0 0.9616103994 0.4761797372 0.0127946932 0.0311121660
1 0.9373003311 0.4584013390 0.0290014558 0.0488906380
1 0.7615859021 0.5317372221 0.0187656256 0.0511129285
0 0.7557770494 0.4407588291 0.0269751945 0.0581619718
1 0.9483237190 0.4546934779 0.0492994646 0.0957249233
2 0.2813865066 0.4892271718 0.0344165485 0.1090537157
2 0.3260350281 0.4680222826 0.0344165485 0.1078420274
2 0.5627651853 0.4134954001 0.0390674539 0.0884546706
2 0.8939083813 0.2977772883 0.0427880648 0.0993600865
2 0.7450799765 0.4074368604 0.0744141835 0.1417698402
2 0.0655853397 0.5201257393 0.0641822460 0.1272293842
0 0.7501680547 0.4402445623 0.0182064770 0.0391328456
2 0.7499220232 0.4132007910 0.0720995368 0.1371058971
2 0.3086301858 0.4904094508 0.0654807770 0.0959996800
1 0.9499731808 0.4523835140 0.0266146559 0.0566421028
2 0.9097544163 0.3107480102 0.0503329025 0.1479809925
1 0.4352058874 0.6205746310 0.0267127509 0.0558484980
1 0.7665335692 0.5452995393 0.0281790316 0.0560704217
