0 0.340744 0.588961 0.022104 0.076669
2 0.611940 0.469513 0.717523 0.564464
1 0.494195 0.101167 0.728575 0.165561
2 0.815511 0.547819 0.092544 0.341522
2 0.556025 0.589916 0.065325 0.314248
0 0.454443 0.586051 0.336858 0.098849
1 0.444021 0.758821 0.284316 0.260454
1 0.653097 0.716018 0.084594 0.076520
1 0.789138 0.709537 0.106274 0.125569
1 0.924094 0.718726 0.138458 0.134940
2 0.818519 0.515361 0.069687 0.218962
2 0.981861 0.501467 0.036278 0.128338
2 0.554512 0.524718 0.044021 0.135681
2 0.182119 0.537839 0.280949 0.247191
