0 0.577381 0.734184 0.030010 0.052429
0 0.859869 0.674991 0.028706 0.049046
0 0.576774 0.738527 0.011354 0.033639
0 0.258045 0.729592 0.019464 0.026280
0 0.241014 0.731694 0.006488 0.043100
0 0.861845 0.679133 0.015409 0.038895
1 0.618136 0.289659 0.012976 0.046253
1 0.643277 0.315939 0.025952 0.105121
0 0.858601 0.164564 0.013787 0.018922
0 0.890636 0.656007 0.014598 0.026280
0 0.570036 0.738286 0.099213 0.064557
0 0.880488 0.672508 0.119344 0.127457
0 0.249569 0.720275 0.067967 0.066761
0 0.855755 0.164612 0.042003 0.060309
1 0.503708 0.377719 0.297317 0.244354
0 0.859518 0.680886 0.030836 0.044547
0 0.580103 0.734349 0.024350 0.048470
0 0.541093 0.734940 0.032450 0.054295
0 0.256152 0.717903 0.020487 0.052565
0 0.236759 0.731513 0.015889 0.050484
