1 0.8423371924 0.2306190368 0.0440450171 0.1041307757
2 0.7172305974 0.2520577277 0.0468563995 0.2058114206
2 0.4777944613 0.2300065133 0.0702845616 0.1641591103
2 0.3100485781 0.2171432926 0.0552905469 0.1776348606
2 0.5710386715 0.7531105042 0.0749702242 0.2425634077
2 0.2308612708 0.7512729030 0.1311978923 0.2731901600
2 0.7188461275 0.2501679820 0.0426338662 0.2300486165
1 0.5790354819 0.9268275599 0.0848723029 0.1078098420
1 0.9157222345 0.1234219397 0.0600512138 0.0994362985
2 0.9032145835 0.7142829157 0.1935708330 0.2784217096
2 0.2467524760 0.7452839267 0.1088927620 0.3004022906
2 0.1391911916 0.1697053940 0.0571563363 0.1947438948
2 0.3109641996 0.2392567911 0.0687092070 0.2797953206
2 0.4705762728 0.2658850455 0.0912069312 0.2551542590
2 0.7104504236 0.2801927628 0.1100563647 0.3266928396
2 0.9393797397 0.2893338050 0.0547241738 0.3433851796
2 0.1784101577 0.7614883915 0.1477551751 0.2400516633
0 0.4825318964 0.6446238856 0.1750477738 0.1816506663
0 0.6882581387 0.6222124407 0.1912893005 0.1509823215
0 0.5646419349 0.3290943269 0.2364047484 0.2276530604
0 0.8236043696 0.3703785681 0.2508416902 0.2866305197
0 0.2375552197 0.3308636819 0.0875238681 0.1368277765
0 0.3345533462 0.3361716363 0.1046677248 0.1710347083
0 0.0778466824 0.2506543190 0.0712823368 0.0802093260
1 0.0810193574 0.2506790899 0.0743963252 0.1337259108
1 0.2883991145 0.3546205705 0.2008700880 0.1543926362
1 0.4795046882 0.6767784119 0.1962203085 0.2054515716
1 0.6836295766 0.6457783115 0.2008700880 0.1312945458
1 0.8375370654 0.3673853351 0.2371382622 0.2285497604
0 0.6892093233 0.3856206955 0.0185990425 0.1118435029
1 0.5576208398 0.3710323703 0.2166793230 0.1750593616
2 0.5642916699 0.7906090029 0.0846298943 0.1491141042
2 0.2524491627 0.7581406132 0.0993480647 0.1803799537
2 0.4736825706 0.1935514265 0.0708314683 0.1190507704
1 0.2285320275 0.3432667640 0.1490220876 0.1755698419
1 0.7183731522 0.3697224648 0.5123784644 0.1996204253
