2 0.329813 0.786966 0.147755 0.137344
2 0.492162 0.749473 0.079654 0.133397
2 0.795881 0.766049 0.127690 0.103403
2 0.517700 0.215488 0.073574 0.088405
2 0.330725 0.196544 0.089991 0.113664
2 0.816005 0.851304 0.106316 0.265650
2 0.508544 0.849532 0.105523 0.238358
2 0.321709 0.859446 0.096815 0.229678
2 0.773991 0.161816 0.087955 0.248642
2 0.511135 0.137303 0.080494 0.236572
2 0.333420 0.146965 0.090290 0.223790
2 0.149415 0.127040 0.093073 0.216381
2 0.480803 0.777619 0.729852 0.072790
1 0.506567 0.614900 0.039374 0.091114
0 0.841017 0.863591 0.079474 0.117399
0 0.328093 0.874856 0.054809 0.258514
1 0.506165 0.627346 0.042367 0.065246
