0 0.274239 0.193998 0.021783 0.031536
0 0.039062 0.728015 0.017749 0.042049
2 0.143845 0.108075 0.053683 0.051601
2 0.300935 0.124129 0.073925 0.033254
2 0.735243 0.106928 0.092406 0.040134
2 0.249892 0.813861 0.088006 0.045867
2 0.448345 0.802967 0.069524 0.042427
2 0.061560 0.836221 0.047523 0.049308
2 0.741844 0.778887 0.112647 0.051601
0 0.419743 0.601150 0.049283 0.067655
0 0.271893 0.192357 0.019361 0.048161
0 0.025478 0.742766 0.058084 0.057334
1 0.207649 0.122409 0.036962 0.178883
1 0.382781 0.141902 0.038722 0.172003
1 0.598834 0.212997 0.041363 0.073388
1 0.859331 0.156236 0.073045 0.083708
