2 0.6770942067 0.7842741935 0.1033402923 0.1774193548
2 0.3999543319 0.6606182796 0.0501043841 0.1559139785
2 0.2167601775 0.6041666667 0.0741127349 0.1129032258
2 0.4625848121 0.1444892473 0.0793319415 0.1505376344
2 0.2652987996 0.0893817204 0.0793319415 0.1612903226
2 0.2935319236 0.1025051491 0.1287180476 0.2029490964
0 0.4025751962 0.5743733478 0.0146950421 0.0336388209
0 0.6434106687 0.1759633403 0.0130622243 0.0231266842
0 0.3099147502 0.0850333424 0.0155114351 0.0262803365
1 0.7238252198 0.5922439944 0.0285737549 0.0840970521
0 0.2205198841 0.5176078222 0.0195933842 0.0315364715
0 0.6426323749 0.1826482845 0.0200843254 0.0454556763
0 0.2186452591 0.5125928694 0.0203125701 0.0358429365
0 0.3061320836 0.0809077396 0.0244896875 0.0320528912
