0 0.802276 0.637678 0.009388 0.036668
0 0.448504 0.224886 0.011949 0.024445
0 0.191603 0.217108 0.013656 0.040001
1 0.221475 0.608233 0.034140 0.046668
1 0.166852 0.633789 0.032433 0.042224
1 0.101133 0.568232 0.029019 0.046668
1 0.239398 0.284333 0.087056 0.052224
1 0.089184 0.298222 0.099005 0.095559
2 0.079891 0.691871 0.119311 0.322691
2 0.251716 0.639366 0.093264 0.222055
1 0.228641 0.614693 0.027493 0.044594
2 0.076144 0.643811 0.077309 0.088570
2 0.252924 0.661257 0.082463 0.112726
2 0.533299 0.676019 0.084525 0.107358
2 0.194169 0.180160 0.074217 0.060389
1 0.093667 0.559938 0.064940 0.068441
2 0.461207 0.117782 0.056088 0.174648
2 0.696313 0.184110 0.056811 0.140914
2 0.939554 0.209664 0.054124 0.222186
2 0.205521 0.176653 0.049234 0.129648
2 0.033212 0.165295 0.028913 0.173459
2 0.092400 0.672263 0.086736 0.215922
2 0.266065 0.675910 0.090744 0.200779
2 0.531761 0.631541 0.067939 0.141216
2 0.807865 0.628078 0.070772 0.116582
1 0.298997 0.329738 0.075503 0.055751
1 0.591221 0.310347 0.095082 0.160665
1 0.804126 0.316176 0.088113 0.110686
1 0.360712 0.544050 0.065630 0.047426
2 0.630694 0.451876 0.363245 0.370785
