0 0.3752880935 0.1041963975 0.0337075815 0.0642672217
0 0.5729959116 0.1151894737 0.0298182248 0.0693409416
0 0.5718566895 0.1167340071 0.0136989723 0.0409973465
0 0.3736244225 0.1056962760 0.0185339015 0.0462534077
0 0.5424441689 0.1524752739 0.0386794713 0.0599191940
0 0.3349449701 0.1398607109 0.0201455698 0.0304851994
0 0.5440558183 0.8851713264 0.0225630533 0.0283827281
0 0.7160988822 0.9261686112 0.0378736183 0.0515094320
1 0.4924832087 0.1551033045 0.0709123830 0.0925068031
1 0.1673340033 0.3038500538 0.0523784437 0.0452021782
1 0.1351011152 0.2770441206 0.1023394322 0.1387602231
0 0.3740054482 0.1060120177 0.0434015516 0.0577979203
0 0.5688604491 0.1178075146 0.0388806039 0.0483615364
0 0.5458033700 0.8951307059 0.0289344055 0.0507206093
0 0.5277194469 0.1307825696 0.0307427468 0.0460024512
2 0.3559933311 0.1072254381 0.1211296152 0.1897869357
2 0.5498648345 0.0984467474 0.1051071876 0.1839344752
2 0.3303574411 0.8893649790 0.0737032013 0.1571803671
0 0.2637322063 0.2891375121 0.2322195047 0.1694330514
0 0.6274964702 0.2502084710 0.1484245749 0.1958579709
2 0.3320226900 0.8654145963 0.0935917621 0.2632465517
1 0.5399431447 0.8073396945 0.0663129777 0.1944000786
1 0.4622891547 0.2319937600 0.1524447320 0.1835269589
1 0.7160635839 0.8228182939 0.1633789818 0.2335333262
0 0.3746325419 0.1053836373 0.0338618512 0.0467565657
2 0.4754993356 0.5531081784 0.8280133983 0.6816151855
0 0.2545906185 0.2772025014 0.1312458806 0.1199657828
0 0.6179720380 0.2620611915 0.2169574938 0.1572366816
0 0.3824633147 0.1294735491 0.0935193514 0.1495075626
0 0.5768368370 0.1372479422 0.0788496366 0.1196060489
0 0.5511648834 0.8943542086 0.0586787835 0.1124296173
0 0.7299518597 0.9320301555 0.0513439828 0.1016651456
2 0.5589581469 0.0601020415 0.5161900759 0.1160178714
