0 0.7172715131 0.3939546524 0.0136503332 0.0266675641
0 0.7351874667 0.4156220467 0.0170629354 0.0233341340
0 0.1981341005 0.7845237486 0.0332725501 0.0366679530
1 0.4472517740 0.3139518738 0.0349788890 0.0511129072
1 0.2092249584 0.8234139965 0.1015239987 0.1100038098
0 0.4078806780 0.2662728710 0.0232588163 0.0508917286
0 0.7190833313 0.3995607684 0.0241891205 0.0533151442
2 0.7074539610 0.3056533813 0.0232588919 0.0860312677
2 0.7586233039 0.3117119205 0.0344229211 0.0981483459
2 0.9163179285 0.3789617354 0.0204676767 0.1478284036
2 0.9605096114 0.3819909865 0.0269801845 0.1223824778
1 0.2360531078 0.8209291274 0.0657490355 0.1030445222
