0 0.638722 0.226582 0.239009 0.294657
0 0.363862 0.167134 0.258926 0.276564
0 0.454984 0.512193 0.210128 0.124066
1 0.547926 0.560872 0.068854 0.105121
1 0.479477 0.117260 0.042123 0.088302
2 0.235011 0.085864 0.078935 0.126071
2 0.514097 0.116228 0.062360 0.152543
2 0.095439 0.616782 0.069533 0.204616
2 0.294442 0.654566 0.070746 0.183992
2 0.598712 0.656864 0.083310 0.160959
2 0.902481 0.635812 0.103017 0.164272
1 0.319097 0.832278 0.031894 0.052261
1 0.605114 0.841848 0.037381 0.033791
0 0.869950 0.604375 0.015430 0.049151
1 0.476120 0.119237 0.032965 0.076457
1 0.558533 0.581165 0.018236 0.201155
