0 0.3262785202 0.6851382291 0.0310690167 0.0388985947
0 0.3161579443 0.6864746921 0.0369401426 0.1012286480
0 0.0927149798 0.6523394672 0.0279303701 0.0847495283
0 0.6161841416 0.1520819661 0.0261283681 0.0517913611
0 0.7441232362 0.1361914373 0.0351381960 0.0623850470
0 0.3241887867 0.6937970695 0.0353812597 0.0622239556
0 0.0901681834 0.6653033758 0.0144835127 0.0409973765
1 0.3251229065 0.6574192474 0.0305763011 0.0672777493
1 0.7033034494 0.6169475180 0.0933382423 0.1019677321
1 0.9068772653 0.6211523851 0.0273576864 0.1103774662
2 0.5018174469 0.5381897386 0.8607456859 0.4364326917
