2 0.839926 0.827387 0.100294 0.281830
2 0.830613 0.180048 0.104593 0.279964
0 0.646201 0.740465 0.013718 0.018922
1 0.694619 0.738888 0.036314 0.047305
1 0.469877 0.837702 0.088767 0.150324
1 0.413389 0.749400 0.062944 0.110377
1 0.422266 0.213281 0.033893 0.139811
1 0.121669 0.238511 0.055681 0.171348
1 0.699461 0.266893 0.039542 0.034690
2 0.818893 0.805640 0.144448 0.327979
2 0.477543 0.764117 0.426889 0.379488
0 0.413349 0.163350 0.058261 0.199222
0 0.652308 0.118288 0.068274 0.161275
2 0.839380 0.154456 0.109239 0.257328
2 0.663687 0.150899 0.101956 0.252585
2 0.420176 0.175801 0.079198 0.252585
2 0.658681 0.738484 0.068274 0.225310
2 0.817077 0.820901 0.133817 0.240726
0 0.641840 0.749750 0.036413 0.074708
1 0.423620 0.214531 0.038031 0.048362
2 0.841504 0.837333 0.127674 0.225294
