1 0.772287 0.565602 0.057338 0.087251
1 0.928151 0.233418 0.029881 0.062022
1 0.529609 0.209766 0.054916 0.086200
2 0.688299 0.183486 0.299613 0.338491
2 0.582457 0.179271 0.069317 0.295223
2 0.894991 0.687402 0.066885 0.220823
2 0.699201 0.635560 0.115529 0.296014
2 0.799528 0.231508 0.086342 0.368039
2 0.946979 0.283746 0.060196 0.333214
0 0.410134 0.269499 0.196835 0.130960
2 0.688716 0.235391 0.238065 0.394222
1 0.903794 0.592606 0.111694 0.235900
0 0.914150 0.332295 0.062297 0.218121
2 0.675345 0.210450 0.326680 0.330227
2 0.944957 0.308655 0.099560 0.344282
2 0.892572 0.724902 0.085760 0.196696
1 0.820620 0.577991 0.128924 0.104824
2 0.711396 0.317562 0.431740 0.388773
