1 0.3476392831 0.8201500768 0.1165637685 0.1794750572
2 0.3052632987 0.7116168299 0.1515009723 0.4016842406
2 0.5786237005 0.6928330451 0.1295442724 0.3251041532
2 0.9491423707 0.7076433251 0.0867288504 0.3749533900
2 0.4749737213 0.9083846194 0.5098782155 0.1629054922
1 0.3436069204 0.8168571758 0.1048275392 0.2205028218
0 0.5432095029 0.7989101796 0.0849236446 0.0961467446
0 0.2899882188 0.8591708376 0.0529097372 0.0512796476
2 0.5845346024 0.6618037496 0.0998827806 0.1805216097
0 0.8686100974 0.4117180981 0.0754877347 0.0461939840
0 0.3006178301 0.6767206444 0.1128251090 0.1686728462
0 0.0665654026 0.6880867093 0.1298853688 0.2748427698
