1 0.606651 0.328649 0.148540 0.161738
0 0.866344 0.261146 0.178855 0.073043
0 0.860255 0.257254 0.018353 0.042281
0 0.818961 0.275012 0.035395 0.057502
0 0.624946 0.294461 0.032773 0.059193
1 0.166783 0.777311 0.049815 0.098092
0 0.382106 0.325756 0.013521 0.069774
0 0.415231 0.781902 0.017577 0.064541
0 0.695110 0.799346 0.022985 0.075007
2 0.845866 0.255110 0.040562 0.120360
2 0.884400 0.857781 0.060843 0.118615
2 0.709307 0.842954 0.073012 0.088962
2 0.413203 0.846443 0.059491 0.050586
2 0.652520 0.253366 0.051379 0.078495
0 0.824417 0.278777 0.015503 0.045557
0 0.859729 0.262665 0.008613 0.026668
0 0.629339 0.291000 0.014642 0.030001
0 0.350717 0.265443 0.020670 0.023334
1 0.802885 0.296000 0.043064 0.084447
1 0.603501 0.312667 0.069763 0.102226
1 0.169420 0.780461 0.043925 0.091114
1 0.170520 0.786913 0.041774 0.106642
0 0.860241 0.259438 0.016888 0.033254
0 0.630482 0.292118 0.019554 0.036694
1 0.636205 0.735205 0.337148 0.361828
1 0.259478 0.449238 0.124317 0.160385
