1 0.7811850271 0.2491869473 0.1125803301 0.0788410328
1 0.7556721803 0.6518018296 0.0372567378 0.0662264371
1 0.5949010541 0.7306428869 0.1449775412 0.1335041826
1 0.2709289816 0.1982030822 0.0429263056 0.0735849820
2 0.2510856979 0.7322197022 0.4487013616 0.3469006328
2 0.8762047628 0.1075115526 0.2180391600 0.1543605792
2 0.0590085995 0.1034186819 0.0973067106 0.1695627345
0 0.2930053541 0.2566305643 0.1259244062 0.2395948450
0 0.5028403308 0.2782001403 0.1007239103 0.1543290511
0 0.6863045894 0.1757698059 0.0692818691 0.0938734340
0 0.6396876068 0.5967315821 0.1831131549 0.2654176181
2 0.0929228638 0.7162252233 0.1027524394 0.1528100645
2 0.2261031745 0.1334407364 0.1032206154 0.1509872719
2 0.5620575708 0.1359723655 0.0946383417 0.1230379679
2 0.4519712955 0.7114150927 0.0918297022 0.1312402796
0 0.6349811223 0.5744170405 0.2075769694 0.1957428912
0 0.4861192159 0.2905289777 0.0916344049 0.1507837415
0 0.2743471207 0.2824372616 0.1139301461 0.1712913329
1 0.1241745913 0.5862870024 0.1185468480 0.2023399955
1 0.4280334548 0.6278821911 0.1042067005 0.2067753643
1 0.6185820890 0.2601160734 0.1503733216 0.2507687137
0 0.6248821135 0.5541486755 0.1343601501 0.1077096051
1 0.4845942836 0.2908585897 0.0645455486 0.1008708665
0 0.2764677706 0.2754715015 0.0961597149 0.1589998500
1 0.6900862701 0.1857135300 0.0935252452 0.0615483282
