1 0.6298963377 0.6944583865 0.2160605607 0.1928067173
1 0.6708311876 0.7122465927 0.2562347445 0.2459839758
1 0.4045632087 0.7169770624 0.1805992004 0.0893531075
1 0.6345570064 0.2696856172 0.5232746087 0.4183830818
0 0.1277376320 0.7387785751 0.0821145028 0.1422357044
1 0.7248524689 0.7254059952 0.4837612467 0.1981574511
2 0.4904917628 0.4827796212 0.1051936012 0.2951069407
2 0.5205267184 0.6901309271 0.1244243201 0.2167191777
2 0.1438711847 0.7234905605 0.0892636462 0.1904219356
2 0.7356433603 0.5704292019 0.0717189253 0.1506546800
0 0.7945352863 0.7485268920 0.0671791657 0.1312075427
2 0.4883271245 0.6883274496 0.7604511748 0.1240003600
1 0.6203905046 0.7103203544 0.0761506795 0.1368228662
