1 0.706118 0.367455 0.067258 0.042049
1 0.317667 0.364826 0.059023 0.030486
2 0.198702 0.328068 0.105352 0.108348
2 0.219772 0.636398 0.090301 0.091058
1 0.388334 0.605853 0.135452 0.082990
2 0.846614 0.775867 0.058696 0.077226
2 0.811246 0.602972 0.072241 0.061090
2 0.242347 0.821396 0.069231 0.085295
1 0.523715 0.501782 0.154230 0.603533
0 0.695360 0.344211 0.133686 0.474052
1 0.362296 0.750973 0.157374 0.149842
0 0.682741 0.353929 0.201732 0.429195
0 0.361367 0.690390 0.179504 0.271317
1 0.361459 0.332984 0.172940 0.192929
2 0.241302 0.336682 0.157217 0.067561
2 0.295106 0.821490 0.152256 0.046872
2 0.803603 0.775281 0.148268 0.029676
2 0.840618 0.951921 0.170479 0.033610
2 0.771382 0.603966 0.147112 0.030826
2 0.764097 0.346452 0.143302 0.029854
2 0.736497 0.063442 0.173182 0.106678
2 0.363455 0.043614 0.254064 0.071095
1 0.345547 0.739451 0.204840 0.120079
1 0.685231 0.481057 0.189026 0.190776
1 0.678206 0.236509 0.173955 0.211078
2 0.279279 0.637698 0.147295 0.070375
1 0.382119 0.605736 0.151190 0.085010
1 0.367609 0.338876 0.125822 0.155128
1 0.829747 0.677779 0.049559 0.044091
