0 0.665530 0.447902 0.018322 0.047257
0 0.378918 0.257366 0.018322 0.038208
0 0.059588 0.485104 0.010470 0.135738
1 0.889808 0.535828 0.228249 0.081783
1 0.159335 0.558348 0.122962 0.122082
2 0.305353 0.609907 0.138333 0.094821
1 0.517463 0.559830 0.255147 0.129787
2 0.700369 0.585313 0.076851 0.094229
1 0.902104 0.117469 0.137564 0.102526
1 0.279608 0.172880 0.102212 0.143417
1 0.670896 0.454826 0.137592 0.126287
0 0.595969 0.257394 0.152828 0.083520
1 0.322502 0.264855 0.200335 0.107170
1 0.804138 0.242576 0.177578 0.125382
1 0.155410 0.518712 0.151827 0.163283
1 0.140397 0.499779 0.179015 0.208252
