1 0.448205 0.707750 0.126020 0.286657
1 0.158288 0.744744 0.152330 0.199713
1 0.754785 0.750843 0.101479 0.175306
2 0.588799 0.610515 0.110291 0.183123
2 0.132507 0.610260 0.090375 0.138214
2 0.406167 0.603704 0.051457 0.205398
2 0.968331 0.557996 0.040333 0.157467
1 0.268133 0.603951 0.088008 0.155166
0 0.139968 0.765021 0.044327 0.064620
0 0.611962 0.763604 0.059567 0.085238
2 0.778411 0.596581 0.071129 0.149468
0 0.793226 0.718526 0.076423 0.083191
1 0.861550 0.535568 0.076123 0.226646
1 0.486852 0.628759 0.203115 0.420629
0 0.406888 0.628234 0.017966 0.062224
1 0.402611 0.725459 0.019677 0.087781
1 0.421860 0.604344 0.018822 0.067780
