0 0.823621 0.609032 0.028731 0.059194
0 0.822796 0.612217 0.016235 0.023127
0 0.291924 0.634293 0.011364 0.012615
1 0.253773 0.603282 0.040587 0.047305
0 0.280154 0.591193 0.008929 0.018922
1 0.558172 0.184899 0.043833 0.036792
1 0.299230 0.495532 0.040587 0.037844
2 0.682367 0.699468 0.418853 0.302750
0 0.290651 0.619706 0.035522 0.073132
0 0.824853 0.610859 0.021860 0.050721
1 0.297027 0.492315 0.048274 0.047182
2 0.285504 0.652160 0.076916 0.213447
2 0.546012 0.664018 0.090651 0.227677
2 0.830328 0.650381 0.095230 0.169572
2 0.127551 0.649789 0.066844 0.201589
2 0.189817 0.120914 0.046699 0.156528
2 0.332203 0.156488 0.038458 0.147041
2 0.581266 0.130400 0.045784 0.147041
1 0.454723 0.339338 0.782187 0.277760
2 0.480098 0.670109 0.844568 0.174880
