0 0.527130 0.414550 0.046272 0.052430
0 0.548063 0.406094 0.048476 0.042282
0 0.580013 0.787479 0.050679 0.057504
0 0.609760 0.791707 0.039662 0.055812
0 0.193307 0.751962 0.030848 0.057504
0 0.220850 0.769721 0.046273 0.055812
0 0.561854 0.528810 0.020543 0.015768
0 0.193446 0.754295 0.023282 0.033639
0 0.222206 0.765859 0.031500 0.025229
0 0.578974 0.793190 0.041086 0.033639
0 0.606365 0.793190 0.021913 0.039946
0 0.857677 0.779524 0.006848 0.035741
0 0.538572 0.409497 0.023282 0.031536
0 0.188652 0.409497 0.030130 0.035741
0 0.787145 0.427893 0.021913 0.036792
2 0.344096 0.817894 0.593015 0.259650
0 0.218037 0.773453 0.025235 0.032935
0 0.193751 0.748752 0.033864 0.035793
0 0.587018 0.788235 0.048539 0.033979
0 0.611369 0.788842 0.017747 0.047163
0 0.182800 0.411012 0.030605 0.051291
0 0.535371 0.412797 0.033033 0.035662
0 0.559021 0.414161 0.022660 0.037876
0 0.554046 0.401106 0.022720 0.044844
0 0.530784 0.411901 0.047605 0.041522
0 0.220812 0.768993 0.014065 0.046505
0 0.188895 0.748647 0.028130 0.040692
0 0.578389 0.787263 0.038949 0.043183
0 0.614634 0.782280 0.024884 0.039861
0 0.183486 0.404427 0.025966 0.034879
0 0.560537 0.530240 0.022720 0.012457
1 0.167257 0.439306 0.056260 0.038201
