1 0.210479 0.309839 0.279071 0.166669
2 0.469912 0.828665 0.434111 0.287639
2 0.819268 0.793046 0.140569 0.194896
2 0.553117 0.222472 0.131267 0.131723
2 0.350015 0.183493 0.256332 0.244628
2 0.701438 0.192902 0.161241 0.145164
2 0.881284 0.157283 0.126099 0.154573
1 0.219886 0.225896 0.103526 0.141914
2 0.487192 0.799859 0.363148 0.362669
2 0.500787 0.872764 0.306073 0.140170
2 0.329386 0.154798 0.174976 0.144222
2 0.504565 0.802336 0.276099 0.137104
2 0.820565 0.788030 0.069713 0.127566
2 0.341749 0.210406 0.104569 0.085839
2 0.548135 0.237827 0.034856 0.095376
2 0.697650 0.225904 0.044029 0.095376
2 0.545795 0.640308 0.837129 0.604198
