0 0.2711744556 0.2378045575 0.0220164710 0.0473547836
2 0.7947602337 0.7194408451 0.3614350308 0.3237738190
1 0.6248957348 0.3600146130 0.1073161008 0.1141577129
2 0.8894728388 0.8865310632 0.2210543223 0.1025000473
1 0.5943519206 0.6076672225 0.1591899103 0.1922614811
0 0.6117821353 0.3633793053 0.0945413068 0.1166957212
0 0.5794049653 0.5790127438 0.1748366008 0.1589768281
0 0.0820918679 0.6331325035 0.0530985348 0.1589768281
2 0.7019747627 0.7399942985 0.2038729636 0.1932946945
2 0.6956418182 0.2250371814 0.0579536730 0.1135219546
0 0.6244695826 0.3686585507 0.0586517673 0.0976604865
2 0.4477341585 0.1698948088 0.0616376238 0.1648530937
2 0.6762123061 0.1581217509 0.0707015708 0.1381997392
2 0.8931106171 0.1236126217 0.0664566474 0.1547334038
2 0.2878235108 0.1650133048 0.0663779392 0.2282976792
2 0.1332479885 0.1526659488 0.0408479481 0.1990085937
1 0.8327182539 0.7257617030 0.1339594177 0.1029923680
2 0.9510726269 0.6332456821 0.0650030450 0.1469531979
2 0.6908845465 0.7232075861 0.0701044222 0.1546366817
2 0.4337956602 0.7412314057 0.0791174437 0.1180087406
2 0.2517366728 0.7502569240 0.0494119576 0.1755592278
2 0.0987443393 0.7772941682 0.0385472471 0.0966751062
0 0.0861066575 0.6219713459 0.0347976024 0.0941058660
2 0.5838368985 0.9226242694 0.0753863020 0.1454902754
0 0.6003237655 0.5824839890 0.1011384980 0.0925341738
