0 0.6794829038 0.5540669103 0.0376342925 0.0507372456
2 0.6510710386 0.5231019051 0.1171638564 0.1101060437
0 0.6943477215 0.5485638526 0.0538321013 0.0977188603
0 0.9424356895 0.3094946215 0.1151286210 0.1128585569
1 0.2514141763 0.7642353919 0.1013625872 0.1651228874
1 0.3831855472 0.7402925799 0.1140329342 0.1568667996
1 0.5618371303 0.7180009903 0.2128615049 0.1915425947
1 0.8006727389 0.5875538734 0.2394690939 0.2080549179
2 0.6391260884 0.4851776369 0.1114988421 0.0891664074
2 0.9082553221 0.3316133068 0.1834893557 0.1023762365
0 0.6796062583 0.5507210516 0.0193589465 0.0262803601
0 0.9486155368 0.2984297352 0.0233921013 0.0494070484
1 0.4315692788 0.6532144116 0.0588835915 0.0946092667
1 0.4198732093 0.7714759581 0.0419444849 0.0725336875
1 0.6820261738 0.5838342728 0.0338781376 0.0756873838
0 0.9499931335 0.3006904356 0.0368900866 0.0453306137
0 0.6760212738 0.5555781457 0.0302387653 0.0357053203
2 0.6289287983 0.6473135794 0.1939546944 0.5170809592
