0 0.620623 0.683424 0.020488 0.037304
0 0.785551 0.650783 0.014342 0.033307
0 0.593989 0.316376 0.020488 0.049295
0 0.344035 0.720062 0.014342 0.033307
0 0.077179 0.688087 0.029708 0.065283
0 0.622566 0.675465 0.027733 0.041046
0 0.074748 0.684118 0.021928 0.065844
2 0.494822 0.665229 0.345854 0.221256
0 0.469070 0.617322 0.290048 0.219407
2 0.483551 0.614970 0.333144 0.299332
0 0.618030 0.670923 0.037523 0.045036
0 0.784489 0.650219 0.014771 0.035172
0 0.764943 0.650306 0.022656 0.024140
0 0.342084 0.718588 0.020956 0.046074
0 0.067336 0.679082 0.027743 0.059637
