2 0.272177 0.818208 0.019778 0.218496
2 0.600845 0.764831 0.084941 0.177317
2 0.795576 0.726874 0.069515 0.165395
2 0.709285 0.166234 0.105175 0.184361
2 0.895937 0.124419 0.127707 0.142516
1 0.349421 0.644805 0.020149 0.025229
1 0.326854 0.635869 0.008866 0.038895
2 0.442108 0.772527 0.373166 0.396308
2 0.679468 0.218537 0.462629 0.335337
1 0.209257 0.546592 0.021642 0.056455
2 0.329274 0.810906 0.076732 0.092382
2 0.600788 0.814755 0.080667 0.107779
0 0.564881 0.155253 0.026561 0.056456
2 0.698179 0.112269 0.076732 0.088532
2 0.864432 0.098156 0.084602 0.047474
1 0.771468 0.322053 0.038366 0.071852
2 0.594501 0.844392 0.060702 0.075620
