0 0.7106595353 0.7304786276 0.0210123571 0.0494069506
0 0.6831819763 0.7299529762 0.0145469337 0.0252291267
0 0.5122550620 0.6999934191 0.0153551037 0.0473046332
0 0.2257606186 0.7341578581 0.0242449265 0.0357413314
2 0.2481881355 0.2409544499 0.0850350087 0.1363895388
2 0.5157190682 0.2249681057 0.0953742502 0.1942685025
2 0.7066909529 0.2693898155 0.0949801321 0.1479413990
2 0.8856922899 0.2505297413 0.1199984078 0.1827906726
0 0.2178863636 0.7445601337 0.0704128963 0.0767731721
0 0.5127478046 0.6993438042 0.0310133899 0.0576681805
0 0.7012804663 0.7319487394 0.0672380241 0.0881997930
2 0.5224805390 0.7218778974 0.0771042985 0.1865387477
2 0.2256112502 0.7410028706 0.1066025041 0.1786381316
2 0.8802445621 0.7561575953 0.0347970000 0.1754426139
2 0.7109622431 0.3150520556 0.0819854341 0.1720029557
