1 0.526604 0.742856 0.089635 0.091114
2 0.473249 0.775635 0.344883 0.330012
1 0.519625 0.745328 0.054373 0.081389
1 0.907941 0.780714 0.053467 0.050721
1 0.518413 0.723657 0.054373 0.076151
2 0.477916 0.733107 0.118909 0.205075
2 0.750606 0.743703 0.082266 0.161678
2 0.922481 0.741278 0.074453 0.141296
2 0.455955 0.198362 0.064535 0.128849
1 0.523055 0.341362 0.084587 0.087640
2 0.699153 0.185245 0.060655 0.112574
2 0.857566 0.255242 0.105085 0.229463
1 0.512609 0.360346 0.078407 0.092882
2 0.705102 0.118969 0.095145 0.112375
0 0.760162 0.613764 0.057263 0.108935
