2 0.6969868276 0.6369534366 0.1933592280 0.1976282056
2 0.9148562999 0.6448375224 0.1416151803 0.1944745713
2 0.4273732462 0.7352418959 0.3240809310 0.1776551125
0 0.3671720085 0.6170414165 0.0130650259 0.1765076969
1 0.8233599471 0.5346711453 0.1589580799 0.1059046182
2 0.6241179783 0.7666526520 0.1785556554 0.0958184640
0 0.6844675422 0.5743506525 0.0196523406 0.0216736067
0 0.7424888060 0.5750730909 0.0308823195 0.0346778009
0 0.9090659936 0.5981915934 0.0327539337 0.0664657347
0 0.9577289906 0.6119182071 0.0271389932 0.0505717489
2 0.3274496333 0.6083059583 0.1310157592 0.3135448962
2 0.7045878109 0.6043324524 0.1422456646 0.2824793252
2 0.9333974676 0.5963854784 0.0907751484 0.2232381639
2 0.6844242396 0.5645662518 0.2842129972 0.4619178819
