0 0.697685 0.763781 0.026043 0.054120
0 0.741958 0.731647 0.033856 0.057502
0 0.726271 0.769056 0.147452 0.088863
0 0.698032 0.766384 0.021044 0.045202
0 0.738500 0.739578 0.021044 0.027331
1 0.448339 0.681236 0.055847 0.080943
1 0.666466 0.674403 0.030756 0.056766
1 0.638947 0.281775 0.043706 0.091456
2 0.404633 0.209241 0.303516 0.371078
0 0.700150 0.763615 0.027915 0.038864
0 0.736508 0.740637 0.023701 0.039064
2 0.406249 0.092209 0.238584 0.098448
1 0.200900 0.281071 0.116066 0.204236
1 0.365170 0.325444 0.150698 0.168981
1 0.560797 0.359483 0.165674 0.234628
2 0.362362 0.690151 0.203115 0.278393
1 0.342706 0.824713 0.287356 0.350575
