0 0.767098 0.597295 0.033176 0.022223
0 0.643770 0.035609 0.037503 0.025556
2 0.252157 0.781328 0.213049 0.130079
2 0.203235 0.071973 0.263550 0.131295
2 0.769789 0.255542 0.203581 0.094824
2 0.776101 0.576484 0.254081 0.104549
2 0.750851 0.746073 0.165705 0.079020
2 0.199674 0.777528 0.123472 0.142052
0 0.772113 0.594079 0.044719 0.019682
2 0.314134 0.786401 0.274375 0.152964
0 0.645246 0.919896 0.151848 0.050090
0 0.888149 0.091424 0.045766 0.051059
2 0.386300 0.327428 0.386645 0.340072
2 0.508606 0.422091 0.236722 0.744002
