0 0.528265 0.648776 0.025916 0.037207
0 0.239297 0.664843 0.015550 0.038899
0 0.195887 0.222583 0.022029 0.037207
0 0.529933 0.652327 0.012082 0.027332
0 0.239977 0.673877 0.012081 0.026280
0 0.194470 0.219753 0.008054 0.026280
0 0.830360 0.486761 0.018525 0.024178
1 0.260918 0.593985 0.021747 0.059919
2 0.714780 0.663365 0.449432 0.265957
2 0.474358 0.710144 0.271431 0.374232
0 0.527254 0.652143 0.033439 0.043643
0 0.234435 0.671016 0.033439 0.046002
2 0.548944 0.681042 0.120201 0.200523
2 0.254318 0.714070 0.094895 0.207601
2 0.206418 0.203325 0.073205 0.219396
2 0.052326 0.166169 0.059648 0.222935
2 0.473480 0.146707 0.083146 0.193446
2 0.694450 0.159682 0.098510 0.191087
2 0.838149 0.645066 0.112970 0.109698
0 0.529827 0.650552 0.040794 0.030883
