2 0.503002 0.128719 0.092167 0.126843
2 0.813396 0.195368 0.068266 0.064036
2 0.358747 0.819122 0.065535 0.068779
2 0.546130 0.227473 0.336465 0.401564
1 0.848207 0.646506 0.019639 0.110568
0 0.078432 0.713670 0.014729 0.078586
1 0.287095 0.271396 0.035070 0.111482
2 0.364248 0.803221 0.082764 0.065793
2 0.647259 0.797738 0.073646 0.126103
0 0.786485 0.205146 0.028056 0.075845
2 0.804721 0.211999 0.077153 0.126103
2 0.507332 0.162198 0.070139 0.148948
0 0.642436 0.501111 0.715127 0.547060
2 0.511154 0.509621 0.911656 0.136157
