2 0.595818 0.780693 0.147987 0.169124
1 0.483194 0.729592 0.116996 0.051509
2 0.430344 0.755872 0.527694 0.312211
2 0.280413 0.745262 0.089200 0.134000
2 0.586242 0.738739 0.138351 0.196850
2 0.260843 0.144633 0.077368 0.194478
2 0.496014 0.141780 0.056136 0.093665
2 0.262607 0.098797 0.069924 0.100080
2 0.081888 0.062229 0.063030 0.050040
2 0.102570 0.676183 0.059091 0.084683
2 0.281811 0.750601 0.055151 0.084683
2 0.572832 0.757017 0.089621 0.087249
1 0.703816 0.374659 0.048257 0.074419
1 0.536393 0.408019 0.069924 0.079551
1 0.182342 0.499118 0.118181 0.059022
1 0.185253 0.609177 0.138701 0.143853
