1 0.3312971956 0.5334039607 0.0656636556 0.0433348134
1 0.6041851150 0.2156151304 0.6097339826 0.3633459615
2 0.7355572589 0.4126816718 0.3396985414 0.1593894743
0 0.9458887292 0.7922348035 0.0598432910 0.0928815401
0 0.7843999350 0.7119667613 0.0536829300 0.0997616924
1 0.3254548535 0.5428305479 0.0369620149 0.0435740850
0 0.4205818908 0.5445858620 0.2782147183 0.2289124273
0 0.6584666293 0.6850834062 0.1440107337 0.3233340107
0 0.8611970334 0.7365063860 0.0933537433 0.2468943876
2 0.7664796243 0.4280118858 0.4543552528 0.3591210721
