0 0.928371 0.228503 0.046901 0.072723
0 0.551207 0.190450 0.045598 0.060885
0 0.552364 0.191370 0.017815 0.040997
0 0.171767 0.598190 0.027533 0.049407
0 0.934175 0.233944 0.031582 0.058868
0 0.894091 0.238149 0.012957 0.035741
0 0.649537 0.682287 0.014576 0.030485
1 0.322386 0.722233 0.064782 0.085148
1 0.883564 0.252866 0.029152 0.033639
1 0.135732 0.557193 0.057494 0.112480
1 0.672220 0.314323 0.340045 0.185250
2 0.090446 0.831949 0.178683 0.323544
0 0.175293 0.599147 0.039821 0.046143
0 0.614343 0.282131 0.514853 0.324147
1 0.144777 0.466658 0.189483 0.244387
0 0.362095 0.626653 0.226885 0.231913
1 0.666901 0.656704 0.081353 0.219512
2 0.811894 0.662693 0.119351 0.264895
2 0.646801 0.100196 0.245800 0.074569
2 0.535623 0.824826 0.322099 0.087834
0 0.926788 0.236206 0.027235 0.061335
2 0.831651 0.665535 0.107823 0.229826
2 0.548643 0.737916 0.331589 0.162837
2 0.655006 0.141240 0.233664 0.214719
2 0.913135 0.204200 0.050344 0.210350
2 0.163194 0.620543 0.077191 0.120727
0 0.544331 0.187146 0.039109 0.065816
0 0.889974 0.238415 0.022464 0.053973
0 0.931001 0.238985 0.029119 0.056828
2 0.561468 0.774989 0.186077 0.216058
