1 0.770255 0.651670 0.085856 0.121941
2 0.650916 0.564214 0.114673 0.131917
2 0.366778 0.566174 0.104406 0.152751
2 0.873623 0.717693 0.079728 0.216807
2 0.676200 0.595123 0.250575 0.252531
2 0.665626 0.590193 0.185541 0.026175
0 0.554229 0.730443 0.356064 0.270744
1 0.876054 0.759106 0.079860 0.308572
2 0.598725 0.689822 0.096082 0.307976
1 0.154610 0.606042 0.115611 0.188785
2 0.667926 0.527106 0.174275 0.107385
1 0.686307 0.627426 0.379627 0.618444
2 0.366491 0.559423 0.028670 0.084683
1 0.750567 0.624860 0.039545 0.082117
2 0.872661 0.688372 0.024715 0.083400
2 0.662580 0.589575 0.195745 0.139856
