2 0.340195 0.756494 0.058915 0.170897
2 0.604280 0.774660 0.078554 0.169552
2 0.777925 0.758512 0.121965 0.139947
2 0.940201 0.248512 0.084755 0.118417
2 0.788778 0.270715 0.098192 0.138602
0 0.068483 0.675631 0.022202 0.030001
1 0.620124 0.740633 0.029034 0.020001
2 0.157586 0.164277 0.109478 0.264907
2 0.381486 0.202688 0.086130 0.267490
2 0.592621 0.199644 0.065459 0.270484
2 0.775822 0.207128 0.085798 0.229270
2 0.923843 0.188253 0.069030 0.244888
2 0.587797 0.824525 0.094867 0.146460
2 0.770516 0.819967 0.090779 0.140745
2 0.941267 0.807924 0.064265 0.115297
2 0.322882 0.837162 0.110966 0.179943
0 0.065930 0.687927 0.038719 0.067941
2 0.773428 0.791369 0.073080 0.075389
2 0.589740 0.837630 0.059913 0.080529
2 0.940985 0.761813 0.068471 0.057398
2 0.932427 0.219527 0.055304 0.086526
2 0.596653 0.263647 0.098757 0.094236
2 0.770794 0.241801 0.070447 0.088239
2 0.381363 0.252510 0.061888 0.082242
2 0.147968 0.154419 0.107316 0.101946
0 0.499367 0.418829 0.147134 0.107982
0 0.254716 0.377179 0.151447 0.160105
0 0.225168 0.617169 0.148525 0.123706
0 0.555137 0.660661 0.253404 0.196960
