2 0.6390872500 0.0712171669 0.0859427467 0.0422810658
0 0.6631772449 0.1236456814 0.0403670746 0.0591934878
0 0.0648335284 0.3198298198 0.0338562238 0.0422810627
0 0.3330790391 0.7392579596 0.0208346167 0.0355160878
0 0.1644489711 0.8009883283 0.0195324390 0.0541197995
1 0.4619944236 0.2828440471 0.0321813429 0.0779088522
1 0.4580515789 0.2768798460 0.0364219085 0.0651752763
0 0.6571581291 0.1281331013 0.0234719998 0.0452021955
0 0.3382638944 0.7446699885 0.0105219023 0.0231266864
2 0.7028878801 0.7173384456 0.4645819443 0.4267928158
2 0.2016505122 0.8571775138 0.0725166731 0.1108751902
2 0.3627475982 0.7802802028 0.0642552609 0.0882232053
2 0.0547813493 0.2682277450 0.0413069504 0.0894154744
2 0.2489240147 0.2354420796 0.0550759433 0.0786856042
2 0.4251670295 0.2384225868 0.0550759433 0.1275660258
2 0.6960509990 0.6737391951 0.2995243863 0.2090986995
2 0.6380181722 0.4093266131 0.6084088931 0.5020799016
0 0.6564720593 0.1308746767 0.0350824945 0.0431299294
