2 0.4868360786 0.7459635922 0.1116003690 0.1635313622
0 0.0706215848 0.2648496483 0.0804986282 0.1919715460
0 0.0298222493 0.5978373519 0.0596444987 0.2322618837
2 0.7951616398 0.7936708253 0.1324251644 0.2102853181
2 0.8440056460 0.7376038037 0.2305593597 0.1048918236
2 0.4967942208 0.7873829581 0.0988111649 0.0622239491
2 0.2037917185 0.7553820889 0.0535227206 0.0657795768
2 0.8865512994 0.3859717168 0.1423508087 0.4734012796
0 0.6475295549 0.4011095473 0.0509913648 0.0082570207
0 0.3745135766 0.3460628732 0.1168550696 0.0743129904
2 0.0845005356 0.2008773034 0.0127478176 0.1362404865
2 0.4865882600 0.7513439463 0.0414304981 0.1912872095
1 0.4615880827 0.2626884711 0.0470655368 0.0494070549
0 0.7630509611 0.6842252122 0.0105491987 0.0430998119
2 0.7991615550 0.7073518923 0.2823932209 0.4215366922
2 0.4813304283 0.7434638140 0.1100973499 0.1900440274
2 0.5029665613 0.2063151223 0.0539596426 0.2310518886
2 0.2523043506 0.1848070589 0.0755088816 0.2224826064
