2 0.2832536207 0.1702973979 0.1800372248 0.2335613161
0 0.8388071026 0.6087885076 0.0274010793 0.0522240225
0 0.5421050408 0.6787909203 0.0128442421 0.0277787642
0 0.2728040425 0.6665683117 0.0085628175 0.0255564269
0 0.3241810108 0.1832181731 0.0068502857 0.0300010501
0 0.3455880862 0.1943296696 0.0102753810 0.0233341307
1 0.7116490489 0.7276814779 0.0984726071 0.0500017262
1 0.5665091261 0.2182193743 0.0274010160 0.0533351706
1 0.5468145983 0.6010104504 0.0496643732 0.0855585888
0 0.5766730791 0.1951601741 0.0421547368 0.0649584324
0 0.8317971816 0.6014352304 0.0447894791 0.0911697131
0 0.5375921134 0.6834879557 0.0324943317 0.0729357376
0 0.2666599687 0.6709521361 0.0351289473 0.0638188115
0 0.3483348108 0.1985790625 0.0210774001 0.0490037295
0 0.3228663161 0.1820545235 0.0228337999 0.0501433401
2 0.1827895873 0.1136772490 0.0588410263 0.1048451844
2 0.3435045924 0.1336206109 0.1027522263 0.2039922310
2 0.5762339554 0.1547036091 0.0623539210 0.2347620132
0 0.8247326236 0.6204563950 0.1115277958 0.1459193991
0 0.5463739226 0.6910239480 0.0728157332 0.1172139280
0 0.2592588780 0.6545440777 0.1271970122 0.1088414664
0 0.3353005901 0.1994430850 0.0949369073 0.1052533288
