2 0.670042 0.739430 0.077645 0.048361
2 0.360374 0.767739 0.064857 0.053080
2 0.182703 0.765380 0.063943 0.067234
2 0.278161 0.193299 0.041106 0.102621
2 0.124697 0.144937 0.053895 0.095544
2 0.417466 0.210992 0.036539 0.071953
2 0.674153 0.197427 0.038366 0.061337
2 0.125332 0.162099 0.044573 0.163074
2 0.280716 0.220454 0.058192 0.142290
2 0.665154 0.202868 0.047049 0.116710
2 0.423720 0.214059 0.034668 0.055957
2 0.359337 0.744048 0.081716 0.147086
2 0.654630 0.710474 0.105241 0.115111
2 0.179809 0.720866 0.064383 0.177463
1 0.065875 0.528007 0.101929 0.128354
2 0.123059 0.154095 0.115404 0.151858
2 0.281754 0.195214 0.106238 0.177025
2 0.194275 0.804914 0.144331 0.295400
