0 0.380665 0.662708 0.082875 0.057817
0 0.761756 0.667964 0.092386 0.072534
0 0.383743 0.657233 0.034973 0.030442
0 0.761886 0.659770 0.030601 0.032134
0 0.182061 0.313097 0.145284 0.149883
0 0.321434 0.651684 0.377070 0.076354
0 0.385139 0.280507 0.582213 0.067735
2 0.073244 0.247304 0.095162 0.139480
2 0.329884 0.259913 0.087207 0.101258
2 0.669787 0.251276 0.073812 0.074262
1 0.269203 0.548544 0.246735 0.092956
1 0.868925 0.541600 0.262149 0.084154
1 0.484195 0.377785 0.332384 0.105757
1 0.836786 0.368039 0.326428 0.113926
2 0.413019 0.664346 0.093827 0.117572
2 0.157562 0.637096 0.131687 0.110760
2 0.796250 0.650484 0.139224 0.141523
1 0.195047 0.322436 0.076944 0.051460
