2 0.310782 0.100814 0.093188 0.037207
1 0.852108 0.236568 0.065861 0.094789
1 0.089413 0.452861 0.041104 0.083674
2 0.073949 0.209375 0.100579 0.317752
2 0.216978 0.185833 0.097896 0.310826
2 0.363797 0.123663 0.106029 0.226084
2 0.646016 0.069479 0.066759 0.132312
2 0.294710 0.135986 0.227160 0.129467
0 0.222382 0.280478 0.280557 0.228410
0 0.597968 0.151189 0.446577 0.302377
2 0.075561 0.226028 0.082348 0.167255
2 0.216090 0.157605 0.094879 0.163746
2 0.379891 0.086259 0.118151 0.156728
2 0.653340 0.073539 0.106515 0.147079
