1 0.8629869342 0.5934594677 0.0622255878 0.1156335154
1 0.5983260853 0.7495647307 0.0921262302 0.1208895776
1 0.3288165079 0.6707236751 0.0735393224 0.0641240766
1 0.9280409508 0.8331362078 0.0614173355 0.0798922139
1 0.7207569328 0.2644295616 0.5115428719 0.4436122494
0 0.5266095922 0.6961087873 0.8184117354 0.3215645575
0 0.6151657152 0.9598659392 0.4791819412 0.0802681215
2 0.1557449204 0.9042564638 0.2069432684 0.1854920418
1 0.3161299269 0.7167661605 0.1036860164 0.1138265302
1 0.7220257867 0.7945577314 0.3320869119 0.1644631663
0 0.3329563318 0.6878909696 0.1006099656 0.1655172040
