0 0.432300 0.753634 0.033728 0.050737
0 0.187237 0.617302 0.367202 0.244968
0 0.092740 0.164471 0.120321 0.228325
0 0.232884 0.260655 0.106927 0.191024
0 0.606988 0.313665 0.548779 0.241617
1 0.538221 0.616434 0.222660 0.218390
2 0.459555 0.844120 0.108744 0.128937
2 0.773891 0.134735 0.195118 0.236072
2 0.593057 0.097053 0.154145 0.161797
2 0.195383 0.050881 0.060575 0.084651
0 0.437343 0.750444 0.030414 0.049634
1 0.605364 0.673713 0.091921 0.120890
1 0.536826 0.110788 0.083857 0.174501
1 0.463048 0.096071 0.087889 0.166092
2 0.454581 0.165451 0.295114 0.315364
2 0.542067 0.743093 0.503951 0.383693
