0 0.672660 0.676505 0.049868 0.025229
1 0.307093 0.683864 0.020108 0.035741
1 0.662204 0.682813 0.040217 0.050458
1 0.710062 0.301748 0.531661 0.438356
0 0.662458 0.681566 0.025525 0.032322
2 0.006676 0.631925 0.013352 0.048428
2 0.151170 0.716855 0.044857 0.121825
2 0.328564 0.720365 0.050585 0.099789
2 0.634493 0.697066 0.085900 0.152508
2 0.905088 0.797183 0.154127 0.170144
1 0.209850 0.894074 0.150224 0.123494
1 0.067748 0.897594 0.100212 0.067818
1 0.455050 0.899960 0.260984 0.112079
2 0.468239 0.519166 0.665618 0.374659
2 0.631874 0.675685 0.057030 0.102055
1 0.711579 0.797740 0.254868 0.267452
1 0.467873 0.761269 0.260449 0.299060
1 0.243235 0.774034 0.173943 0.239491
1 0.059993 0.760053 0.119987 0.318511
2 0.662744 0.625719 0.131155 0.215177
2 0.339973 0.622072 0.103250 0.241922
2 0.166031 0.641523 0.103250 0.258942
