2 0.523846 0.184530 0.123706 0.319645
1 0.266228 0.302273 0.031566 0.073585
1 0.303055 0.311209 0.027519 0.070431
1 0.724742 0.295966 0.042088 0.069380
1 0.533728 0.373230 0.038850 0.080943
2 0.606168 0.205562 0.460537 0.384744
2 0.261712 0.176898 0.105192 0.279562
2 0.520740 0.186375 0.118569 0.315889
2 0.740549 0.189139 0.111881 0.311941
2 0.906241 0.182031 0.121001 0.337212
2 0.363560 0.774324 0.082694 0.262978
2 0.643869 0.790119 0.070533 0.296146
2 0.871887 0.768796 0.075398 0.286670
2 0.430744 0.364856 0.729478 0.090373
2 0.868910 0.758731 0.062558 0.183783
2 0.634258 0.801565 0.083850 0.167100
2 0.525042 0.157320 0.121343 0.248230
2 0.734657 0.166168 0.106768 0.216520
2 0.270441 0.165102 0.081744 0.144409
2 0.909833 0.141801 0.109339 0.206917
1 0.943307 0.387033 0.039150 0.043961
1 0.630078 0.605031 0.023708 0.037517
1 0.887215 0.559903 0.027776 0.035640
1 0.272524 0.301106 0.025205 0.042332
0 0.530248 0.519347 0.939504 0.554355
