0 0.651545 0.642857 0.020759 0.055811
0 0.649318 0.643408 0.017901 0.045557
0 0.820226 0.645630 0.017048 0.025556
0 0.194132 0.581183 0.023015 0.045557
0 0.461788 0.627296 0.012786 0.046668
1 0.547029 0.144502 0.589014 0.256676
0 0.652161 0.643297 0.024432 0.051900
0 0.822279 0.648605 0.024432 0.048362
0 0.457612 0.624424 0.037100 0.037746
0 0.217366 0.568395 0.025337 0.022411
2 0.638396 0.601194 0.071749 0.219553
2 0.825065 0.642013 0.049860 0.261561
0 0.196896 0.565681 0.136027 0.204300
0 0.562118 0.562307 0.122551 0.497313
0 0.700185 0.751829 0.142686 0.204368
0 0.236137 0.692612 0.465323 0.286831
0 0.478040 0.582562 0.779658 0.620002
