1 0.192165 0.379023 0.196384 0.089636
2 0.316801 0.204534 0.246462 0.094624
2 0.746595 0.182192 0.487874 0.160335
2 0.712757 0.799875 0.179796 0.197133
2 0.524880 0.837331 0.135352 0.190562
2 0.221853 0.796590 0.171716 0.227360
1 0.193360 0.375694 0.206944 0.100917
1 0.354227 0.248497 0.040419 0.042049
1 0.597548 0.631665 0.082454 0.066226
1 0.685661 0.666355 0.025868 0.028383
1 0.479121 0.790398 0.057395 0.062022
1 0.854208 0.734158 0.037994 0.063073
2 0.353823 0.195936 0.417931 0.315364
2 0.372011 0.783039 0.452691 0.364771
0 0.457949 0.383853 0.159605 0.149069
2 0.291389 0.197088 0.080771 0.146341
2 0.225819 0.788058 0.122972 0.138670
1 0.073352 0.220397 0.057629 0.051337
1 0.619466 0.570612 0.046285 0.050747
2 0.529619 0.819038 0.089847 0.101495
2 0.701598 0.837035 0.079864 0.179976
