2 0.507000 0.791935 0.138614 0.162903
0 0.528659 0.679032 0.040842 0.053226
2 0.787941 0.758871 0.064356 0.154839
2 0.426555 0.154839 0.096535 0.146774
0 0.404896 0.279839 0.055693 0.090323
2 0.654896 0.153226 0.097772 0.179032
2 0.860342 0.169355 0.107673 0.137097
1 0.363436 0.536290 0.039604 0.045161
2 0.516617 0.722346 0.077864 0.228318
0 0.521508 0.674929 0.011293 0.032588
1 0.449718 0.222381 0.024199 0.042049
0 0.437216 0.221855 0.023392 0.034690
2 0.494382 0.813983 0.253572 0.162761
2 0.794835 0.763844 0.122068 0.159675
1 0.541263 0.228892 0.086686 0.098737
1 0.636773 0.580755 0.189054 0.148777
1 0.428684 0.614606 0.142407 0.166634
1 0.459859 0.361641 0.202800 0.195194
2 0.514874 0.688006 0.102616 0.365340
