0 0.798032 0.281775 0.030198 0.036792
1 0.355266 0.294389 0.026117 0.057817
1 0.188769 0.284403 0.024485 0.027332
1 0.637657 0.596087 0.052234 0.059919
1 0.820477 0.570333 0.027749 0.039946
1 0.677649 0.650751 0.083248 0.051509
1 0.928210 0.606600 0.114262 0.049407
1 0.157347 0.179807 0.026933 0.051509
1 0.160374 0.282944 0.030221 0.046002
1 0.352692 0.301817 0.026558 0.050721
1 0.825245 0.572524 0.035716 0.044823
2 0.182399 0.200206 0.109228 0.231590
2 0.386571 0.223474 0.080661 0.247823
2 0.564276 0.229426 0.098305 0.270549
1 0.534968 0.613000 0.018442 0.056617
1 0.330835 0.597101 0.026759 0.032079
1 0.822870 0.572001 0.015762 0.030436
1 0.361732 0.296020 0.023894 0.046316
1 0.851039 0.409187 0.037488 0.043004
1 0.810337 0.612272 0.016955 0.040571
1 0.188685 0.288606 0.025882 0.038283
