2 0.4743243607 0.7361126369 0.0892422437 0.0758940400
2 0.1546913922 0.1159162502 0.0692082799 0.0474337545
2 0.3167844697 0.1408189731 0.0673869990 0.0545488182
1 0.3299034634 0.7255992390 0.1475396788 0.1650750933
1 0.1150856628 0.7597548854 0.0790812830 0.3000665361
1 0.6335401688 0.7536682580 0.1799984362 0.1087644025
1 0.7223590695 0.1506576051 0.1262939201 0.1542758314
2 0.5890358133 0.0987416531 0.0640735675 0.0535236305
2 0.4697767064 0.6832123110 0.0932203571 0.1357401790
2 0.1893335336 0.6383084719 0.0456550366 0.1170498942
2 0.3126119502 0.1557213941 0.0479473490 0.1313836256
2 0.1474060641 0.1327148038 0.0439409843 0.0925373208
1 0.1354127739 0.2551095833 0.0251275663 0.0602258973
