1 0.907987 0.366759 0.085139 0.127197
0 0.499791 0.655641 0.199498 0.139489
0 0.311020 0.353500 0.190370 0.143130
0 0.564587 0.383997 0.225479 0.160023
0 0.315701 0.816524 0.026371 0.101152
2 0.636444 0.813439 0.069750 0.159315
2 0.367936 0.793310 0.060310 0.188851
2 0.820689 0.846465 0.063431 0.205946
2 0.854472 0.180833 0.122570 0.179950
2 0.432732 0.207385 0.083638 0.166092
2 0.663010 0.201771 0.077318 0.175297
2 0.412140 0.215542 0.117251 0.246873
2 0.654117 0.230014 0.100270 0.203869
2 0.828651 0.230516 0.103263 0.222976
2 0.800812 0.825145 0.094253 0.213998
2 0.634778 0.785243 0.113496 0.201709
2 0.370737 0.771642 0.111554 0.166253
