2 0.457199 0.757863 0.154444 0.178461
2 0.764567 0.739621 0.027362 0.189565
2 0.683089 0.223671 0.077222 0.220498
2 0.842701 0.194721 0.103368 0.260949
2 0.462368 0.215739 0.080870 0.225257
2 0.241342 0.212963 0.091207 0.248259
0 0.462665 0.743093 0.017729 0.026280
0 0.662120 0.207500 0.016923 0.023127
1 0.160059 0.286866 0.047547 0.062022
2 0.485160 0.763319 0.131031 0.126675
0 0.406198 0.645206 0.208358 0.272010
0 0.607730 0.692176 0.222826 0.294935
0 0.814044 0.755034 0.149586 0.323192
0 0.209897 0.335801 0.088444 0.171886
0 0.355560 0.333743 0.212036 0.206753
0 0.566655 0.335822 0.246939 0.235863
0 0.772438 0.354962 0.187187 0.197370
2 0.681787 0.199657 0.117707 0.192998
0 0.446207 0.338851 0.766054 0.233102
0 0.383498 0.613734 0.228723 0.196964
0 0.618681 0.687679 0.204538 0.252148
0 0.828580 0.704064 0.111203 0.229059
2 0.688904 0.202957 0.117909 0.157034
2 0.438847 0.182276 0.081916 0.142980
2 0.243229 0.224883 0.062657 0.149779
2 0.199196 0.676513 0.046272 0.159856
2 0.480750 0.775088 0.057707 0.231726
2 0.740543 0.759365 0.055765 0.211671
2 0.924408 0.724977 0.054288 0.160400
2 0.230301 0.205262 0.052391 0.143786
2 0.435979 0.188439 0.067694 0.163711
2 0.674636 0.152463 0.090602 0.227512
2 0.817845 0.132173 0.075350 0.172361
2 0.184917 0.742407 0.051687 0.210797
2 0.456678 0.791322 0.045055 0.202533
2 0.735590 0.790446 0.036783 0.194747
2 0.902568 0.778056 0.029614 0.174550
1 0.546675 0.198041 0.041306 0.107218
1 0.339128 0.206502 0.033914 0.061812
