2 0.064300 0.820900 0.078031 0.221753
2 0.235787 0.765759 0.087105 0.135186
2 0.536570 0.737299 0.084383 0.170762
2 0.576493 0.182916 0.039016 0.124514
2 0.327882 0.230350 0.089827 0.167204
2 0.145053 0.206633 0.050811 0.162461
0 0.552587 0.246651 0.043021 0.174179
2 0.062060 0.808908 0.064643 0.226838
2 0.141651 0.196562 0.089902 0.263546
2 0.313894 0.230054 0.086542 0.297588
2 0.577719 0.217426 0.103346 0.322844
2 0.847007 0.193267 0.087382 0.239388
2 0.072753 0.794482 0.131913 0.293195
2 0.239955 0.757695 0.120150 0.241584
2 0.532768 0.718163 0.141155 0.254761
1 0.237117 0.633767 0.021717 0.070431
1 0.485252 0.684225 0.040216 0.070431
1 0.506164 0.283187 0.112606 0.187116
2 0.586659 0.212089 0.078956 0.288407
2 0.305251 0.214735 0.066809 0.177278
2 0.534021 0.713494 0.083005 0.232843
2 0.598311 0.088932 0.057530 0.113058
1 0.382263 0.170665 0.078389 0.115015
1 0.521915 0.243902 0.088716 0.098454
1 0.281933 0.764860 0.048442 0.110887
