2 0.505449 0.655966 0.397196 0.268757
1 0.598349 0.791686 0.087787 0.099783
1 0.327307 0.699514 0.116317 0.084562
1 0.601181 0.785635 0.105259 0.092225
1 0.349569 0.715077 0.181680 0.128893
1 0.219077 0.697854 0.064886 0.136671
1 0.836932 0.595073 0.204750 0.293343
1 0.419501 0.207282 0.696439 0.331123
1 0.271706 0.389510 0.213402 0.102226
1 0.611212 0.795459 0.128576 0.113237
1 0.799484 0.582550 0.128576 0.076671
1 0.330336 0.698736 0.096432 0.092005
1 0.277528 0.380847 0.131637 0.074312
2 0.509423 0.658631 0.267866 0.247705
2 0.781881 0.579011 0.176026 0.185189
2 0.508079 0.709079 0.235436 0.320171
2 0.802758 0.629037 0.209276 0.288154
0 0.396099 0.804778 0.311963 0.136409
2 0.522693 0.718838 0.279292 0.341349
1 0.875501 0.716892 0.146939 0.139873
2 0.774821 0.621301 0.247674 0.334345
1 0.600191 0.783551 0.073498 0.086164
1 0.324141 0.697380 0.100191 0.067627
1 0.819474 0.541090 0.122225 0.130526
2 0.450452 0.496257 0.155955 0.130782
1 0.594022 0.129476 0.414521 0.226091
1 0.190276 0.217413 0.243138 0.298483
2 0.468700 0.553917 0.229645 0.223141
0 0.592873 0.763194 0.094434 0.126774
0 0.521847 0.819372 0.065817 0.127923
0 0.855466 0.696424 0.086558 0.121527
1 0.820483 0.590370 0.090175 0.068456
1 0.645048 0.602717 0.068814 0.118359
2 0.712587 0.402439 0.293211 0.255900
0 0.363150 0.766815 0.088582 0.113172
0 0.267405 0.822198 0.117796 0.089433
1 0.161479 0.584890 0.052120 0.107079
