0 0.6970068787 0.3361716629 0.2244879972 0.2512440220
0 0.6472212510 0.6629068928 0.3005241721 0.2370895058
1 0.6531080273 0.7612554078 0.0191100791 0.0403178225
2 0.7441083919 0.2027352959 0.0573302373 0.1328115771
2 0.6690330722 0.7476185214 0.0855402521 0.1245108163
0 0.6606656528 0.7575522802 0.0430791106 0.0660423361
0 0.0391862622 0.6857312315 0.0392780038 0.0775997613
0 0.0314415041 0.6768666954 0.0201676847 0.0409973719
0 0.0323317451 0.6780827225 0.0409831558 0.0640932719
0 0.6577748087 0.7368849067 0.0303521946 0.0543367119
0 0.0369263586 0.6788279626 0.0502378937 0.1243854646
0 0.6350307612 0.7464223472 0.0851222919 0.0939625566
