1 0.2475616512 0.2518947598 0.1454317167 0.4206287097
1 0.4539808322 0.3455028962 0.2430116822 0.3209421329
2 0.6801036677 0.7989552082 0.3499743403 0.3865893926
2 0.6774079483 0.7448342397 0.5322301861 0.3216714614
1 0.1435551688 0.7238099514 0.0356983758 0.1639893361
0 0.1119016365 0.6719403145 0.0971788018 0.2806787246
1 0.1409918385 0.2086328543 0.0273112979 0.1073390398
2 0.2936866963 0.7706275842 0.0569653532 0.1328552442
2 0.5101550497 0.7894151883 0.0983947112 0.1650625865
2 0.8524650427 0.7504980136 0.1263595326 0.1650626354
2 0.5199945057 0.1781468269 0.0973589631 0.1341972351
2 0.3252765795 0.2043152834 0.0766443030 0.1060158167
2 0.7566596640 0.2009603427 0.0548938947 0.1207774969
1 0.2641682905 0.5673187941 0.0683584314 0.0697825505
0 0.2505942624 0.2988112951 0.1396269412 0.2264758501
0 0.4514184880 0.3117856246 0.1252499158 0.1993896289
0 0.8304907257 0.3064887707 0.2106265491 0.2007344075
0 0.6620848590 0.3471137316 0.1842885392 0.1133880126
0 0.1149503039 0.3552632943 0.0644838219 0.1657522153
1 0.2847334768 0.6624162870 0.1256543256 0.1595238417
2 0.5090043275 0.7587604034 0.1111456612 0.3421963423
2 0.2952464144 0.7695503724 0.0257640077 0.0929920490
2 0.5142406872 0.8208152331 0.0772921362 0.1144517263
2 0.6890680788 0.8685034238 0.0478474104 0.0929920490
2 0.8519336179 0.7677620863 0.0754518338 0.1132595845
2 0.3283715847 0.2229239085 0.0533683744 0.0870310588
2 0.5202216607 0.2002720038 0.0671705294 0.1108751908
2 0.5394603703 0.5538122837 0.8401908049 0.7196390934
