2 0.3993387110 0.7931900950 0.3935591172 0.3237738891
2 0.0649207965 0.8060774684 0.0380539449 0.1683898778
2 0.2366165811 0.7497498644 0.0407720876 0.1245136431
2 0.5043532694 0.7313693023 0.0507386121 0.1185844008
1 0.1297323923 0.7376608575 0.1252719627 0.1179549048
2 0.4054062144 0.0580860811 0.2451252551 0.0970967870
2 0.1078291970 0.0655348592 0.0993173751 0.0822242469
2 0.0706831406 0.8638987314 0.0395998469 0.0763577436
0 0.1505687259 0.5738400064 0.1541706012 0.0679696776
0 0.0711991214 0.7969928270 0.0604736253 0.1422349071
0 0.3570228563 0.6600397799 0.1788153834 0.1833135409
0 0.6012217549 0.5747075987 0.2072033473 0.1557803204
0 0.4715475703 0.2817408162 0.7528339690 0.2456962197
0 0.5212525031 0.3789343799 0.9574949937 0.7184727899
