2 0.903680 0.164761 0.148991 0.234028
2 0.763483 0.206456 0.063114 0.196369
2 0.585521 0.169469 0.108639 0.168124
2 0.358930 0.183591 0.114847 0.180229
2 0.347549 0.735037 0.203828 0.147949
2 0.635702 0.707465 0.144853 0.103564
2 0.064259 0.169411 0.185846 0.089096
2 0.355220 0.186116 0.086333 0.125934
2 0.586868 0.171552 0.085674 0.095093
2 0.377627 0.700560 0.074470 0.082242
2 0.061294 0.643161 0.152235 0.077102
2 0.824118 0.706556 0.069857 0.070249
2 0.637943 0.718550 0.070516 0.066822
2 0.924290 0.190828 0.076447 0.152491
2 0.757886 0.176264 0.071834 0.085669
