1 0.5112428174 0.7198098072 0.2611892858 0.2916333797
2 0.6345285947 0.7112099372 0.0952465569 0.1067259755
2 0.6689987655 0.1965536441 0.0553336547 0.0450620831
2 0.2898269811 0.2107837708 0.0607763546 0.0616638718
2 0.4948337358 0.2149342231 0.0480767948 0.0581063530
1 0.3368946823 0.3015833955 0.0844330778 0.1103774531
1 0.7469981085 0.2059229468 0.0780000982 0.1629381308
1 0.4559051199 0.6463815118 0.0828248329 0.1545284302
1 0.5503897126 0.6542655965 0.0514638999 0.0840971091
1 0.5451629324 0.7578101968 0.0780000352 0.1440163173
1 0.4780185188 0.8072172098 0.1013196493 0.1314016995
1 0.4893432932 0.7094851388 0.1780232538 0.2652790656
1 0.7425017367 0.6113189121 0.1589632329 0.0870212442
2 0.4723275411 0.5383210606 0.8025688879 0.6069754834
0 0.6672070375 0.4395281851 0.4570946133 0.0868410177
