1 0.376275 0.244376 0.057551 0.074075
1 0.098357 0.122982 0.036087 0.056188
0 0.477269 0.305879 0.207500 0.174296
1 0.475916 0.618924 0.103750 0.142189
1 0.685671 0.601150 0.147956 0.102055
1 0.647780 0.241664 0.162391 0.389873
1 0.825508 0.246251 0.182239 0.392167
2 0.092779 0.703136 0.118037 0.174357
1 0.484734 0.553273 0.246049 0.099354
1 0.216910 0.522172 0.207403 0.120667
2 0.375859 0.767188 0.078098 0.157342
1 0.732112 0.556615 0.107689 0.043365
1 0.895979 0.571677 0.178285 0.101197
2 0.928050 0.808981 0.083691 0.149967
2 0.780259 0.798483 0.124702 0.162546
2 0.592234 0.798976 0.111678 0.155271
1 0.259213 0.395898 0.154870 0.063798
2 0.141599 0.128031 0.047269 0.065925
1 0.667180 0.420241 0.615214 0.114422
0 0.467960 0.609174 0.081172 0.154692
0 0.674779 0.604404 0.119068 0.100466
0 0.462385 0.306148 0.226622 0.181209
0 0.169457 0.343440 0.113326 0.182564
0 0.788359 0.626805 0.023991 0.189031
0 0.933101 0.686363 0.044513 0.237660
1 0.881588 0.575523 0.083444 0.056107
