1 0.745815 0.268247 0.096340 0.145447
1 0.195471 0.153362 0.144040 0.141914
1 0.367833 0.238511 0.101961 0.133504
1 0.755850 0.258484 0.243573 0.265957
1 0.534126 0.200141 0.186928 0.290135
1 0.486382 0.795654 0.136757 0.146119
1 0.531698 0.935933 0.109244 0.128133
2 0.386040 0.838228 0.162652 0.267008
2 0.689090 0.785142 0.220106 0.352157
2 0.408945 0.799794 0.055683 0.207518
1 0.684653 0.267522 0.457305 0.152686
1 0.197224 0.204651 0.126425 0.050040
2 0.285623 0.111628 0.080004 0.051323
2 0.107837 0.161668 0.044446 0.030794
2 0.819474 0.856456 0.280506 0.101363
1 0.365627 0.639615 0.520517 0.152686
2 0.406616 0.869286 0.027656 0.070569
1 0.427852 0.778829 0.056299 0.038492
2 0.409085 0.885966 0.062225 0.029511
1 0.069317 0.293184 0.036545 0.039775
