2 0.678550 0.751097 0.092328 0.265525
2 0.375559 0.759553 0.118336 0.197875
0 0.696036 0.744148 0.026302 0.060157
0 0.419416 0.752995 0.026302 0.063696
0 0.366359 0.752405 0.023581 0.050721
0 0.692104 0.742568 0.017782 0.039946
0 0.414866 0.759387 0.011316 0.021024
0 0.374856 0.752028 0.013741 0.048356
0 0.243107 0.250074 0.020207 0.057817
1 0.666644 0.172810 0.080019 0.075687
2 0.532874 0.778309 0.468800 0.330081
2 0.422055 0.844119 0.230102 0.173716
2 0.680481 0.804251 0.139287 0.115243
1 0.552065 0.605286 0.193073 0.185942
1 0.599475 0.261257 0.307511 0.293531
0 0.851893 0.572229 0.046737 0.100902
0 0.682705 0.594719 0.041129 0.131294
2 0.834601 0.705347 0.064497 0.182354
2 0.673825 0.759445 0.088800 0.254079
2 0.385925 0.735132 0.086931 0.186001
2 0.456498 0.150385 0.057954 0.159255
0 0.475193 0.314503 0.082257 0.161687
0 0.744398 0.219679 0.063562 0.210314
0 0.921532 0.234875 0.045802 0.082667
2 0.872925 0.109659 0.083192 0.182353
2 0.702802 0.098718 0.058889 0.109412
1 0.523332 0.593504 0.171058 0.136157
1 0.280299 0.343679 0.064497 0.122785
1 0.616806 0.247032 0.227142 0.262589
