0 0.3651907839 0.7121980975 0.0221025215 0.0422810708
0 0.6518737074 0.7265736488 0.0338038653 0.0372073758
0 0.6863276558 0.7088155931 0.0351040315 0.0388985911
0 0.9483077256 0.6521589710 0.0390045298 0.0473548151
0 0.9600090694 0.7028962658 0.0312035331 0.0439722861
0 0.9571381467 0.6772852990 0.0324969638 0.0832874421
1 0.6471210818 0.7022740272 0.0326123365 0.0584769464
0 0.6831687743 0.7051978819 0.0264533859 0.0685025123
0 0.3653627834 0.7155830137 0.0242032585 0.0300202400
0 0.3611414815 0.7141847918 0.0202030908 0.0441510108
0 0.6528745250 0.7289017954 0.0250518099 0.0315364222
0 0.6884319875 0.7157615908 0.0299006425 0.0304851901
0 0.9530927986 0.6574192662 0.0274762640 0.0315363730
0 0.9514765210 0.7036726675 0.0145461951 0.0378437165
0 0.9175352982 0.1948851801 0.0484874936 0.0840970932
0 0.6561069666 0.1701816620 0.0121219680 0.0325876174
0 0.1974962380 0.2017180720 0.0193949899 0.0367924721
0 0.1688078226 0.7094543457 0.0153543717 0.0262803601
2 0.4082020087 0.1696377539 0.0711733871 0.1719548625
2 0.2250291099 0.1736105396 0.0698122236 0.1510969100
2 0.0458119943 0.1714838643 0.0405361391 0.1340749310
2 0.6648866070 0.1651595700 0.0545716354 0.1134911076
2 0.6783146820 0.7555843476 0.1086095821 0.0915410688
2 0.3876055571 0.7380976031 0.0844488930 0.1665512577
2 0.1867103364 0.7338909026 0.0542708679 0.0829887144
1 0.1205606147 0.3416834308 0.1475246120 0.1038607444
1 0.2926139477 0.3368465054 0.1555215513 0.1254629812
0 0.1885450331 0.1888397955 0.0452265967 0.0665556877
1 0.5265693452 0.2732309034 0.1808877319 0.1933092425
1 0.7708405733 0.3276450742 0.2324468491 0.1134429686
1 0.5184243682 0.6707620928 0.2228543778 0.1117657077
1 0.2871574407 0.6055358887 0.1687834918 0.1594964796
1 0.1071841423 0.6040453019 0.1471474488 0.1131282683
1 0.7709613192 0.5843880438 0.1946025548 0.1284794961
0 0.3410518053 0.7190307125 0.0760653378 0.0489559051
0 0.6575726050 0.7194835540 0.0670258344 0.0471404045
0 0.5305886360 0.4725424920 0.9388227279 0.5336878746
0 0.7770657052 0.6005769299 0.1701333223 0.1146686185
2 0.4146719623 0.1232696195 0.0444791904 0.1153918297
2 0.2336744390 0.1367068260 0.0958877440 0.0828811892
0 0.3628434656 0.7185182879 0.0325374899 0.0435642858
0 0.6465036353 0.7200807633 0.0244230683 0.0518210134
0 0.6823403914 0.7105685572 0.0297328620 0.0382866152
0 0.9533688379 0.6574909579 0.0340840292 0.0355493853
2 0.3823971544 0.7843189609 0.0537899843 0.0721222416
0 0.9537156750 0.7010923570 0.0320051256 0.0368589832
2 0.9174131522 0.0977284493 0.0948565034 0.1030643279
0 0.3664786900 0.7035750851 0.0423680854 0.0675574518
0 0.6726220658 0.7195755497 0.1052367937 0.1137809507
0 0.1724056521 0.7133531386 0.0587685875 0.0835578672
0 0.9486977754 0.6822411814 0.0478349131 0.1422261884
2 0.2967763997 0.1435595451 0.2583084816 0.1386705276
