0 0.489219 0.282300 0.027486 0.060970
1 0.696578 0.348001 0.065482 0.074636
2 0.126105 0.223975 0.072258 0.268770
2 0.308851 0.250196 0.096625 0.275325
2 0.476894 0.271501 0.094944 0.291714
2 0.749123 0.251835 0.098305 0.320120
2 0.075692 0.715627 0.087382 0.209772
2 0.250037 0.712349 0.131914 0.194476
2 0.428162 0.719997 0.105027 0.244733
2 0.732319 0.735839 0.148718 0.272048
0 0.534847 0.363157 0.266373 0.156364
1 0.796550 0.379842 0.139861 0.088446
2 0.158202 0.151271 0.058318 0.066683
2 0.146535 0.204445 0.036674 0.054841
2 0.317985 0.224116 0.049510 0.070340
2 0.492644 0.232462 0.072431 0.079878
2 0.737441 0.237230 0.059595 0.091800
2 0.070895 0.740937 0.046759 0.066764
2 0.242804 0.741534 0.062345 0.087031
2 0.455512 0.745110 0.071514 0.082262
2 0.726897 0.752859 0.064179 0.109683
2 0.564004 0.262836 0.719876 0.272315
