1 0.665122 0.667380 0.070313 0.111622
1 0.667240 0.679863 0.079009 0.096723
1 0.668886 0.673713 0.082552 0.101968
1 0.422847 0.665303 0.017805 0.032588
1 0.448889 0.654952 0.092265 0.159208
1 0.689949 0.689919 0.065252 0.254940
1 0.656863 0.685714 0.065735 0.136372
1 0.385249 0.707059 0.030129 0.096053
2 0.085241 0.283966 0.014905 0.127885
2 0.268599 0.297403 0.044253 0.146956
2 0.450973 0.285974 0.045345 0.136381
2 0.699126 0.253042 0.043370 0.137036
2 0.079055 0.793400 0.046681 0.100160
2 0.240442 0.761779 0.033853 0.126956
2 0.426093 0.764420 0.039730 0.110234
2 0.719837 0.743035 0.072305 0.123428
1 0.128359 0.615307 0.142519 0.081988
1 0.318945 0.594399 0.137638 0.031125
2 0.473756 0.331522 0.498871 0.300275
