2 0.357222 0.077137 0.212174 0.125152
2 0.357222 0.782099 0.107063 0.192736
2 0.559739 0.803048 0.068366 0.231283
2 0.313365 0.129311 0.277333 0.244691
2 0.561674 0.173724 0.178009 0.253070
2 0.197261 0.721680 0.069925 0.321537
2 0.550838 0.808977 0.087558 0.211724
1 0.326050 0.558136 0.038345 0.066251
1 0.249157 0.733498 0.089832 0.120187
1 0.334683 0.624306 0.046926 0.165041
1 0.585092 0.317877 0.073626 0.065175
2 0.548279 0.841382 0.608426 0.260701
0 0.769292 0.428901 0.240825 0.279119
1 0.584569 0.322231 0.073889 0.119114
