1 0.953601 0.630613 0.091176 0.162938
0 0.055552 0.364131 0.031468 0.016819
2 0.723777 0.880893 0.113759 0.088239
2 0.678734 0.148422 0.227517 0.151634
2 0.924005 0.173266 0.068387 0.161915
2 0.261510 0.077745 0.253162 0.142211
0 0.052076 0.363451 0.034193 0.045405
0 0.725421 0.759671 0.038139 0.041121
0 0.517631 0.804648 0.051290 0.053972
2 0.354884 0.796081 0.442540 0.280138
2 0.929868 0.131142 0.051082 0.072768
2 0.652640 0.257523 0.168357 0.263114
2 0.931530 0.244749 0.025552 0.174153
2 0.727068 0.838582 0.079401 0.119576
2 0.380910 0.754995 0.307970 0.305510
1 0.966694 0.331243 0.036602 0.098020
