0 0.332307 0.674931 0.090943 0.051671
0 0.586370 0.666476 0.083725 0.094886
0 0.349269 0.175606 0.078673 0.078915
0 0.308753 0.666535 0.028586 0.062576
0 0.337988 0.655541 0.040280 0.057502
2 0.347809 0.103852 0.066116 0.112050
1 0.345751 0.316183 0.038944 0.035032
2 0.176615 0.105273 0.070179 0.077516
2 0.348093 0.741933 0.092632 0.166597
0 0.486534 0.257732 0.182150 0.158060
2 0.348070 0.098196 0.065337 0.090809
2 0.168117 0.088106 0.039866 0.110988
2 0.343086 0.753316 0.073089 0.106664
2 0.168670 0.733857 0.047618 0.099457
2 0.168414 0.115625 0.063200 0.091800
2 0.338779 0.112049 0.048545 0.101338
2 0.167956 0.731996 0.062284 0.101338
1 0.309927 0.670597 0.021983 0.033382
1 0.335574 0.664636 0.018319 0.035766
1 0.592954 0.681327 0.010991 0.026229
1 0.604862 0.681327 0.009159 0.030997
1 0.717108 0.547915 0.087795 0.096040
1 0.491083 0.269522 0.209213 0.154393
1 0.477541 0.293836 0.152240 0.125216
