0 0.221210 0.601422 0.024672 0.043972
0 0.490007 0.638629 0.024672 0.030442
0 0.458193 0.633555 0.010388 0.040590
0 0.218850 0.594346 0.011300 0.025229
0 0.459776 0.637972 0.008878 0.026280
0 0.487622 0.643228 0.016142 0.034690
0 0.753973 0.706826 0.016142 0.029434
0 0.189390 0.159144 0.021792 0.027332
1 0.156298 0.512877 0.089591 0.093558
1 0.733391 0.614319 0.015335 0.105121
1 0.719267 0.687379 0.037128 0.047305
1 0.891991 0.686328 0.043585 0.099865
1 0.836703 0.213807 0.020178 0.069380
1 0.643801 0.247971 0.039549 0.059919
0 0.219169 0.602411 0.031483 0.032681
0 0.460818 0.637763 0.015299 0.034204
