0 0.1161101435 0.2208921295 0.0272642133 0.0372073317
0 0.5763947630 0.6633833053 0.0476566584 0.0573559531
1 0.4004775831 0.3646562036 0.0742414775 0.0998653138
1 0.5069555309 0.5776996505 0.1082551524 0.1215689769
1 0.5993457024 0.2725615051 0.0690593129 0.1240003831
1 0.3609043958 0.3406401381 0.0382626142 0.0972552111
1 0.2629147970 0.3284832552 0.0755919654 0.1629024872
0 0.6047289162 0.2323609261 0.0616931561 0.1211305238
0 0.3324742559 0.3779505129 0.2914778321 0.2725437217
0 0.5381181757 0.5870170686 0.2521373271 0.1432601030
