2 0.386580 0.768855 0.085858 0.202949
2 0.793103 0.149860 0.128787 0.226626
1 0.848391 0.286851 0.101468 0.111622
1 0.851621 0.283475 0.150940 0.155148
1 0.837633 0.273922 0.067719 0.097991
1 0.556401 0.363272 0.182581 0.186047
0 0.206182 0.278353 0.058731 0.096868
0 0.462143 0.241315 0.021914 0.038747
0 0.760617 0.146726 0.029804 0.066098
0 0.794366 0.136470 0.027174 0.041026
0 0.843892 0.669812 0.028050 0.047864
0 0.395961 0.763831 0.024544 0.039887
2 0.772013 0.106412 0.127980 0.212824
2 0.588808 0.114817 0.120968 0.191456
2 0.437599 0.157553 0.097300 0.254136
