2 0.216755 0.782742 0.128500 0.129592
2 0.452828 0.808198 0.120837 0.092565
2 0.718375 0.735303 0.107279 0.101051
2 0.615811 0.219250 0.101385 0.097965
2 0.380032 0.183381 0.080165 0.098737
2 0.207324 0.154454 0.126142 0.110307
1 0.690823 0.300532 0.109654 0.108275
0 0.736013 0.668351 0.026705 0.039289
2 0.601794 0.180519 0.057000 0.116600
2 0.362450 0.206627 0.034931 0.146445
2 0.197053 0.161811 0.061020 0.147353
2 0.227541 0.716502 0.066522 0.165784
2 0.755540 0.712646 0.092135 0.176959
1 0.840841 0.505760 0.159291 0.065344
1 0.539367 0.609494 0.186664 0.099453
1 0.373807 0.628237 0.129229 0.191775
1 0.491812 0.354275 0.190125 0.115356
1 0.721859 0.324287 0.241269 0.133865
1 0.261618 0.330119 0.159219 0.109814
1 0.061144 0.252595 0.121535 0.167817
1 0.857889 0.603118 0.071107 0.054071
