0 0.764674 0.685802 0.018664 0.046253
0 0.761428 0.755708 0.015418 0.034690
0 0.747227 0.288969 0.012984 0.036792
1 0.298076 0.603282 0.039762 0.064124
2 0.606031 0.726799 0.507983 0.319569
2 0.491279 0.790940 0.119037 0.127647
2 0.820283 0.739967 0.218895 0.161058
2 0.798129 0.177121 0.193104 0.154204
2 0.509796 0.150135 0.095229 0.093379
2 0.255520 0.162557 0.074729 0.104516
2 0.073989 0.148850 0.092584 0.159345
2 0.199308 0.758815 0.070761 0.101090
2 0.027075 0.703558 0.054150 0.115653
1 0.393909 0.191533 0.086460 0.085336
2 0.851597 0.114198 0.244283 0.225784
0 0.757053 0.694686 0.050778 0.181338
