2 0.5856954771 0.3776000000 0.1573729864 0.1968000000
2 0.3217549566 0.4024000000 0.1251548947 0.2080000000
2 0.1371205081 0.2840000000 0.1078066914 0.1504000000
1 0.2424488848 0.1856000000 0.0780669145 0.0976000000
0 0.8200059628 0.3561915283 0.0301259548 0.0541197754
1 0.2456488816 0.1972147400 0.0785893437 0.0811796509
0 0.7951843186 0.2513580872 0.0951523716 0.1855981812
0 0.5745117868 0.2918759949 0.0951523716 0.1934403442
1 0.2455274731 0.2069190796 0.1174221110 0.1490013428
0 0.2269741517 0.1667817719 0.1600077368 0.1433681458
0 0.4425918409 0.2726429077 0.2533398785 0.2591188721
0 0.8198335971 0.3557127930 0.0284705180 0.0355752441
1 0.5359556063 0.3604513428 0.0529189175 0.0767386230
1 0.2367602494 0.1885778870 0.0732723269 0.0735849487
0 0.5892815950 0.3862061035 0.0097696713 0.0147169922
0 0.8176470713 0.3546696777 0.0170968019 0.0252291504
2 0.4553560543 0.4056535522 0.4339350401 0.3458493408
2 0.3076383456 0.2865853027 0.1185048988 0.3085239258
1 0.6403518733 0.3381720215 0.1008367716 0.1636104492
2 0.5951744184 0.4469235596 0.0439229254 0.0551810059
2 0.5967999710 0.6087567627 0.6609467007 0.3878051270
