0 0.890150 0.676505 0.016200 0.033639
0 0.196786 0.672300 0.012960 0.023127
0 0.346637 0.194524 0.009720 0.036792
2 0.587613 0.826303 0.404193 0.265957
0 0.242291 0.292032 0.107077 0.172006
0 0.127067 0.487943 0.164602 0.148539
0 0.631274 0.317952 0.372748 0.247729
0 0.564013 0.642776 0.624315 0.209710
0 0.627467 0.296575 0.401378 0.355161
0 0.287990 0.317716 0.196779 0.177580
0 0.565566 0.686407 0.671135 0.316262
2 0.204634 0.719478 0.031234 0.145449
2 0.582657 0.813066 0.313258 0.070340
2 0.876623 0.740341 0.033990 0.075109
2 0.925311 0.168082 0.033990 0.108491
2 0.785218 0.171063 0.031234 0.076301
2 0.093478 0.205041 0.139634 0.091800
0 0.514690 0.323020 0.652935 0.316012
0 0.465106 0.588699 0.842433 0.454904
