1 0.249620 0.232731 0.149432 0.267216
1 0.541987 0.672454 0.144235 0.250304
0 0.389482 0.156155 0.025038 0.021024
1 0.593014 0.748514 0.049268 0.064124
1 0.478326 0.572435 0.029884 0.029434
1 0.794123 0.785306 0.099343 0.087251
1 0.779585 0.136181 0.147803 0.124043
1 0.515074 0.709619 0.067844 0.104070
1 0.522343 0.925117 0.161533 0.154528
2 0.491248 0.766910 0.412718 0.296442
2 0.679838 0.166667 0.565366 0.330081
2 0.142627 0.703743 0.098397 0.205146
2 0.342610 0.720345 0.077442 0.262066
2 0.625958 0.721531 0.124819 0.245464
2 0.620947 0.197992 0.080175 0.199217
2 0.365387 0.221708 0.092020 0.203961
2 0.204125 0.148188 0.042821 0.142298
2 0.390204 0.773058 0.582907 0.236649
0 0.325530 0.668495 0.068578 0.231018
