1 0.683921 0.815101 0.123866 0.044151
1 0.206552 0.752028 0.026543 0.067278
1 0.192074 0.805115 0.053890 0.131402
1 0.066599 0.728902 0.037803 0.119838
1 0.509784 0.315249 0.037803 0.078841
1 0.399591 0.252702 0.082846 0.063073
1 0.517827 0.193308 0.024934 0.101968
2 0.218694 0.778422 0.069803 0.162964
2 0.526469 0.828332 0.059986 0.163368
2 0.253541 0.203249 0.052488 0.216713
0 0.143116 0.370075 0.158158 0.159529
0 0.378382 0.393514 0.309746 0.237930
0 0.668455 0.364316 0.278130 0.261571
0 0.143740 0.731465 0.198587 0.295922
0 0.393152 0.730202 0.234378 0.299054
0 0.671321 0.639223 0.318559 0.172259
1 0.504877 0.301130 0.044188 0.116419
1 0.191004 0.714554 0.039278 0.096252
0 0.513995 0.812639 0.010521 0.054084
0 0.533634 0.214504 0.009118 0.040334
1 0.367755 0.454216 0.136070 0.072418
1 0.028632 0.294255 0.052604 0.207170
2 0.821205 0.206254 0.163424 0.124669
2 0.254831 0.211754 0.044889 0.143002
0 0.245712 0.813555 0.018236 0.032084
2 0.228178 0.779638 0.050500 0.211754
2 0.518905 0.770013 0.111521 0.254838
