1 0.772814 0.697530 0.016158 0.067278
1 0.750596 0.687543 0.012119 0.057817
1 0.187472 0.701209 0.016966 0.055714
1 0.310276 0.259699 0.013735 0.043100
0 0.069919 0.219753 0.022622 0.043100
1 0.901969 0.380626 0.159195 0.148402
2 0.774920 0.212905 0.136199 0.225585
2 0.759523 0.796778 0.084192 0.284013
0 0.070702 0.217339 0.032793 0.080002
1 0.915805 0.827134 0.047823 0.168894
1 0.688987 0.407567 0.036892 0.026667
2 0.317433 0.163249 0.065614 0.163696
2 0.581570 0.206774 0.066073 0.160354
2 0.768969 0.190253 0.088957 0.161304
2 0.451894 0.794643 0.070549 0.124856
2 0.167530 0.798817 0.049175 0.170823
2 0.753545 0.790391 0.051714 0.151396
2 0.919646 0.774342 0.035363 0.136414
1 0.734354 0.655297 0.046786 0.057316
