2 0.239979 0.145290 0.133461 0.267640
2 0.394723 0.164089 0.097139 0.271593
2 0.579821 0.177535 0.103958 0.279124
2 0.826280 0.186245 0.073411 0.320282
2 0.691417 0.820382 0.141333 0.252587
2 0.405976 0.818068 0.089109 0.205310
2 0.212567 0.806029 0.092868 0.214131
2 0.046511 0.795732 0.067121 0.214430
2 0.942812 0.744924 0.064973 0.170495
0 0.385121 0.717168 0.033385 0.034279
0 0.281800 0.646904 0.193776 0.220715
0 0.520293 0.671158 0.235886 0.235899
0 0.755804 0.602281 0.186710 0.194990
0 0.460609 0.380521 0.201026 0.149479
0 0.708399 0.362247 0.283801 0.188900
1 0.216580 0.332461 0.118565 0.167799
