0 0.5315906978 0.2018823316 0.0169391066 0.0262803355
0 0.2730675782 0.2144968956 0.0112927314 0.0178706261
0 0.2637914053 0.2349955651 0.0104861307 0.0168194186
1 0.3359842773 0.6160605400 0.0209721858 0.0430997295
1 0.7780144569 0.2586478695 0.0387180442 0.0809434460
0 0.4669734086 0.6020526025 0.2038784216 0.1547023650
0 0.1870502623 0.5081302274 0.2021700415 0.1472754694
1 0.3357480021 0.6154896644 0.0876941681 0.2525415728
0 0.6453078808 0.3736452410 0.1881715000 0.1330304054
0 0.4172333916 0.3210345853 0.2306351426 0.1377747566
0 0.8554601008 0.3240326174 0.2344185857 0.1766708866
1 0.6409213755 0.6517541209 0.0774781633 0.1613972325
1 0.8413760119 0.6353904478 0.0752002225 0.1902642035
2 0.2965878968 0.7756599672 0.0782595719 0.1368811823
2 0.6240424166 0.8199451077 0.0638433400 0.1637207031
