2 0.7500160170 0.6729120029 0.1516078530 0.1695719483
2 0.7338121308 0.6771041091 0.1806003105 0.1725727615
2 0.1580844903 0.1900856162 0.1229723028 0.1679618794
0 0.2904448736 0.7536053401 0.0137637121 0.0178706672
0 0.0742630429 0.2860991109 0.1405012842 0.2885182391
0 0.3788234245 0.2842388512 0.3857933503 0.2278400237
0 0.6979896751 0.1849232540 0.1996549050 0.3030493952
0 0.3053627962 0.6322307587 0.2911773271 0.1677348229
0 0.5683077384 0.5534304137 0.2957026006 0.1552059215
0 0.8416062191 0.4768632048 0.2633030735 0.2017387472
2 0.2735372508 0.6718918175 0.0933327685 0.3532065115
