1 0.2511593131 0.5702680567 0.0587847885 0.1206019822
1 0.3132200098 0.5478382316 0.0705571769 0.0493639874
2 0.8194750093 0.7584138275 0.1202790016 0.2155402399
2 0.8630911105 0.1161343833 0.1322077630 0.1690212655
1 0.8594554339 0.6726618531 0.0339518229 0.0452021937
0 0.1242455751 0.3605653906 0.1644673547 0.1744118147
0 0.1694160797 0.6001154172 0.2215004145 0.1940954885
0 0.4033607345 0.7055335096 0.2259475747 0.3144281859
0 0.6919197970 0.6171608586 0.2848531245 0.1851666768
0 0.7949460052 0.3049647424 0.1842845986 0.1646714569
0 0.3206589731 0.3430126764 0.3067769368 0.2669443520
0 0.2884232711 0.7146660179 0.0298058798 0.0716466596
1 0.8538321877 0.6747318186 0.0424508186 0.0645995191
2 0.8682835463 0.1180017225 0.0731599241 0.0951374218
0 0.5476442795 0.7099678901 0.0406443988 0.0739958158
