2 0.559917 0.153242 0.125578 0.280746
2 0.654755 0.739258 0.095492 0.221553
2 0.577603 0.093199 0.243142 0.127732
2 0.668383 0.781305 0.208104 0.160695
2 0.388610 0.813581 0.185807 0.153828
2 0.657987 0.754748 0.098140 0.257328
1 0.624968 0.742297 0.028433 0.030832
1 0.684586 0.754155 0.037605 0.030832
1 0.720815 0.185545 0.014675 0.034389
1 0.608917 0.162421 0.022013 0.073522
2 0.555720 0.155899 0.130242 0.271558
1 0.687959 0.748875 0.023579 0.060970
1 0.612343 0.172810 0.023579 0.067278
2 0.647712 0.766745 0.157735 0.363720
2 0.361105 0.784616 0.147165 0.380539
2 0.565998 0.170182 0.171557 0.312210
2 0.066869 0.233557 0.059655 0.254197
2 0.296668 0.224323 0.107547 0.340015
2 0.537390 0.177612 0.189048 0.335670
2 0.876836 0.161860 0.103346 0.234643
2 0.071911 0.753357 0.081501 0.392158
2 0.364725 0.739778 0.124352 0.265060
2 0.826423 0.732173 0.096625 0.299822
1 0.110819 0.402881 0.119348 0.094657
0 0.678975 0.650546 0.132386 0.105031
