0 0.182210 0.784123 0.054064 0.063073
0 0.733341 0.758369 0.078272 0.074636
1 0.399273 0.719999 0.091183 0.163989
1 0.732937 0.719474 0.054871 0.110377
0 0.177201 0.778278 0.017963 0.038578
1 0.401717 0.705564 0.042312 0.134919
1 0.724119 0.712523 0.023660 0.069555
1 0.902384 0.767602 0.041368 0.111055
2 0.431855 0.750844 0.128969 0.272840
2 0.716014 0.736827 0.086051 0.278467
2 0.942864 0.721681 0.091345 0.244710
2 0.139660 0.755824 0.108390 0.202719
2 0.775948 0.174921 0.158459 0.310131
1 0.509965 0.058647 0.096564 0.082205
1 0.439923 0.072741 0.029455 0.078596
0 0.182280 0.792421 0.065025 0.143376
0 0.762326 0.796618 0.139333 0.133997
0 0.416338 0.799110 0.083523 0.101275
1 0.298732 0.596792 0.325020 0.280994
0 0.418008 0.791565 0.031168 0.038634
