0 0.822038 0.790562 0.015406 0.038895
1 0.905960 0.704888 0.064867 0.044151
2 0.966667 0.848260 0.049554 0.200909
2 0.826649 0.218905 0.122534 0.234783
2 0.640145 0.230585 0.088296 0.246464
2 0.406791 0.231753 0.077484 0.234783
2 0.144604 0.186782 0.162177 0.268657
0 0.825856 0.806664 0.024565 0.041284
1 0.867253 0.197427 0.050951 0.056618
2 0.638518 0.193103 0.028701 0.078268
0 0.826064 0.798075 0.017814 0.038492
2 0.805281 0.844266 0.035629 0.087249
2 0.629116 0.830794 0.037608 0.078268
2 0.842394 0.193103 0.050474 0.098797
2 0.413363 0.194387 0.033649 0.088532
2 0.186013 0.215993 0.111880 0.313741
2 0.408556 0.229788 0.069317 0.264078
2 0.654813 0.251860 0.109448 0.300340
2 0.827497 0.236488 0.131337 0.345273
2 0.629580 0.789476 0.089382 0.224664
2 0.805912 0.819431 0.108840 0.257772
1 0.804420 0.440838 0.259772 0.097239
0 0.646179 0.903317 0.032929 0.184992
0 0.664015 0.182916 0.046649 0.226496
