2 0.379600 0.538401 0.064470 0.137183
2 0.206397 0.510341 0.077941 0.130947
2 0.664038 0.615051 0.061962 0.128056
2 0.400280 0.513040 0.100479 0.128056
2 0.214393 0.529318 0.120575 0.173636
1 0.349520 0.709941 0.029123 0.046002
2 0.209367 0.521511 0.139471 0.191899
2 0.021644 0.446979 0.165910 0.114797
2 0.070614 0.414334 0.132535 0.187876
2 0.222821 0.498878 0.093188 0.203980
2 0.392631 0.517666 0.091117 0.104674
2 0.651488 0.600868 0.076622 0.112726
1 0.415630 0.539108 0.026181 0.041159
2 0.379412 0.529954 0.086515 0.118513
2 0.199979 0.498100 0.098690 0.104026
1 0.629809 0.614916 0.028133 0.076463
