1 0.701799 0.624306 0.124411 0.043100
1 0.839220 0.595923 0.139047 0.070431
1 0.323281 0.745721 0.024394 0.031536
1 0.318809 0.709454 0.018702 0.028383
1 0.186267 0.684225 0.030086 0.040997
1 0.195212 0.740991 0.028460 0.059919
1 0.643253 0.599077 0.033339 0.047305
1 0.440374 0.366759 0.139860 0.097763
1 0.124062 0.482392 0.029273 0.032588
2 0.543690 0.253718 0.099679 0.120353
2 0.259699 0.256150 0.078991 0.151961
2 0.094194 0.267699 0.084633 0.145883
2 0.174126 0.789230 0.067707 0.109412
2 0.356087 0.778896 0.053601 0.127647
0 0.049997 0.371032 0.067707 0.133726
0 0.444011 0.421484 0.710918 0.132510
0 0.247474 0.349150 0.129771 0.114275
0 0.550743 0.353405 0.181491 0.088745
0 0.247004 0.672524 0.196537 0.189648
0 0.448713 0.600190 0.236973 0.132510
0 0.377715 0.695014 0.091216 0.088745
0 0.731764 0.610523 0.189954 0.070510
0 0.753393 0.547915 0.176789 0.091177
2 0.075697 0.243852 0.080660 0.164016
2 0.265163 0.260145 0.115108 0.268291
2 0.374793 0.805365 0.086732 0.072955
2 0.657490 0.776218 0.080946 0.048308
2 0.261237 0.201686 0.075504 0.074088
2 0.094352 0.191867 0.062432 0.091987
0 0.460758 0.634613 0.272157 0.138346
0 0.726696 0.586982 0.206914 0.105570
0 0.360458 0.391231 0.710158 0.171286
1 0.216958 0.659865 0.168885 0.133910
1 0.082445 0.707030 0.127609 0.286846
1 0.174283 0.200560 0.096905 0.120322
1 0.699949 0.584443 0.496248 0.509383
