2 0.088729 0.190921 0.064882 0.158879
2 0.254538 0.199599 0.081359 0.213618
2 0.431675 0.214286 0.087539 0.229640
2 0.673178 0.230307 0.053553 0.176235
2 0.902324 0.219626 0.095778 0.165554
2 0.846196 0.722964 0.080330 0.160214
2 0.560923 0.754339 0.109166 0.196262
2 0.279770 0.738318 0.105046 0.201602
2 0.099028 0.696929 0.087539 0.153538
0 0.267818 0.668096 0.011352 0.031536
1 0.559327 0.649699 0.013785 0.064124
1 0.510055 0.367740 0.083275 0.146272
0 0.905249 0.893369 0.033276 0.098816
0 0.662793 0.343498 0.012114 0.090302
1 0.587584 0.586267 0.009086 0.018322
0 0.265240 0.663574 0.024685 0.044446
1 0.575168 0.587127 0.082282 0.083558
2 0.564450 0.803405 0.071598 0.036199
