0 0.235771 0.307146 0.022052 0.033825
0 0.271444 0.310528 0.044104 0.071032
0 0.056112 0.271629 0.025944 0.054120
0 0.271250 0.328357 0.035284 0.063696
0 0.227371 0.311254 0.032570 0.041284
0 0.451287 0.336024 0.026237 0.053080
0 0.421884 0.338383 0.027141 0.038925
0 0.262287 0.316826 0.015319 0.027332
0 0.236486 0.310519 0.010482 0.018922
0 0.056283 0.276880 0.017738 0.025229
0 0.449746 0.342055 0.012900 0.016819
0 0.430799 0.343106 0.010482 0.021024
2 0.072031 0.327838 0.057608 0.137104
1 0.232054 0.310551 0.011887 0.021460
1 0.267717 0.316512 0.017374 0.030997
2 0.254000 0.367181 0.079554 0.127566
1 0.457915 0.338568 0.015545 0.020268
1 0.424996 0.339760 0.013716 0.027421
2 0.447400 0.377315 0.076811 0.140680
2 0.725840 0.346913 0.042978 0.058418
