0 0.682007 0.750235 0.106102 0.071458
0 0.191558 0.733311 0.082283 0.060175
0 0.682729 0.163058 0.113319 0.132573
2 0.362314 0.757120 0.094673 0.195664
2 0.691850 0.757713 0.116521 0.218195
0 0.667271 0.144633 0.023668 0.066407
0 0.705050 0.156491 0.022758 0.049805
2 0.677285 0.181987 0.101956 0.217009
2 0.410106 0.216376 0.051888 0.188549
2 0.227587 0.214598 0.074646 0.175504
0 0.164319 0.729253 0.020937 0.023717
2 0.174333 0.784394 0.090122 0.219381
2 0.486891 0.493817 0.924835 0.328236
1 0.566365 0.579564 0.127393 0.155127
2 0.368256 0.817100 0.123547 0.089288
0 0.704201 0.753165 0.032156 0.058423
0 0.656813 0.750960 0.027079 0.051809
0 0.170243 0.726158 0.033848 0.039684
0 0.658083 0.122634 0.036387 0.091493
0 0.707163 0.156255 0.017770 0.074958
2 0.417336 0.167829 0.096468 0.069447
2 0.229900 0.167829 0.068543 0.089288
2 0.162627 0.787888 0.069389 0.074958
2 0.678392 0.809935 0.146394 0.052912
