0 0.8422631189 0.6523390985 0.0350435813 0.0699479134
0 0.4046569937 0.6563525046 0.0674587774 0.2018168296
0 0.2123555896 0.6362855234 0.0508131214 0.1341623122
0 0.0229494138 0.6466056824 0.0458988277 0.0493074971
0 0.6745550187 0.7457111728 0.2178976138 0.1697461036
1 0.4011955896 0.7163926648 0.0940438563 0.1916911464
0 0.2305068829 0.6691372779 0.0589184059 0.2191297962
1 0.8380808381 0.7269158640 0.0291386273 0.2251365416
0 0.5724832437 0.6721618652 0.6503258856 0.3695296749
1 0.7107261521 0.2255405857 0.1304545799 0.1898618514
1 0.6727148069 0.7503276456 0.2145546697 0.2090987175
2 0.5912550987 0.7509736953 0.6154504237 0.3957311077
