0 0.230382 0.268634 0.011290 0.029434
1 0.069096 0.307529 0.012903 0.018922
1 0.049339 0.297017 0.018548 0.035741
1 0.364652 0.376384 0.039515 0.076739
1 0.404974 0.314888 0.028225 0.069380
1 0.333202 0.256020 0.070159 0.067278
1 0.276348 0.307004 0.080643 0.110377
1 0.658595 0.284928 0.070966 0.055714
1 0.633999 0.372705 0.034676 0.090404
1 0.367475 0.663365 0.066127 0.068329
1 0.217882 0.627624 0.023386 0.074636
1 0.244091 0.630252 0.038709 0.054663
1 0.807382 0.343271 0.031451 0.203936
2 0.535212 0.777422 0.401601 0.357413
1 0.731050 0.614177 0.044042 0.044254
1 0.780138 0.617167 0.030279 0.021529
1 0.849872 0.613579 0.065146 0.167448
1 0.655811 0.728401 0.031197 0.066979
2 0.224564 0.222467 0.047712 0.093293
2 0.071793 0.224859 0.050465 0.100469
2 0.381923 0.257153 0.068816 0.138743
2 0.620944 0.274496 0.051383 0.101665
2 0.830145 0.272702 0.053218 0.093293
0 0.388805 0.697901 0.022021 0.065783
0 0.073169 0.687137 0.036702 0.173429
2 0.226399 0.715244 0.036702 0.114822
0 0.239704 0.699695 0.021104 0.100469
0 0.215389 0.647667 0.031197 0.137547
0 0.382382 0.627932 0.034867 0.071764
2 0.754058 0.918785 0.110904 0.131120
1 0.751479 0.378336 0.126379 0.082370
1 0.929441 0.345556 0.098008 0.097499
2 0.538603 0.825356 0.369601 0.129781
2 0.377521 0.117753 0.087286 0.172449
2 0.236363 0.101753 0.088650 0.172449
2 0.084294 0.118642 0.084558 0.138671
2 0.826374 0.928470 0.080467 0.112003
2 0.921843 0.819134 0.126837 0.110225
2 0.503056 0.716976 0.273325 0.320585
0 0.299407 0.289917 0.078781 0.166921
1 0.632843 0.371084 0.273875 0.187373
1 0.886445 0.356257 0.126151 0.112967
1 0.881203 0.612585 0.097088 0.165972
1 0.159841 0.318749 0.108225 0.125343
