0 0.585594 0.666466 0.025690 0.115831
1 0.469314 0.304056 0.060844 0.149176
1 0.687677 0.306688 0.048676 0.122851
2 0.755282 0.754216 0.045971 0.073710
1 0.930754 0.399148 0.121471 0.111882
1 0.850118 0.698284 0.102323 0.215470
0 0.492579 0.313488 0.079481 0.128534
0 0.684116 0.305877 0.074269 0.147138
1 0.581253 0.661582 0.038644 0.091096
1 0.656310 0.319337 0.088955 0.073113
1 0.495021 0.300688 0.051896 0.092298
2 0.584718 0.719328 0.043083 0.103334
2 0.769695 0.730877 0.064625 0.138589
1 0.652096 0.314889 0.042803 0.031112
1 0.504427 0.303222 0.028250 0.052224
1 0.846849 0.329890 0.021401 0.032223
