1 0.539824 0.061381 0.083296 0.060970
2 0.806782 0.588039 0.300414 0.273316
2 0.191357 0.100782 0.199892 0.051294
2 0.196049 0.260445 0.237430 0.080192
2 0.231710 0.436001 0.211153 0.090307
2 0.179157 0.671882 0.284353 0.109813
2 0.794317 0.571100 0.290923 0.139434
2 0.749740 0.866583 0.233677 0.127874
2 0.777425 0.284647 0.272153 0.101144
2 0.733787 0.132570 0.273092 0.084527
2 0.187633 0.697989 0.063432 0.082242
2 0.164820 0.102589 0.155797 0.059968
2 0.171497 0.275212 0.175828 0.069392
2 0.177617 0.437984 0.179166 0.057398
2 0.734591 0.132145 0.135766 0.079672
2 0.755734 0.306910 0.142443 0.065965
2 0.799135 0.598185 0.171376 0.093379
2 0.769088 0.867614 0.066770 0.073675
2 0.175948 0.927583 0.142443 0.090809
2 0.839668 0.609927 0.068706 0.076558
2 0.319392 0.690106 0.289589 0.059291
2 0.297827 0.410846 0.280346 0.107909
2 0.282423 0.259062 0.227974 0.065220
2 0.237753 0.082375 0.274185 0.091308
2 0.710645 0.594648 0.314234 0.119768
2 0.688310 0.292265 0.260322 0.100795
2 0.642099 0.131586 0.247999 0.059291
1 0.394122 0.552170 0.131071 0.221256
