0 0.872737 0.343507 0.068246 0.062576
1 0.660333 0.432624 0.105363 0.111429
1 0.546759 0.382691 0.105363 0.137709
1 0.515287 0.139335 0.762173 0.271213
2 0.704586 0.814189 0.143599 0.055958
2 0.292520 0.814189 0.081165 0.055958
1 0.648395 0.444067 0.077002 0.095928
2 0.931353 0.282922 0.185114 0.191042
2 0.295719 0.826921 0.102593 0.050545
2 0.702748 0.814928 0.136048 0.065965
1 0.244218 0.687751 0.206991 0.165833
2 0.937639 0.346999 0.198120 0.343023
1 0.663428 0.437111 0.082672 0.110718
1 0.742090 0.418960 0.258355 0.088858
0 0.873970 0.323044 0.089722 0.056470
0 0.303210 0.755706 0.039996 0.023252
2 0.942323 0.329301 0.113058 0.247872
2 0.696159 0.780706 0.094962 0.097027
2 0.305578 0.796999 0.087636 0.088811
2 0.084340 0.746410 0.057667 0.092883
2 0.596406 0.341180 0.066569 0.109039
1 0.410283 0.502247 0.458075 0.110626
1 0.840625 0.653646 0.191586 0.078627
1 0.499325 0.698151 0.392771 0.102075
1 0.260860 0.650375 0.132897 0.100127
