0 0.663741 0.733355 0.139444 0.077740
0 0.657173 0.284701 0.104078 0.126493
0 0.208020 0.700414 0.070733 0.143622
0 0.668714 0.719080 0.021778 0.040997
0 0.381168 0.723284 0.040329 0.040997
0 0.653389 0.250238 0.008872 0.028383
0 0.638871 0.270211 0.012099 0.045202
0 0.202913 0.722759 0.014518 0.027332
1 0.203720 0.331182 0.020971 0.040997
2 0.684039 0.793716 0.228262 0.314313
0 0.669958 0.726724 0.037823 0.038637
0 0.632646 0.269080 0.016356 0.063950
0 0.659736 0.233108 0.021467 0.066615
0 0.206366 0.311713 0.014312 0.039969
0 0.666211 0.730584 0.030772 0.070773
0 0.202372 0.724686 0.024436 0.047182
0 0.658066 0.249917 0.032582 0.029489
1 0.378405 0.300638 0.021721 0.050721
1 0.200562 0.343691 0.029867 0.068414
2 0.218590 0.747826 0.120806 0.133790
2 0.385758 0.776049 0.077579 0.129971
2 0.235768 0.237440 0.051123 0.271188
2 0.427191 0.257188 0.069439 0.251347
2 0.656063 0.230982 0.066427 0.206998
2 0.680851 0.759140 0.095163 0.169864
0 0.636076 0.267778 0.022079 0.052354
0 0.668833 0.724014 0.031034 0.045931
2 0.061713 0.131139 0.063325 0.090148
0 0.667755 0.727273 0.050246 0.068005
1 0.545295 0.456999 0.284550 0.181081
