1 0.5564108201 0.6564008884 0.1053219265 0.1671430266
1 0.2452690501 0.6506192236 0.0779864464 0.1702966082
0 0.5269106076 0.6487764939 0.0258697510 0.0473547590
0 0.5262959045 0.6527332617 0.0243576992 0.0471819985
1 0.5310183490 0.6244617921 0.0353524290 0.0800022128
0 0.7268163987 0.2111169724 0.0679854028 0.0711130753
1 0.2277740102 0.6225295787 0.0848896168 0.1739736438
0 0.4745243685 0.4631626231 0.5988846579 0.4718566845
1 0.2577169254 0.6760187649 0.0870213450 0.1582266228
2 0.6778668627 0.7489096678 0.4514232117 0.1760048485
