0 0.373052 0.250074 0.006538 0.036792
2 0.216061 0.111263 0.066559 0.050972
2 0.209590 0.188443 0.084615 0.187728
2 0.339330 0.734115 0.097854 0.101491
2 0.132569 0.705945 0.104321 0.211155
2 0.617659 0.710230 0.108416 0.182973
2 0.401669 0.161683 0.106731 0.143608
1 0.752536 0.258661 0.228287 0.134603
1 0.577902 0.307817 0.113680 0.123350
1 0.441720 0.310680 0.129877 0.113700
2 0.647055 0.170067 0.070109 0.116342
2 0.394822 0.182379 0.080037 0.156232
2 0.203146 0.200724 0.091768 0.207325
2 0.124025 0.705611 0.110064 0.176536
2 0.320649 0.714885 0.064047 0.132990
2 0.610032 0.720344 0.104425 0.150366
1 0.723351 0.528368 0.173728 0.085863
1 0.340057 0.281271 0.067247 0.128173
