1 0.453223 0.711590 0.070365 0.079892
2 0.077445 0.690938 0.044423 0.101363
2 0.244773 0.682598 0.047385 0.069286
2 0.493051 0.741620 0.058244 0.066720
2 0.754656 0.723015 0.036526 0.050040
0 0.799573 0.700561 0.033564 0.046191
2 0.161849 0.086608 0.061206 0.093665
2 0.320787 0.128949 0.049359 0.085966
2 0.555244 0.168725 0.054295 0.093665
2 0.084263 0.706867 0.117889 0.188498
2 0.261519 0.699151 0.134851 0.062833
2 0.501537 0.769149 0.109407 0.116847
2 0.769543 0.733323 0.089053 0.082674
2 0.169499 0.082399 0.069546 0.081572
2 0.332761 0.146334 0.077179 0.121256
2 0.566842 0.190978 0.121281 0.133382
0 0.529475 0.577700 0.941049 0.401178
2 0.770744 0.464033 0.295567 0.438864
