0 0.175348 0.689366 0.044297 0.057502
0 0.132354 0.205671 0.044297 0.071032
0 0.169735 0.679495 0.008908 0.042048
0 0.124386 0.197513 0.017006 0.038895
1 0.234519 0.664252 0.085029 0.051509
1 0.500133 0.765169 0.041300 0.051509
1 0.781538 0.639549 0.019435 0.084097
1 0.728496 0.241664 0.081790 0.095660
1 0.871831 0.327338 0.015386 0.025229
1 0.418748 0.237459 0.068023 0.072534
1 0.749146 0.726799 0.030772 0.081995
2 0.661931 0.139520 0.119100 0.092105
2 0.386988 0.137053 0.045613 0.083882
1 0.801303 0.765342 0.050681 0.113487
1 0.919769 0.706954 0.046880 0.098684
