2 0.873684 0.073754 0.074135 0.087945
0 0.814506 0.669917 0.023411 0.049046
0 0.625323 0.706403 0.035377 0.053080
0 0.814002 0.667478 0.029935 0.036566
0 0.620149 0.700793 0.029182 0.047434
0 0.331061 0.687155 0.014591 0.027274
0 0.811659 0.672332 0.025535 0.042690
0 0.812990 0.672662 0.008893 0.030485
0 0.624225 0.707878 0.012935 0.037844
1 0.378466 0.656894 0.050122 0.110378
1 0.323089 0.650061 0.025061 0.033639
1 0.551467 0.282661 0.043655 0.087251
2 0.642414 0.729428 0.210997 0.318518
1 0.646052 0.639549 0.030720 0.046253
0 0.623900 0.695807 0.026073 0.045656
0 0.809660 0.669746 0.021418 0.040227
