1 0.523044 0.672454 0.209674 0.142064
2 0.235234 0.227642 0.062618 0.201593
2 0.074151 0.203332 0.050821 0.193292
2 0.397678 0.198589 0.075323 0.235982
2 0.645428 0.187916 0.111624 0.311876
1 0.527452 0.729253 0.291310 0.270372
2 0.646336 0.665810 0.149739 0.292903
2 0.389965 0.730439 0.096196 0.282230
2 0.079895 0.206406 0.077299 0.270084
2 0.237434 0.238794 0.064696 0.279965
2 0.400855 0.214091 0.077299 0.289846
2 0.629812 0.182801 0.133593 0.301923
2 0.926407 0.635685 0.054614 0.300825
2 0.689888 0.685640 0.078980 0.268986
2 0.624771 0.677406 0.084861 0.256909
2 0.413878 0.704853 0.073098 0.252517
1 0.501185 0.667272 0.206466 0.120688
1 0.509938 0.662685 0.221769 0.192005
