2 0.804698 0.865256 0.125105 0.138682
1 0.660514 0.926530 0.127171 0.142965
2 0.775130 0.793551 0.244621 0.390000
2 0.469758 0.791449 0.127981 0.373181
2 0.273171 0.768385 0.116959 0.196850
2 0.462773 0.764235 0.088633 0.226496
2 0.797659 0.712651 0.148026 0.310690
2 0.241190 0.176058 0.071272 0.164832
2 0.421197 0.231792 0.074927 0.183805
2 0.699432 0.190881 0.057566 0.189735
2 0.089966 0.813447 0.064876 0.201593
2 0.464050 0.772580 0.050364 0.181176
0 0.695210 0.183894 0.082945 0.105253
2 0.247305 0.136650 0.125340 0.094489
