2 0.533343 0.709980 0.478713 0.363720
2 0.204707 0.621057 0.092942 0.187126
2 0.386538 0.771912 0.098079 0.087240
2 0.684330 0.760513 0.089728 0.068684
2 0.768667 0.106278 0.077212 0.099880
2 0.515737 0.064312 0.082730 0.090611
2 0.176766 0.072258 0.057386 0.084313
2 0.170640 0.143332 0.051656 0.118190
2 0.358912 0.161261 0.047740 0.116901
2 0.513331 0.150056 0.056939 0.137550
2 0.736028 0.214293 0.075967 0.192919
1 0.616305 0.256972 0.136867 0.221303
1 0.397572 0.245215 0.068323 0.216762
1 0.250947 0.273427 0.135142 0.080590
1 0.261747 0.495709 0.236318 0.146681
1 0.518509 0.603925 0.196846 0.137017
1 0.794893 0.609773 0.225360 0.155911
2 0.956999 0.668871 0.055975 0.152318
2 0.673955 0.698533 0.107233 0.174153
2 0.386000 0.682744 0.069064 0.197399
2 0.204100 0.630899 0.046717 0.165108
2 0.053096 0.599214 0.062992 0.271980
