0 0.622661 0.327338 0.018663 0.035741
0 0.315936 0.303686 0.010549 0.045202
2 0.144722 0.319454 0.211786 0.381591
1 0.221403 0.274252 0.021097 0.053612
2 0.480659 0.346260 0.380566 0.376335
1 0.599940 0.256381 0.046252 0.051509
1 0.092153 0.201339 0.049403 0.104892
2 0.508652 0.396011 0.083711 0.064002
2 0.151988 0.288004 0.078838 0.268241
2 0.348216 0.303155 0.109160 0.170597
0 0.118634 0.250405 0.031189 0.060607
0 0.116468 0.379475 0.032055 0.067341
0 0.622848 0.334020 0.036387 0.072952
1 0.087445 0.128630 0.057179 0.079687
1 0.212199 0.102816 0.084902 0.059484
0 0.310530 0.316062 0.044184 0.070708
2 0.148776 0.442092 0.066072 0.099280
2 0.569071 0.785533 0.287473 0.185226
2 0.353375 0.407960 0.078727 0.305970
1 0.108428 0.345694 0.032660 0.059701
0 0.314452 0.311791 0.028284 0.047833
0 0.618706 0.333873 0.046887 0.054411
1 0.511740 0.389943 0.048240 0.033354
2 0.142015 0.369642 0.093543 0.114225
