0 0.7033076520 0.6437027688 0.0313156837 0.0405898485
0 0.4319875806 0.6934094865 0.0205745166 0.0388902692
0 0.7071715742 0.6517413830 0.0154308213 0.0244452169
0 0.7418910543 0.6378520151 0.0162881857 0.0211117960
1 0.4465612264 0.6256293577 0.0205745166 0.0500017047
1 0.1165119088 0.6522969694 0.0702962114 0.0944477406
1 0.4834238909 0.6706309066 0.0462926528 0.1488940880
1 0.5751518509 0.2200597209 0.0702961736 0.1100038434
1 0.6733093829 0.2300600692 0.0814407774 0.1166707096
1 0.3111124139 0.2406160101 0.0617234930 0.0911142830
0 0.4605631920 0.4834836957 0.7906712771 0.6285116768
