1 0.163234 0.616455 0.125228 0.162938
1 0.337342 0.625390 0.201981 0.113531
2 0.514704 0.584509 0.201473 0.263834
2 0.535308 0.426917 0.277593 0.225056
0 0.141887 0.792001 0.153347 0.178577
1 0.356948 0.687237 0.358517 0.250688
1 0.709540 0.768442 0.228631 0.178470
0 0.129814 0.794029 0.078460 0.134856
0 0.383513 0.691691 0.270369 0.186293
0 0.708541 0.716567 0.133138 0.235408
1 0.701468 0.749224 0.169239 0.140799
1 0.478888 0.670556 0.079919 0.133776
2 0.494592 0.523267 0.186875 0.227777
1 0.333508 0.695739 0.175546 0.223367
1 0.134769 0.783555 0.088475 0.115054
2 0.041042 0.633905 0.068203 0.104569
2 0.911071 0.639700 0.109317 0.354981
1 0.421802 0.717254 0.804999 0.327089
2 0.902911 0.591094 0.194177 0.421627
2 0.498783 0.501993 0.218419 0.173543
