0 0.634259 0.539165 0.138095 0.005235
0 0.639373 0.815312 0.144914 0.015705
0 0.329087 0.940953 0.117636 0.013088
0 0.306071 0.774087 0.092063 0.011779
2 0.199035 0.486523 0.188453 0.082667
2 0.180823 0.790445 0.161531 0.080236
2 0.204578 0.922348 0.174200 0.059569
2 0.200515 0.471584 0.176025 0.096121
2 0.195162 0.756205 0.183400 0.070569
2 0.218026 0.931982 0.160745 0.056894
2 0.761550 0.537955 0.141686 0.035434
2 0.763395 0.802280 0.124983 0.045817
2 0.757777 0.969174 0.196416 0.032542
1 0.182471 0.321979 0.047847 0.082675
