1 0.368395 0.244270 0.050524 0.062265
1 0.373447 0.328233 0.063516 0.081133
1 0.377410 0.319511 0.053244 0.095543
1 0.330483 0.278226 0.026171 0.036566
1 0.746055 0.778355 0.054146 0.055439
1 0.178873 0.212761 0.026171 0.040105
2 0.247729 0.744685 0.083302 0.192331
2 0.424061 0.745082 0.066277 0.181999
2 0.711361 0.748659 0.096071 0.181204
2 0.759701 0.219352 0.072357 0.151003
2 0.349576 0.241208 0.069317 0.209020
2 0.191789 0.249950 0.065061 0.243990
1 0.308433 0.320267 0.049165 0.137157
1 0.427345 0.351834 0.140495 0.232095
1 0.416002 0.714283 0.107575 0.254949
1 0.666824 0.643850 0.169023 0.193173
1 0.780233 0.350746 0.114453 0.196615
