0 0.7487110100 0.3342053750 0.0674278335 0.0473547836
1 0.2458537451 0.6558424339 0.0515823364 0.1166847851
1 0.6516616368 0.3756939609 0.0781795388 0.1387602257
1 0.2913912594 0.6174731189 0.0523882951 0.1072237447
1 0.2986450290 0.0866101606 0.3989571109 0.1450675013
0 0.7573955272 0.3369426712 0.0638108962 0.0594479712
2 0.8234854217 0.2091295121 0.2988695201 0.1027600748
2 0.4162023563 0.4549893802 0.2786844839 0.1188959425
2 0.1860272058 0.5798301666 0.0709733869 0.0645435201
2 0.0486383538 0.6184713565 0.0579507457 0.0993630669
0 0.6341656600 0.5423316494 0.2023686324 0.1704034567
0 0.7696259376 0.5192427493 0.0413402142 0.0693625880
0 0.1410507849 0.7555623274 0.1994909674 0.2365915762
1 0.3026421141 0.6666219864 0.1695127393 0.2438714595
2 0.4200695623 0.5465249222 0.3506737700 0.3130942430
1 0.5586089899 0.4668561121 0.0174608514 0.0542477415
2 0.4213100093 0.4170056113 0.2477819613 0.2335560254
2 0.1944428529 0.6123336780 0.0487840294 0.1223940107
1 0.5938766026 0.6233805240 0.0360059077 0.0414062697
