2 0.7968398336 0.1295650459 0.0886071082 0.1589768185
0 0.9009171402 0.6727856224 0.0263553600 0.0377456265
0 0.9290900196 0.6668878695 0.0245377140 0.0471819818
0 0.6528138472 0.2192487787 0.0336256907 0.0342069214
0 0.8036752019 0.1537837815 0.0281728161 0.0424637631
0 0.2393083800 0.2446091016 0.0263553283 0.0448228724
0 0.7514190199 0.6804526970 0.0308994115 0.0507206253
0 0.4556035491 0.7264551651 0.0390785336 0.0483615980
0 0.4869572615 0.2540455083 0.0272640564 0.0330273873
0 0.9020877186 0.6704572974 0.0102732604 0.0200006912
0 0.9286269746 0.6671239241 0.0119854705 0.0200006912
0 0.7282987446 0.6960137886 0.0102732604 0.0200006912
0 0.7544098375 0.6832355430 0.0111293971 0.0366679681
0 0.2377514696 0.2465536891 0.0171220532 0.0188895394
1 0.2707114659 0.7254592085 0.1224228142 0.1544498528
1 0.1525691848 0.6943470199 0.1001640992 0.0544463147
