0 0.746925 0.606600 0.030698 0.036792
0 0.768737 0.637610 0.024235 0.037844
0 0.373707 0.131977 0.024235 0.042049
2 0.178587 0.061207 0.092640 0.074732
0 0.377040 0.139292 0.061836 0.075249
2 0.300039 0.631190 0.088752 0.289334
2 0.747973 0.659579 0.084564 0.122120
1 0.585445 0.548523 0.102765 0.124000
1 0.462127 0.329091 0.087817 0.125216
2 0.487351 0.674347 0.091554 0.237060
2 0.756409 0.626935 0.085949 0.217609
2 0.299105 0.667661 0.099962 0.272315
2 0.141687 0.696229 0.065396 0.154393
2 0.351888 0.113914 0.063528 0.210314
2 0.579373 0.140051 0.075672 0.243138
2 0.181392 0.112698 0.111173 0.178706
