2 0.1340244366 0.1638676655 0.0699249815 0.2140151181
2 0.4626718496 0.1804518703 0.0936386495 0.2661368925
2 0.3127891621 0.1725546289 0.0747893362 0.2282301447
0 0.3971781734 0.3043678866 0.4538723126 0.2781115183
0 0.5419376824 0.6382785537 0.1808004008 0.0886857979
0 0.8309434880 0.6054179119 0.1469664659 0.0718870600
2 0.3446001986 0.6884047420 0.2517944223 0.3091801777
0 0.7000896239 0.7607353731 0.0229694506 0.0365558915
0 0.7375823465 0.7431047187 0.0209373611 0.0411965734
2 0.4004945207 0.1090673669 0.2364073537 0.0903609923
0 0.7020784943 0.7635918430 0.0145687936 0.0399461616
0 0.7332394517 0.7425675603 0.0153781417 0.0273315430
1 0.4345796735 0.6921093309 0.0267093920 0.0357412560
2 0.5680996925 0.6038068166 0.7546792676 0.6816151569
