0 0.615480 0.677425 0.045978 0.057817
0 0.323885 0.697924 0.074209 0.094609
0 0.592088 0.216994 0.100828 0.108275
2 0.587993 0.164235 0.075269 0.248613
0 0.320010 0.685138 0.029848 0.035516
0 0.617840 0.675836 0.015573 0.033825
0 0.595231 0.327912 0.131400 0.143380
1 0.683265 0.185640 0.046642 0.083883
0 0.611437 0.680425 0.039179 0.057137
2 0.180002 0.788014 0.088619 0.206667
2 0.365169 0.766739 0.102611 0.409688
2 0.649683 0.726014 0.124999 0.372001
2 0.176271 0.189895 0.150186 0.316079
2 0.345580 0.199012 0.074627 0.370785
0 0.572258 0.319366 0.087686 0.139804
2 0.615635 0.217248 0.194962 0.402393
1 0.591516 0.570970 0.288471 0.541460
0 0.348607 0.187405 0.031835 0.069146
0 0.167452 0.139991 0.039414 0.061244
