0 0.7428985310 0.8749934956 0.1703868957 0.1175223752
0 0.5194330582 0.2592200415 0.1338116576 0.0806524977
0 0.7281540091 0.8546860928 0.1099353446 0.1335041772
0 0.4826317586 0.2681087975 0.0830622561 0.0515094788
0 0.5917527941 0.2644295577 0.0830622561 0.1723990760
0 0.3474520072 0.2533918181 0.1465804594 0.1082750377
0 0.1594225922 0.1271570809 0.1833245742 0.1845959057
0 0.6372514925 0.2250081643 0.1330606336 0.1944437410
1 0.5590417373 0.3691517009 0.1007736380 0.0800536005
1 0.2644727079 0.3019638471 0.0564775001 0.0972079361
1 0.0728921167 0.2826652220 0.0852699755 0.0786240810
0 0.5103160347 0.2769471033 0.0321146647 0.0528925673
0 0.7173341809 0.5813953717 0.2942103052 0.4965517591
