0 0.390250 0.821047 0.105842 0.156631
0 0.161194 0.717503 0.029086 0.050458
0 0.885528 0.172974 0.185022 0.294340
0 0.519120 0.170584 0.491238 0.341168
1 0.151635 0.681472 0.070042 0.199845
1 0.345171 0.675876 0.041779 0.236617
1 0.621037 0.619120 0.057754 0.231820
0 0.396781 0.823762 0.135168 0.155080
0 0.398596 0.809024 0.109698 0.147444
1 0.148829 0.678094 0.056209 0.251244
1 0.351906 0.705223 0.063462 0.248885
0 0.576742 0.737661 0.058022 0.089646
0 0.398077 0.824912 0.105744 0.159488
1 0.222736 0.909807 0.176441 0.094444
0 0.409028 0.816085 0.117559 0.123790
1 0.411867 0.820596 0.147961 0.139735
