0 0.7951031738 0.6963377011 0.1417879883 0.0745359054
0 0.8475352051 0.4859170096 0.1491727539 0.0298143849
0 0.8431043701 0.2990038096 0.1668963379 0.0252275550
0 0.1784730927 0.4647029332 0.2200668030 0.0378413040
0 0.2301666260 0.6888841333 0.1255414551 0.1009102199
0 0.2279511963 0.9497599157 0.1329262695 0.0561886616
0 0.6802992676 0.6710850496 0.0690521484 0.0819946668
0 0.6593128418 0.8471633437 0.1299804687 0.0346901082
0 0.4074756836 0.9496567246 0.0595744141 0.0609704817
0 0.3817503784 0.6794947654 0.1191487549 0.1114286624
0 0.4013828125 0.2274728052 0.0771758789 0.0861995152
0 0.7073785645 0.1297099238 0.0961313477 0.0378436924
0 0.6611990967 0.4085460213 0.0849216309 0.1027873732
0 0.6588867920 0.8059629073 0.1451529785 0.3278560662
0 0.4227561279 0.8135531787 0.1224711426 0.3504292174
0 0.5177987427 0.5326878613 0.4861211670 0.7280888907
