1 0.251755 0.161699 0.080923 0.179272
1 0.685085 0.709661 0.093975 0.172507
0 0.067661 0.572279 0.135322 0.218955
1 0.194999 0.709526 0.105913 0.247453
1 0.394192 0.754823 0.109997 0.188001
1 0.716810 0.744016 0.133338 0.189731
0 0.182434 0.621567 0.018866 0.071114
0 0.443122 0.599899 0.072032 0.038890
0 0.415252 0.735460 0.018008 0.045557
0 0.659647 0.628789 0.040304 0.030001
0 0.608196 0.284333 0.124341 0.092225
0 0.177718 0.338779 0.100330 0.136671
0 0.094109 0.579343 0.156070 0.217785
0 0.079028 0.611710 0.108137 0.185319
1 0.875265 0.895921 0.197082 0.111022
0 0.547058 0.596121 0.245492 0.089865
0 0.480422 0.295367 0.441323 0.254479
0 0.267889 0.623587 0.201672 0.214858
