0 0.435329 0.644969 0.021871 0.039946
0 0.402927 0.639187 0.038072 0.030485
0 0.175303 0.622368 0.073715 0.106173
0 0.119004 0.613958 0.032402 0.034690
0 0.507828 0.271262 0.038882 0.072534
0 0.545496 0.268634 0.025112 0.086200
0 0.243347 0.269160 0.039692 0.055714
0 0.170196 0.617347 0.073624 0.080209
0 0.402885 0.635040 0.029995 0.044823
0 0.439243 0.642117 0.028177 0.047182
0 0.124294 0.610859 0.018179 0.036566
0 0.148523 0.612538 0.031533 0.047820
0 0.422485 0.638149 0.042841 0.047040
0 0.252201 0.693055 0.224973 0.337529
