0 0.3230682278 0.6342925615 0.0250648198 0.0441509673
1 0.3450077918 0.7445140238 0.0614381399 0.0381505871
1 0.1652784091 0.7051710537 0.0375964400 0.0405350245
1 0.6489888383 0.7719347454 0.0531852517 0.0429193797
1 0.9396736034 0.7248426722 0.0366794120 0.0321895964
1 0.2876961276 0.1597369927 0.0348455141 0.0345739516
1 0.4504612514 0.2074252266 0.0449323634 0.0393427853
1 0.7113439903 0.1764278694 0.0440153829 0.0369583890
0 0.3868151994 0.3309146373 0.1056605748 0.1556083299
0 0.6561094485 0.3224047921 0.0701286995 0.2382752327
1 0.4878733262 0.5615579187 0.7300716029 0.5802178158
0 0.2888348502 0.3789573556 0.2534928411 0.0736658807
1 0.6521981439 0.7937766238 0.0578021253 0.1301712303
