0 0.3298133646 0.7869661317 0.1477554103 0.1373442005
0 0.4921618887 0.7494727664 0.0796541750 0.1333974735
0 0.7958813507 0.7660487787 0.1276898659 0.1034027518
0 0.5176998543 0.2154882094 0.0735736944 0.0884054155
0 0.3307254254 0.1965442015 0.0899909580 0.1136641214
0 0.8160045773 0.8513040965 0.1063155891 0.2656497878
0 0.5085444483 0.8495324294 0.1055234960 0.2383578267
0 0.3217093848 0.8594461667 0.0968146203 0.2296781947
0 0.7739911734 0.1618162227 0.0879551836 0.2486423274
0 0.5111348622 0.1373025900 0.0804935505 0.2365721227
0 0.3334195441 0.1469650822 0.0902904698 0.2237902448
0 0.1494147350 0.1270402506 0.0930730250 0.2163809424
0 0.4808031221 0.7776193918 0.7298522892 0.0727898585
1 0.5065667728 0.6148998128 0.0393737376 0.0911142747
1 0.5061645318 0.6273457960 0.0423669229 0.0652462378
