0 0.6458387106 0.5701685342 0.1476544204 0.1618869408
0 0.1980902474 0.5517722772 0.3486286151 0.4152294665
0 0.7116472980 0.5530772156 0.2365306575 0.1295495772
1 0.6743856302 0.7415884933 0.1490467204 0.1743937023
0 0.4518956408 0.0726640505 0.0237610208 0.0539790063
1 0.3489448461 0.6123468808 0.5154329495 0.6090606916
0 0.7513304041 0.4919935224 0.2482299805 0.3610598955
1 0.5499206838 0.2252343425 0.1082862528 0.0667353634
1 0.5940330438 0.4204473484 0.1040800404 0.0336422832
1 0.4406125225 0.0356831007 0.0955403810 0.0534730992
