0 0.643693 0.361503 0.100290 0.125094
0 0.613768 0.649535 0.016176 0.043100
1 0.331095 0.734683 0.342120 0.324825
0 0.257718 0.367607 0.382560 0.554728
1 0.492745 0.505226 0.963257 0.639366
1 0.379665 0.793106 0.111510 0.327441
1 0.338483 0.826696 0.195334 0.237867
0 0.652464 0.343414 0.095562 0.094154
1 0.727543 0.193683 0.074334 0.316661
1 0.597741 0.792876 0.051614 0.269998
1 0.757917 0.743979 0.026674 0.237783
0 0.139198 0.645218 0.129413 0.126768
0 0.521225 0.182161 0.036665 0.154697
1 0.912944 0.217023 0.062841 0.201185
1 0.229365 0.137840 0.031358 0.126037
0 0.330910 0.202615 0.047242 0.095726
