0 0.511243 0.719810 0.261189 0.291633
1 0.634529 0.711210 0.095247 0.106726
1 0.668999 0.196554 0.055334 0.045062
1 0.289827 0.210784 0.060776 0.061664
1 0.494834 0.214934 0.048077 0.058106
0 0.336895 0.301583 0.084433 0.110377
0 0.746998 0.205923 0.078000 0.162938
0 0.455905 0.646382 0.082825 0.154528
0 0.550390 0.654266 0.051464 0.084097
0 0.545163 0.757810 0.078000 0.144016
0 0.478019 0.807217 0.101320 0.131402
0 0.489343 0.709485 0.178023 0.265279
0 0.742502 0.611319 0.158963 0.087021
1 0.472328 0.538321 0.802569 0.606975
