0 0.228408 0.633767 0.047115 0.049407
0 0.175201 0.662675 0.041429 0.048356
0 0.368536 0.620101 0.031681 0.038895
1 0.565120 0.774104 0.462216 0.298545
0 0.313863 0.640417 0.147358 0.132414
0 0.227926 0.427997 0.171727 0.094130
1 0.716017 0.639561 0.204792 0.265393
0 0.320328 0.819027 0.024875 0.041727
1 0.210235 0.787433 0.079230 0.083454
1 0.393110 0.771339 0.059883 0.060803
1 0.730760 0.710536 0.163989 0.091800
1 0.030124 0.797567 0.024875 0.048880
1 0.057762 0.286111 0.045143 0.072725
1 0.219448 0.290880 0.081073 0.079878
1 0.388503 0.276573 0.059883 0.058418
1 0.632643 0.224116 0.059883 0.044112
1 0.825192 0.182389 0.035930 0.046496
1 0.664364 0.557641 0.404895 0.463178
