1 0.141716 0.090595 0.178256 0.135357
1 0.196311 0.693706 0.096692 0.186759
1 0.457117 0.757958 0.144709 0.193612
1 0.938933 0.752818 0.076959 0.056542
1 0.747851 0.766096 0.051306 0.045405
1 0.405153 0.142853 0.061830 0.032554
1 0.644581 0.119294 0.051306 0.045405
1 0.813628 0.115439 0.043413 0.063395
0 0.840739 0.217486 0.031478 0.080943
0 0.662768 0.244818 0.043585 0.040997
1 0.488763 0.653072 0.105475 0.257726
1 0.660977 0.150385 0.063472 0.062000
1 0.479895 0.659759 0.067205 0.115491
1 0.753384 0.721151 0.056005 0.085098
1 0.939133 0.673131 0.093341 0.149530
1 0.210140 0.629366 0.061605 0.120353
