1 0.491314 0.419613 0.102488 0.160668
0 0.758976 0.539683 0.141114 0.237574
0 0.399740 0.643228 0.117729 0.091456
0 0.376355 0.367810 0.098377 0.226011
0 0.350955 0.161772 0.149178 0.158733
0 0.434010 0.120249 0.271745 0.197628
1 0.428769 0.468201 0.380605 0.592885
1 0.525049 0.489236 0.199255 0.280011
1 0.247094 0.598000 0.203382 0.307780
1 0.701608 0.540532 0.101986 0.217529
1 0.499712 0.470393 0.105401 0.282316
0 0.760374 0.579904 0.074006 0.088873
1 0.782987 0.738171 0.238728 0.423060
1 0.519080 0.530288 0.138015 0.262589
