1 0.706504 0.775461 0.451101 0.310011
0 0.716237 0.820735 0.156377 0.284796
0 0.416898 0.772181 0.140731 0.167248
1 0.557341 0.763092 0.106359 0.154393
1 0.332029 0.200836 0.094230 0.184785
1 0.171091 0.175914 0.052246 0.215177
1 0.079660 0.710818 0.054112 0.251648
0 0.130515 0.327757 0.081599 0.139230
1 0.082940 0.659515 0.085824 0.325883
1 0.575088 0.780123 0.111849 0.103896
1 0.272209 0.773629 0.079734 0.137085
1 0.086162 0.748377 0.064230 0.161616
1 0.335886 0.151696 0.063123 0.151515
1 0.168665 0.141595 0.069767 0.168831
1 0.586089 0.543535 0.671766 0.202747
