1 0.5219901354 0.7603984555 0.0967893240 0.1522118085
1 0.3688431306 0.6360336805 0.2113753469 0.1292992402
1 0.5363174108 0.7642816890 0.0812981856 0.1713479182
1 0.3330718994 0.8199960359 0.0422750467 0.0430997141
1 0.0863318523 0.6733516941 0.0219505192 0.0441509946
1 0.1757598735 0.2618015066 0.0528438320 0.0704313451
1 0.3757534724 0.1798068399 0.1812950489 0.1166847418
1 0.8131378268 0.6554810987 0.0430880992 0.0630728704
0 0.6109049794 0.7947003355 0.2021395562 0.3683540094
0 0.3199180957 0.8032101462 0.1786348987 0.3683540582
0 0.0914534436 0.6810333032 0.0808558225 0.3622755626
0 0.2409426474 0.1734827865 0.1335060710 0.3027067528
