1 0.869699 0.748489 0.193068 0.271009
1 0.362896 0.204623 0.322726 0.289487
1 0.542714 0.771278 0.135337 0.166301
0 0.598259 0.786719 0.048457 0.071483
0 0.744843 0.749926 0.086416 0.138760
0 0.495691 0.752029 0.043612 0.054663
1 0.544968 0.742072 0.110886 0.205388
1 0.075251 0.753848 0.085552 0.208178
1 0.083137 0.222227 0.092184 0.195945
1 0.377412 0.193885 0.304821 0.234469
1 0.836892 0.259738 0.326216 0.257481
1 0.887104 0.701019 0.225793 0.231337
1 0.557129 0.787866 0.093241 0.106441
1 0.581477 0.579162 0.364621 0.697106
