0 0.629008 0.372540 0.027472 0.018922
1 0.620120 0.798807 0.339359 0.331132
1 0.720786 0.711571 0.054657 0.266474
0 0.818700 0.371635 0.172350 0.117861
1 0.559328 0.853995 0.161293 0.121549
1 0.702552 0.847688 0.091664 0.095175
0 0.380408 0.337412 0.067866 0.129576
0 0.898019 0.634837 0.034574 0.124000
0 0.453235 0.603229 0.215851 0.206667
0 0.313539 0.595935 0.042983 0.102118
0 0.506964 0.367993 0.248556 0.144667
0 0.281302 0.327268 0.195294 0.119138
0 0.205147 0.530896 0.149507 0.186001
0 0.791495 0.846367 0.023361 0.274746
0 0.668619 0.455523 0.512062 0.130079
