0 0.766423 0.680579 0.184336 0.144016
0 0.523622 0.683732 0.127935 0.125094
0 0.509866 0.848247 0.125183 0.109326
0 0.818010 0.842466 0.133437 0.114582
0 0.119872 0.663759 0.107300 0.146119
1 0.515435 0.551524 0.937299 0.262279
1 0.514231 0.586285 0.137394 0.247730
1 0.737643 0.582499 0.150891 0.279866
1 0.718006 0.786353 0.164389 0.273963
1 0.896010 0.738149 0.125613 0.327802
1 0.071894 0.542057 0.106078 0.086877
0 0.517347 0.852419 0.084668 0.063593
0 0.810296 0.843354 0.115760 0.054518
1 0.526235 0.514716 0.081525 0.094914
1 0.747010 0.481122 0.105112 0.134034
1 0.527088 0.585265 0.131689 0.217167
1 0.768009 0.614948 0.150347 0.335338
1 0.099357 0.649546 0.113754 0.247949
0 0.264003 0.771146 0.155774 0.207512
0 0.520858 0.853054 0.052526 0.132899
1 0.527440 0.586019 0.098477 0.236792
1 0.776795 0.592970 0.100375 0.275447
1 0.052625 0.633853 0.105250 0.263551
0 0.515035 0.860353 0.058322 0.064952
0 0.823142 0.843797 0.063143 0.063603
1 0.783533 0.664947 0.087807 0.103332
1 0.535040 0.635424 0.057952 0.103332
