0 0.842337 0.230619 0.044045 0.104131
1 0.717231 0.252058 0.046856 0.205811
1 0.477794 0.230007 0.070285 0.164159
1 0.310049 0.217143 0.055291 0.177635
1 0.571039 0.753111 0.074970 0.242563
1 0.230861 0.751273 0.131198 0.273190
1 0.718846 0.250168 0.042634 0.230049
0 0.579035 0.926828 0.084872 0.107810
0 0.915722 0.123422 0.060051 0.099436
1 0.903215 0.714283 0.193571 0.278422
1 0.246752 0.745284 0.108893 0.300402
1 0.139191 0.169705 0.057156 0.194744
1 0.310964 0.239257 0.068709 0.279795
1 0.470576 0.265885 0.091207 0.255154
1 0.710450 0.280193 0.110056 0.326693
1 0.939380 0.289334 0.054724 0.343385
1 0.178410 0.761488 0.147755 0.240052
0 0.081019 0.250679 0.074396 0.133726
0 0.288399 0.354621 0.200870 0.154393
0 0.479505 0.676778 0.196220 0.205452
0 0.683630 0.645778 0.200870 0.131295
0 0.837537 0.367385 0.237138 0.228550
0 0.557621 0.371032 0.216679 0.175059
1 0.564292 0.790609 0.084630 0.149114
1 0.252449 0.758141 0.099348 0.180380
1 0.473683 0.193551 0.070831 0.119051
0 0.228532 0.343267 0.149022 0.175570
0 0.718373 0.369722 0.512378 0.199620
