0 0.3584833189 0.6527216559 0.0882313494 0.1408626275
0 0.6069880365 0.7058079457 0.0866123880 0.1398114300
1 0.5051833830 0.1892527228 0.4030285424 0.1522457046
1 0.4914392437 0.2290505812 0.2269253674 0.3256588981
0 0.0852693504 0.1201153851 0.0432659218 0.0779746651
0 0.4848169135 0.6361242307 0.2472338299 0.1880565669
0 0.0433278929 0.4876283172 0.0618084624 0.0814147130
1 0.4585136946 0.1533098157 0.3463501292 0.1048918039
0 0.8685210630 0.2253118118 0.0711866118 0.1600044404
0 0.1641845467 0.2537570416 0.0561278824 0.0711130846
0 0.9376541808 0.6715464138 0.0643417161 0.1173365651
1 0.5111968284 0.2622281427 0.2892588534 0.2467850960
0 0.4744269758 0.4749441057 0.9398710413 0.5351271252
