0 0.941814 0.302799 0.033820 0.078841
0 0.937385 0.620791 0.065225 0.054663
0 0.652732 0.277044 0.112734 0.050458
1 0.213893 0.798886 0.151367 0.291700
1 0.531493 0.794181 0.089198 0.258766
1 0.730161 0.784184 0.144159 0.264647
1 0.907206 0.784772 0.072980 0.235242
1 0.027701 0.218169 0.055403 0.215247
1 0.265784 0.216993 0.103614 0.219951
1 0.520765 0.244045 0.121634 0.191722
1 0.702766 0.236400 0.121634 0.176432
1 0.873954 0.196409 0.132446 0.174079
1 0.265665 0.227815 0.094855 0.260359
1 0.531685 0.247262 0.117353 0.251628
1 0.725043 0.259169 0.116136 0.304017
1 0.875838 0.225433 0.116136 0.307986
1 0.257457 0.798938 0.086950 0.283379
1 0.518612 0.787429 0.076614 0.263535
1 0.730515 0.795763 0.106408 0.243690
1 0.917185 0.792985 0.061412 0.257184
1 0.197313 0.638484 0.295201 0.243138
