1 0.3992728291 0.7199993041 0.0911827512 0.1639893758
1 0.7329370902 0.7194736991 0.0548709827 0.1103774607
1 0.4017172720 0.7055636297 0.0423121128 0.1349189009
1 0.7241194340 0.7125231609 0.0236603651 0.0695553594
1 0.9023843018 0.7676018609 0.0413683312 0.1110551868
0 0.4318546441 0.7508435088 0.1289687563 0.2728400730
0 0.7160139048 0.7368271931 0.0860508187 0.2784671998
0 0.9428637001 0.7216814812 0.0913448074 0.2447102373
0 0.1396600561 0.7558244100 0.1083899499 0.2027186395
0 0.7759483535 0.1749205159 0.1584586578 0.3101310807
1 0.5099645740 0.0586470928 0.0965641809 0.0822048617
1 0.4399228656 0.0727405778 0.0294547441 0.0785964223
1 0.2987320456 0.5967922979 0.3250203551 0.2809944091
