1 0.5534950393 0.3573343596 0.1465616937 0.1782714697
1 0.3582158303 0.4488030669 0.0957187505 0.1219584879
0 0.4746094314 0.6048585692 0.0988529226 0.1723990437
0 0.3883156862 0.6395486150 0.0510470143 0.1324529244
0 0.4869262169 0.6136704650 0.0885470068 0.1443724415
0 0.3810221918 0.6429120863 0.0390719392 0.1334588579
1 0.5460210155 0.3424029941 0.0550381795 0.1147086969
1 0.7243973502 0.3459679034 0.0491665824 0.0909175980
0 0.3930051455 0.6283252939 0.0406806274 0.1610624098
0 0.4866407092 0.6201356298 0.0974931887 0.1155645796
0 0.6356860976 0.7079464846 0.1360696263 0.0473177122
1 0.5529221061 0.3940113534 0.0715417774 0.1601524445
1 0.7237105825 0.4090256481 0.0512015389 0.2065602645
0 0.4728572373 0.6465814165 0.0959744550 0.1956642694
0 0.3828240452 0.6341300739 0.0347336295 0.0972392496
1 0.5423244399 0.3862886619 0.1343642145 0.2419121587
0 0.7470699364 0.4544747137 0.1672697226 0.2502130864
1 0.4911144019 0.3803607871 0.9163720583 0.1529088497
1 0.4999561322 0.6488175792 0.8461539879 0.5434134870
