0 0.9582045233 0.6801845953 0.0835909533 0.1461187042
0 0.8128472012 0.6360336390 0.0307448632 0.0830458674
0 0.5693151326 0.2055615696 0.0598717090 0.1030189471
0 0.9647855115 0.6511270979 0.0704289770 0.1048000148
1 0.6377910791 0.7992140263 0.0617226804 0.1549217611
1 0.8184000777 0.8055931576 0.0371738493 0.1749704596
1 0.3372437090 0.7869114158 0.0890770502 0.0665252268
0 0.5911483906 0.2000313327 0.0413822139 0.0410087015
0 0.5247586466 0.3145027928 0.8776559363 0.1300788321
0 0.2276842666 0.6567195239 0.2573084876 0.2771772905
0 0.5069809669 0.6950137567 0.1946188156 0.2881185420
0 0.7165704213 0.6172095964 0.0898240978 0.1738436416
