0 0.4712660383 0.6234078558 0.0880324864 0.1995666060
1 0.2333054118 0.1045709824 0.0550009095 0.0834001805
1 0.3938884546 0.1385726004 0.0481258430 0.0975140731
1 0.8555032711 0.1584603164 0.0677689656 0.1244586769
1 0.8063953135 0.7313553634 0.0658047364 0.1000801894
1 0.5245156052 0.7762631021 0.0618760137 0.0769847725
1 0.2391983731 0.7198075809 0.0569652331 0.0795508641
1 0.0791064229 0.7031275411 0.0314291066 0.0795509135
1 0.0878372051 0.6981868266 0.0857354816 0.1836125984
1 0.2452531663 0.7284829364 0.0829244746 0.2111544536
1 0.5340833947 0.7844847153 0.1405499524 0.1542345076
1 0.2459559299 0.1087904863 0.1208729508 0.1725957372
1 0.3921278963 0.1629561576 0.0871410181 0.2038099309
1 0.5297347720 0.7691708860 0.1740174246 0.2224712696
1 0.4690746246 0.5164924689 0.7966483135 0.5210694149
1 0.4910578772 0.4280006452 0.9690407107 0.2121369370
