0 0.3685991884 0.5375808913 0.0176994773 0.0567655100
0 0.7575847614 0.2469202616 0.1536634699 0.0893531602
0 0.5978874844 0.1165697536 0.0901062957 0.1187871544
1 0.1390985282 0.5573347888 0.1515107382 0.3235601777
0 0.2028275339 0.2562971331 0.1719071994 0.1669746201
0 0.5385877958 0.3430844217 0.5306836202 0.4955341006
1 0.3585919360 0.1604287057 0.0762534316 0.3114323886
1 0.1756863195 0.6454945536 0.0982157232 0.1768865493
1 0.3859897673 0.6414253210 0.0711314671 0.1789170546
1 0.6998953521 0.6573363616 0.0430459226 0.1785915832
1 0.1415770634 0.1086028695 0.0349298530 0.1762204093
