0 0.5287614816 0.8569509941 0.2707438357 0.1702059919
0 0.5319518700 0.8644327532 0.1895608099 0.1200814052
1 0.4613255973 0.6901199832 0.1711444277 0.2253098070
1 0.8846349235 0.6183766148 0.0637239912 0.1624602379
0 0.5373870644 0.8613689043 0.1662430854 0.1261477108
0 0.5384395441 0.8661813122 0.1331315817 0.1017837971
1 0.1532248091 0.3408985138 0.2893546155 0.1229140298
0 0.5507830996 0.8688015408 0.1779596091 0.1262189185
1 0.4439316909 0.6889353077 0.1511876099 0.1495298865
0 0.8358996185 0.8135435539 0.1810519200 0.1920791091
0 0.8245206719 0.7905373155 0.3509586561 0.2707296896
