0 0.299438 0.588072 0.065552 0.120890
0 0.723095 0.581765 0.132722 0.194475
0 0.914085 0.644838 0.097113 0.129299
0 0.064575 0.647487 0.063122 0.061854
0 0.189712 0.485660 0.032115 0.109323
0 0.197782 0.521320 0.084857 0.190228
0 0.115663 0.451096 0.065696 0.124448
0 0.925226 0.640434 0.080751 0.044446
0 0.763724 0.659991 0.067064 0.072891
1 0.377077 0.441318 0.068433 0.090669
1 0.513259 0.491097 0.069802 0.129781
1 0.381488 0.403056 0.087033 0.078297
1 0.225158 0.608489 0.176771 0.274691
1 0.741430 0.666825 0.484274 0.304133
1 0.538827 0.456640 0.878184 0.784421
