1 0.9205072075 0.8600614505 0.1037140129 0.0877121577
0 0.9279921280 0.6427070910 0.0271656546 0.0931843884
0 0.9347835102 0.3348446547 0.0642917930 0.0601570217
1 0.7079510627 0.2334033938 0.1014181205 0.1781119762
1 0.8917713707 0.2015555407 0.1050402750 0.2017029876
1 0.5798201042 0.7630211343 0.1023235646 0.2441667302
1 0.7713373487 0.7547643337 0.0597642890 0.2229349102
1 0.9497245824 0.7883814675 0.0199214086 0.0306682984
1 0.9279921595 0.7765859823 0.0760636692 0.2642190570
1 0.2841681312 0.7406096981 0.1068512735 0.1969847073
1 0.9333755107 0.8798532595 0.0790670274 0.1315826026
1 0.9258665165 0.8641838069 0.0546210766 0.1399296015
