1 0.508820 0.166772 0.080360 0.182654
0 0.747861 0.699106 0.038670 0.087251
0 0.239513 0.314362 0.027391 0.030485
1 0.397012 0.146168 0.303720 0.236523
1 0.379676 0.118642 0.352883 0.152893
0 0.235200 0.294079 0.111797 0.208072
0 0.503357 0.311057 0.104740 0.218601
0 0.753461 0.274940 0.052714 0.204898
0 0.124537 0.633075 0.115801 0.205408
0 0.714227 0.608243 0.093701 0.173000
1 0.072327 0.150038 0.038829 0.097064
1 0.240555 0.176154 0.061699 0.129490
1 0.505046 0.165315 0.053454 0.119130
1 0.138916 0.766223 0.063096 0.094176
1 0.412908 0.714362 0.056042 0.136456
1 0.717452 0.707396 0.054589 0.100967
1 0.583578 0.756989 0.125807 0.080406
