0 0.7826910491 0.6941074987 0.2194179119 0.1486193257
1 0.7157987085 0.7871264796 0.1260291373 0.2564223259
1 0.4193731251 0.8156178874 0.1144549681 0.2363108481
1 0.2451186038 0.8080760341 0.1028809123 0.2715060326
1 0.8411847861 0.2139471546 0.2687763176 0.2999973789
1 0.4663125406 0.2064053197 0.0874487622 0.2145232662
1 0.3100621724 0.2189750425 0.0733026372 0.2296069237
1 0.1499537666 0.1712100937 0.1466052745 0.2748579302
1 0.0650770310 0.8239976944 0.0694446092 0.2396627119
0 0.7884553966 0.6724664011 0.1524460292 0.1547544418
1 0.1653371329 0.0677050544 0.0519303142 0.1128073938
1 0.4605213392 0.2331069454 0.0609499865 0.1878210252
1 0.2985822187 0.2233991500 0.0484341725 0.2241068317
1 0.2374942893 0.8032130826 0.0711491651 0.2340143511
1 0.4135148077 0.8054360420 0.0692091838 0.2140452231
1 0.7226372898 0.8027993233 0.1029598123 0.2917646347
0 0.5149134457 0.6771230390 0.0915826099 0.1393391271
0 0.8192122053 0.5286810844 0.0617163630 0.0668474259
0 0.6897800181 0.1782102523 0.0575736018 0.0596393216
0 0.6348645994 0.3773713143 0.0803542562 0.0739299159
0 0.3964818445 0.1784499507 0.0393823303 0.0974089838
1 0.1546022538 0.1437279101 0.0611776881 0.2207738846
0 0.7961909228 0.6982987927 0.1824816713 0.1070730886
1 0.1619197402 0.1529478658 0.0659758974 0.2248746995
1 0.4579654731 0.2086153707 0.0625925347 0.1862932513
1 0.3196698179 0.1678292797 0.0837386481 0.1047210693
1 0.2380457869 0.8452091832 0.1116515245 0.1962141468
1 0.4228629122 0.8512719677 0.1226475404 0.1752699821
1 0.7121418868 0.8441068342 0.1463311828 0.1565304172
