0 0.813093 0.123444 0.116108 0.159249
1 0.884381 0.287763 0.231239 0.233565
1 0.660570 0.305730 0.178384 0.107799
1 0.455798 0.478283 0.298714 0.253165
0 0.796583 0.113580 0.082923 0.104070
0 0.471686 0.519875 0.229739 0.189218
0 0.303121 0.851918 0.550557 0.296163
1 0.184496 0.491492 0.118079 0.162460
1 0.416821 0.393067 0.128814 0.240726
1 0.623843 0.291084 0.095077 0.228867
1 0.441295 0.511902 0.109646 0.134904
1 0.524858 0.432456 0.708104 0.279119
0 0.805341 0.116892 0.082765 0.088891
0 0.794331 0.106765 0.111243 0.098927
1 0.625612 0.292432 0.100119 0.088891
1 0.421666 0.404263 0.085287 0.172047
1 0.174150 0.498889 0.057476 0.094626
1 0.829558 0.278812 0.037081 0.130469
1 0.400917 0.397288 0.247118 0.262577
