1 0.618187 0.803203 0.073568 0.217431
1 0.790459 0.789613 0.064985 0.180660
1 0.963343 0.717669 0.055176 0.251005
1 0.320238 0.784817 0.164301 0.244610
1 0.433655 0.242037 0.072342 0.204641
1 0.696660 0.242037 0.088281 0.207839
1 0.870770 0.220454 0.078472 0.219030
0 0.943380 0.592433 0.029996 0.058668
0 0.843848 0.584433 0.057265 0.035557
1 0.196616 0.139468 0.084167 0.105173
1 0.447012 0.187025 0.072944 0.103344
0 0.912735 0.219034 0.042083 0.121635
0 0.657078 0.250586 0.028757 0.126207
0 0.747207 0.256530 0.047694 0.171020
0 0.286394 0.764561 0.021042 0.040240
1 0.309189 0.797485 0.090479 0.124378
1 0.607630 0.817605 0.049097 0.102429
1 0.697759 0.224521 0.098896 0.149071
1 0.794551 0.815776 0.048396 0.060360
1 0.529183 0.526042 0.941635 0.201817
