1 0.8116474340 0.7211819234 0.1080005759 0.3164153634
1 0.6734229362 0.1629874112 0.5424204911 0.2659570788
0 0.6182137102 0.6828126576 0.0499703813 0.0840970856
0 0.7149305438 0.6465457550 0.0354627855 0.0473046599
0 0.4445262758 0.2570710632 0.0362688197 0.0819946979
1 0.6679702419 0.2145934640 0.5200485758 0.2940827771
1 0.6868765425 0.2090192645 0.6154668071 0.0818583171
1 0.2188669620 0.2725937345 0.0517119417 0.2845769579
1 0.8136771174 0.6683641485 0.0636341359 0.3014398287
1 0.9860718604 0.6691304131 0.0278562791 0.2506225192
1 0.4075117111 0.7431169191 0.2813050865 0.2770622691
1 0.6765347849 0.1909252502 0.4442914453 0.2473385605
1 0.4033477613 0.6525216091 0.2171744356 0.2492164938
