1 0.8512489339 0.8424237603 0.0933880789 0.2384651780
0 0.5413018594 0.2805853584 0.0542775393 0.0695934039
0 0.6177428095 0.4982122540 0.0606100235 0.0424637705
1 0.8511520977 0.8471684212 0.0588542298 0.2382153616
1 0.6678456703 0.8319802091 0.0698894491 0.2078389376
1 0.4888307241 0.8375759073 0.0895075046 0.1742649130
1 0.1982379371 0.2660188444 0.0895074889 0.2781844332
1 0.4876045799 0.2796083024 0.1164823626 0.2062401784
1 0.6917552386 0.2284479527 0.0882813762 0.2446104291
1 0.9032625893 0.2028677804 0.0600804213 0.1103145054
0 0.6816231503 0.7146592256 0.1433892775 0.1990952402
0 0.5180408093 0.3709360313 0.1196483050 0.1873245239
0 0.8817178731 0.7120044636 0.1262031023 0.2532037699
0 0.9233012039 0.3354761170 0.0770118575 0.1867741587
0 0.7248129201 0.3741942557 0.0926306752 0.1378654007
1 0.2229684913 0.3504595332 0.1341587431 0.4384473096
1 0.6718113468 0.1368204770 0.0546515413 0.0834750872
1 0.8508702005 0.9404817154 0.0483681060 0.0469629334
1 0.2040403696 0.1633383759 0.0671512574 0.0779213507
