0 0.5726499428 0.1866397322 0.0388884480 0.0714825444
0 0.7354951724 0.5246049503 0.0275460185 0.0430997284
0 0.7593953023 0.5088367355 0.0364579058 0.0662264239
0 0.4162861337 0.1487960326 0.1037024273 0.0693800987
1 0.7581801067 0.6891199034 0.2155066869 0.3469005300
0 0.4922296550 0.1836479022 0.2403807009 0.1420334217
1 0.7885898736 0.6927106011 0.1412168675 0.1945744983
1 0.7890580487 0.1308536117 0.1203074603 0.1741250534
1 0.3329510872 0.0828173621 0.1156262184 0.1057910384
0 0.8811852605 0.5748098659 0.1040142422 0.1966514557
1 0.7524413308 0.7256117563 0.1240997880 0.0579453677
0 0.5690029602 0.1936181932 0.0325312102 0.0528356557
