1 0.710692 0.795383 0.116920 0.099558
1 0.399823 0.750049 0.072903 0.080002
1 0.665300 0.125142 0.094911 0.053335
1 0.425270 0.133143 0.077030 0.076447
1 0.260894 0.141143 0.081156 0.085336
1 0.923899 0.174033 0.133426 0.112003
1 0.977424 0.668269 0.045151 0.179561
1 0.661910 0.184482 0.063086 0.211036
1 0.421935 0.135720 0.107618 0.212635
1 0.256179 0.154106 0.095248 0.214234
1 0.694071 0.732857 0.132357 0.252604
1 0.391629 0.705678 0.086589 0.211036
1 0.216596 0.727261 0.070508 0.097524
1 0.050840 0.745647 0.065560 0.169469
1 0.076816 0.114936 0.100196 0.190253
1 0.930953 0.178886 0.133594 0.244610
1 0.961766 0.617746 0.076469 0.278184
0 0.383419 0.162823 0.021147 0.040997
