1 0.476263 0.563369 0.208733 0.343322
1 0.487002 0.496243 0.289893 0.319676
0 0.480266 0.674403 0.038922 0.067278
0 0.287277 0.729066 0.038922 0.060970
0 0.378906 0.730643 0.035679 0.038895
0 0.854488 0.675454 0.059194 0.090404
0 0.720693 0.680710 0.031624 0.132453
0 0.505404 0.612381 0.038922 0.096712
0 0.580410 0.177179 0.513287 0.315364
1 0.462427 0.469942 0.314622 0.545580
1 0.475774 0.579499 0.252136 0.428410
1 0.197189 0.718186 0.195810 0.357315
0 0.871388 0.662728 0.054432 0.111640
1 0.483159 0.619634 0.189579 0.427951
0 0.857225 0.653105 0.049354 0.150545
1 0.216015 0.706991 0.181765 0.314197
1 0.236822 0.771488 0.251350 0.375681
1 0.471908 0.763822 0.153767 0.421683
1 0.198888 0.707580 0.106062 0.263082
1 0.438714 0.704472 0.062635 0.250777
1 0.744821 0.708637 0.024502 0.171397
1 0.574806 0.782435 0.203581 0.233559
1 0.314201 0.796451 0.158459 0.151938
1 0.509549 0.341460 0.552273 0.193745
1 0.429720 0.748861 0.487760 0.383056
