1 0.433052 0.257283 0.122406 0.168386
1 0.206187 0.350370 0.069946 0.143484
1 0.598715 0.166568 0.111362 0.176687
1 0.452031 0.829261 0.077221 0.138667
1 0.433486 0.245214 0.113096 0.115948
0 0.744500 0.626353 0.027362 0.046222
1 0.737811 0.727415 0.122217 0.130833
1 0.586713 0.141801 0.109448 0.130049
0 0.918400 0.559761 0.026146 0.065025
1 0.424806 0.255953 0.118844 0.139003
1 0.205127 0.360047 0.068311 0.133966
1 0.591545 0.161461 0.111207 0.142844
1 0.753951 0.034092 0.054429 0.050868
0 0.382582 0.443442 0.073364 0.083235
0 0.324908 0.496259 0.055554 0.052756
0 0.450982 0.431436 0.049437 0.058931
1 0.461160 0.833875 0.091145 0.160372
1 0.732583 0.691391 0.096104 0.165521
1 0.894656 0.554340 0.059874 0.157129
0 0.472264 0.628880 0.430162 0.102372
1 0.175196 0.925729 0.108261 0.028613
1 0.455101 0.855985 0.072174 0.051265
1 0.738244 0.760013 0.098082 0.069148
1 0.911739 0.616352 0.045340 0.041727
1 0.205269 0.340952 0.029610 0.048880
1 0.432431 0.229481 0.086053 0.061995
1 0.589733 0.147815 0.073099 0.077493
0 0.417876 0.712641 0.612352 0.111844
1 0.732544 0.692582 0.077370 0.168981
