0 0.613540 0.252341 0.042933 0.051509
0 0.406975 0.708762 0.029086 0.057798
1 0.705586 0.714504 0.114921 0.187010
1 0.680960 0.163732 0.105800 0.207526
1 0.877968 0.158209 0.021890 0.201213
1 0.440174 0.196873 0.051076 0.270651
1 0.286034 0.170045 0.066277 0.245401
1 0.148920 0.125068 0.076614 0.216995
1 0.261712 0.705035 0.078438 0.169650
1 0.450511 0.721606 0.085127 0.177541
1 0.667850 0.189924 0.078871 0.185365
1 0.441074 0.192842 0.060911 0.208766
1 0.282808 0.156855 0.071663 0.167557
1 0.127605 0.152769 0.075202 0.127230
0 0.322618 0.311641 0.133896 0.155736
0 0.575009 0.335793 0.213627 0.122592
0 0.818857 0.333325 0.195625 0.117774
0 0.567874 0.640452 0.232904 0.152813
0 0.811810 0.536364 0.173272 0.090129
0 0.362548 0.552420 0.146141 0.125642
1 0.258585 0.673367 0.070462 0.121335
1 0.447662 0.698394 0.075517 0.154788
1 0.700489 0.708755 0.067354 0.169467
1 0.673376 0.191115 0.080122 0.203168
1 0.443173 0.187778 0.067014 0.187946
1 0.292523 0.142849 0.094031 0.197902
1 0.136598 0.109245 0.096432 0.182981
0 0.255583 0.254097 0.018808 0.039563
1 0.974912 0.631619 0.047338 0.259420
