0 0.062909 0.675145 0.042635 0.092005
1 0.653445 0.737661 0.100690 0.167496
1 0.651177 0.248738 0.116111 0.222935
1 0.355909 0.226916 0.095248 0.259501
1 0.221202 0.149066 0.096155 0.198164
1 0.212229 0.160604 0.099985 0.286246
1 0.361786 0.218508 0.098304 0.323392
1 0.649977 0.231619 0.121830 0.310282
1 0.883555 0.253470 0.052933 0.310282
1 0.193744 0.715615 0.084861 0.275320
1 0.385732 0.772427 0.119310 0.277506
1 0.294333 0.729891 0.208755 0.380878
0 0.556798 0.634633 0.294277 0.173695
0 0.222958 0.319861 0.107449 0.153901
0 0.119270 0.688928 0.093184 0.155918
