1 0.856649 0.781539 0.071770 0.235083
1 0.646819 0.811228 0.137851 0.166986
1 0.852244 0.764519 0.089198 0.225373
1 0.420220 0.174813 0.158574 0.157644
1 0.717096 0.249548 0.114426 0.223037
1 0.903601 0.244878 0.121634 0.237050
0 0.215674 0.613663 0.251799 0.285860
0 0.485495 0.724039 0.175143 0.123672
0 0.759697 0.662001 0.153845 0.100604
0 0.929209 0.610268 0.138598 0.074586
0 0.569659 0.362559 0.280527 0.227631
0 0.832123 0.392304 0.176484 0.128268
1 0.890831 0.225914 0.097176 0.204693
1 0.856509 0.808373 0.042070 0.109304
0 0.703722 0.745196 0.046232 0.045202
0 0.401998 0.740991 0.064076 0.093558
0 0.963269 0.376220 0.059209 0.122992
0 0.407976 0.732638 0.075964 0.097591
0 0.713266 0.727307 0.068658 0.100111
0 0.389936 0.742777 0.073913 0.053753
0 0.694747 0.747251 0.100396 0.085866
