0 0.136985 0.109244 0.091394 0.107224
0 0.362638 0.662708 0.125363 0.278572
0 0.380232 0.666570 0.028433 0.218039
1 0.355116 0.812546 0.099517 0.140432
1 0.300618 0.139951 0.060658 0.091158
1 0.451340 0.167844 0.047674 0.092497
1 0.606730 0.782889 0.117527 0.113151
0 0.387154 0.662170 0.078048 0.235910
0 0.468054 0.170472 0.047694 0.051051
0 0.307787 0.789459 0.030160 0.085692
0 0.393356 0.827292 0.030160 0.051962
0 0.113152 0.858287 0.026653 0.130361
0 0.144363 0.833673 0.018937 0.097543
0 0.851012 0.621266 0.040681 0.062902
0 0.134544 0.210583 0.086271 0.246136
0 0.506280 0.737497 0.138173 0.103924
0 0.334790 0.207848 0.035069 0.165914
1 0.818995 0.081181 0.275863 0.122005
1 0.462400 0.115273 0.069860 0.177191
0 0.569051 0.405453 0.111329 0.032439
1 0.302950 0.118767 0.041683 0.219580
1 0.111621 0.097939 0.050893 0.105235
1 0.914613 0.496633 0.157045 0.445786
1 0.625041 0.787187 0.161822 0.227524
0 0.378212 0.660730 0.057781 0.161964
1 0.353017 0.796315 0.142394 0.238369
1 0.118919 0.835362 0.060325 0.157835
