0 0.356696 0.192816 0.157667 0.167143
1 0.491606 0.782021 0.661549 0.273316
0 0.173429 0.276387 0.147101 0.149272
0 0.373216 0.190110 0.159262 0.123665
1 0.443889 0.719964 0.084435 0.138757
1 0.622554 0.202151 0.100017 0.219821
1 0.293479 0.093059 0.080290 0.119474
1 0.615186 0.843514 0.315099 0.312971
1 0.423986 0.322988 0.247796 0.431310
0 0.837378 0.577092 0.290421 0.220040
0 0.581732 0.649425 0.250946 0.267452
0 0.385769 0.656112 0.206772 0.188432
1 0.445451 0.674955 0.130642 0.320942
1 0.726003 0.664014 0.118424 0.372001
1 0.274864 0.687720 0.058272 0.266236
1 0.124014 0.497464 0.059212 0.262589
0 0.232099 0.504150 0.130642 0.290550
0 0.517821 0.322405 0.213351 0.216393
0 0.760778 0.330915 0.231209 0.235844
0 0.225050 0.211169 0.093987 0.156824
0 0.366971 0.145522 0.069551 0.113059
1 0.289432 0.108443 0.078010 0.184785
1 0.445451 0.123639 0.072370 0.193295
1 0.634835 0.177130 0.127823 0.305138
1 0.920557 0.240346 0.120304 0.327021
1 0.592541 0.535151 0.753779 0.719689
0 0.524870 0.573445 0.830848 0.448590
1 0.627926 0.713392 0.544594 0.364395
