0 0.293017 0.111807 0.040435 0.130226
0 0.367179 0.684751 0.041347 0.084097
0 0.256920 0.695263 0.038104 0.058868
0 0.187197 0.637446 0.028376 0.132453
0 0.453928 0.686853 0.077019 0.058868
0 0.393528 0.182796 0.116745 0.055714
0 0.543919 0.167028 0.042969 0.116685
0 0.287322 0.108686 0.043779 0.119838
0 0.226517 0.095545 0.048644 0.116685
0 0.184765 0.127607 0.055940 0.086200
0 0.109367 0.151260 0.021890 0.068329
0 0.256515 0.543363 0.022701 0.070431
1 0.435281 0.762541 0.180793 0.340593
1 0.319289 0.747328 0.312128 0.139986
