0 0.3070446902 0.3631122485 0.0719053627 0.0914556285
1 0.3236294831 0.4415992823 0.0662912614 0.3399397747
1 0.5576419122 0.6030865115 0.8528335401 0.3880549383
1 0.1623980220 0.3553333989 0.0745020668 0.1902381541
1 0.3169897854 0.4849862116 0.0838147909 0.2823280420
1 0.4711159055 0.5564769677 0.0884712144 0.3186792199
1 0.3153718438 0.4890516960 0.1558892656 0.3740533408
1 0.3229255110 0.4690615275 0.0946138212 0.3293447940
1 0.1693316686 0.3131822902 0.0602087738 0.2829807177
1 0.3241338824 0.4601009449 0.1195333500 0.2435628059
1 0.3261701471 0.5468537458 0.0536323585 0.1731144265
