1 0.5535585193 0.3013242572 0.1230838957 0.2094160138
1 0.7267347858 0.2809986011 0.1335794544 0.1835469880
1 0.6399080914 0.8587404583 0.1545706096 0.1909381191
0 0.4988569574 0.3437793129 0.0998345906 0.2244522362
0 0.2737987064 0.6760130765 0.0955314236 0.0800027802
1 0.4183867928 0.7910170608 0.5396233995 0.3055661824
1 0.6293188876 0.8767824797 0.1077693494 0.0374064712
0 0.5238396572 0.2591183068 0.0481957194 0.0995583177
0 0.0880128508 0.2804522355 0.0413105937 0.1137809206
0 0.2477471562 0.2857857176 0.0413106031 0.0924470162
0 0.3104015725 0.2804522355 0.0426876075 0.1102253064
1 0.7224674142 0.2511831402 0.0674269207 0.0798738714
1 0.5564506583 0.2728030191 0.0526301742 0.0767743660
0 0.6116983698 0.7030975001 0.0340438946 0.0925518809
0 0.8371344526 0.6344318299 0.0339302690 0.0559243624
