1 0.7020151617 0.3139518652 0.1371345071 0.0755581956
0 0.6122479040 0.1580596548 0.0370721492 0.2087802733
0 0.7731954758 0.1751631242 0.0262217613 0.1486232862
0 0.3975004686 0.7071399843 0.0343595806 0.1840098047
0 0.6909132825 0.6900365333 0.0316469742 0.1733938288
0 0.8609028063 0.6634966430 0.0280302160 0.1486232184
0 0.6101879769 0.2114811467 0.1032473349 0.2103677728
0 0.7794181895 0.2089216759 0.0979930582 0.2112490110
0 0.8585750426 0.6607535367 0.0801967184 0.2303117743
0 0.6825847992 0.6740147555 0.0850958573 0.1997910902
0 0.4040940984 0.6770431445 0.1091881153 0.2454244832
0 0.3458145000 0.1973857602 0.0619046899 0.1583237409
0 0.7863917301 0.2118502788 0.0879008290 0.1261354856
