0 0.5326049517 0.2597975706 0.1232659197 0.0947120927
0 0.2398483564 0.8593589049 0.0968518058 0.0862556150
0 0.6942151405 0.8606485961 0.1880527666 0.1470319872
0 0.6274351015 0.3103054011 0.3814477523 0.2226014951
0 0.6794502186 0.8688777699 0.2531050712 0.2039356251
0 0.1758908956 0.8856972159 0.3517817912 0.1892186414
0 0.6185681842 0.3416936375 0.4295944275 0.3458496378
0 0.5951560471 0.4514541547 0.0936449752 0.0790298920
0 0.5230034768 0.2715728586 0.1151370309 0.0872866641
0 0.7038233514 0.8683423710 0.1337279041 0.1291121411
0 0.2042707697 0.8786493280 0.1507399856 0.1212819049
0 0.6461206695 0.3356984719 0.2812852410 0.2289732940
