1 0.316525 0.658220 0.033622 0.102646
1 0.911828 0.662711 0.059333 0.119326
0 0.953855 0.330393 0.048455 0.075702
1 0.593905 0.676183 0.036588 0.082117
0 0.594399 0.622935 0.033622 0.055172
1 0.536055 0.107137 0.029666 0.073136
1 0.743719 0.092382 0.017800 0.066720
0 0.846541 0.618233 0.077073 0.133338
0 0.286905 0.183774 0.086493 0.086670
1 0.901039 0.712334 0.073136 0.070391
0 0.282235 0.175028 0.071772 0.104289
0 0.312809 0.447644 0.024994 0.053759
0 0.904646 0.204909 0.030503 0.053780
0 0.306531 0.423050 0.052094 0.071151
1 0.892821 0.714175 0.047525 0.098425
0 0.808677 0.198404 0.054342 0.048628
0 0.915020 0.381366 0.059027 0.098471
0 0.888785 0.478013 0.036541 0.145883
0 0.733254 0.544876 0.304505 0.243138
0 0.412821 0.247640 0.325117 0.353766
