0 0.7724307027 0.2572538459 0.1158422384 0.2046403594
1 0.5765400840 0.5303895072 0.3618443791 0.1995665916
1 0.1936056032 0.3526511644 0.2362857981 0.3631859744
0 0.3055621142 0.1875266845 0.0307429634 0.0483558373
0 0.7658975659 0.2385105360 0.0954650163 0.2007818329
1 0.5409885381 0.4797641148 0.4352557234 0.5003777469
1 0.5759499958 0.3359746122 0.2948758442 0.5616048871
1 0.2545689753 0.4085070027 0.0585106796 0.0800040109
0 0.7744192273 0.2443399322 0.0954144238 0.1753308586
1 0.5958633093 0.5618957593 0.3012658367 0.4716877455
1 0.5832326134 0.3789343796 0.3864062229 0.2662361108
