0 0.7930175970 0.7316947482 0.0326780907 0.0283828028
0 0.2509701307 0.6234193916 0.0432984435 0.0388949969
1 0.1310775048 0.6033339545 0.2438937220 0.2486338230
1 0.5062789092 0.7071303210 0.0649315112 0.1341736244
1 0.8206196548 0.7231682986 0.0405956981 0.1327106400
1 0.8433252669 0.1067101940 0.0518898093 0.1374561739
1 0.5694580706 0.1066376503 0.0455286455 0.1447225280
0 0.3644078717 0.7438105097 0.0935712609 0.0929463570
1 0.3552388394 0.1287403006 0.0478242962 0.1427218254
1 0.1725922691 0.6324057067 0.2154080111 0.3306676195
1 0.4983949293 0.8192740939 0.0604889497 0.2080057106
