0 0.235843 0.783475 0.058501 0.311637
0 0.213594 0.596449 0.011316 0.016819
0 0.193790 0.591193 0.013741 0.063073
0 0.657749 0.185950 0.104270 0.120890
1 0.376868 0.754131 0.245720 0.344798
1 0.374465 0.834745 0.189910 0.074225
1 0.543872 0.136695 0.145826 0.117410
0 0.663540 0.178805 0.097030 0.124340
1 0.538558 0.239174 0.128297 0.274133
1 0.954855 0.283400 0.090290 0.207616
1 0.399667 0.756064 0.141529 0.223940
1 0.176001 0.688187 0.054021 0.188537
1 0.706541 0.709140 0.046485 0.133290
0 0.751692 0.318198 0.270241 0.218478
0 0.174371 0.292095 0.313030 0.192032
0 0.515690 0.567062 0.233362 0.103577
0 0.819181 0.573349 0.267499 0.110435
1 0.540359 0.535758 0.919283 0.365923
1 0.561472 0.240514 0.184486 0.312144
1 0.407435 0.765219 0.154037 0.229449
1 0.187918 0.254051 0.128855 0.100548
