1 0.559917 0.153242 0.125578 0.280746
1 0.654755 0.739258 0.095492 0.221553
1 0.577603 0.093199 0.243142 0.127732
1 0.668383 0.781305 0.208104 0.160695
1 0.388610 0.813581 0.185807 0.153828
1 0.657987 0.754748 0.098140 0.257328
0 0.624968 0.742297 0.028433 0.030832
0 0.684586 0.754155 0.037605 0.030832
0 0.720815 0.185545 0.014675 0.034389
0 0.608917 0.162421 0.022013 0.073522
1 0.555720 0.155899 0.130242 0.271558
0 0.687959 0.748875 0.023579 0.060970
0 0.612343 0.172810 0.023579 0.067278
1 0.647712 0.766745 0.157735 0.363720
1 0.361105 0.784616 0.147165 0.380539
1 0.565998 0.170182 0.171557 0.312210
0 0.110819 0.402881 0.119348 0.094657
