0 0.508270 0.783598 0.135768 0.198679
0 0.527222 0.765472 0.081094 0.148829
1 0.247318 0.187067 0.151724 0.358543
0 0.551374 0.781681 0.187885 0.152943
1 0.300684 0.081539 0.231163 0.163079
1 0.603095 0.814454 0.166775 0.243071
1 0.299101 0.845862 0.268106 0.243071
1 0.284851 0.123189 0.264940 0.246378
1 0.878074 0.740713 0.243852 0.163868
1 0.844297 0.125920 0.311406 0.251841
0 0.446074 0.776284 0.084164 0.038662
0 0.516949 0.769124 0.117386 0.204766
0 0.523326 0.758659 0.076892 0.134960
1 0.342181 0.939397 0.132506 0.085946
1 0.279913 0.063709 0.107388 0.095083
0 0.226840 0.553386 0.086497 0.128863
0 0.102736 0.319973 0.193678 0.158040
0 0.370688 0.605053 0.178635 0.171412
0 0.360816 0.284718 0.204020 0.306354
0 0.099915 0.610523 0.031966 0.124000
1 0.542272 0.786191 0.085557 0.181138
0 0.321328 0.837250 0.072394 0.100902
0 0.330730 0.247640 0.134446 0.249216
0 0.094274 0.307817 0.152310 0.121569
1 0.610905 0.777073 0.153250 0.160471
0 0.535247 0.759974 0.094722 0.143443
1 0.245962 0.165236 0.082775 0.267025
