1 0.248527 0.378880 0.188507 0.326928
1 0.546659 0.413571 0.166663 0.385795
1 0.712109 0.406738 0.110839 0.338491
1 0.877962 0.495040 0.138346 0.370027
1 0.540106 0.486417 0.085907 0.148829
1 0.251581 0.474124 0.121744 0.102682
1 0.546864 0.513670 0.080095 0.145697
1 0.878991 0.529627 0.056600 0.160961
0 0.507858 0.301228 0.068994 0.106159
1 0.725280 0.369641 0.073533 0.285451
1 0.555065 0.393232 0.078072 0.332633
1 0.877793 0.451620 0.080796 0.272476
1 0.558332 0.504633 0.134346 0.430206
1 0.723269 0.513640 0.136528 0.370400
1 0.887156 0.513951 0.106278 0.311755
1 0.263763 0.456830 0.170467 0.276932
1 0.555926 0.398973 0.121204 0.434863
1 0.547768 0.442309 0.089928 0.175270
1 0.263560 0.436246 0.084838 0.187396
1 0.885424 0.529393 0.055993 0.170861
