1 0.5547251030 0.7595512642 0.7052529625 0.3700273316
1 0.5729225949 0.1945238256 0.3631406383 0.3752833150
1 0.0910444100 0.6877482965 0.1003590659 0.1873629291
1 0.2383897548 0.7470403359 0.0830243105 0.1660177398
1 0.4345461141 0.7701642746 0.1852080977 0.1743186686
1 0.2570930382 0.1351463555 0.0583907409 0.2039646668
1 0.6900055442 0.2655888818 0.0775502176 0.1683894426
1 0.4669347244 0.2080755795 0.1076579180 0.1814336784
1 0.6287863555 0.8588203227 0.1121975638 0.1316700950
1 0.4620563013 0.1592512231 0.0994750447 0.0745753458
1 0.0941025178 0.0472537724 0.0923968491 0.0621732178
1 0.3546070423 0.5432500970 0.5980952405 0.6618990226
