1 0.2302995050 0.8221288866 0.0662255066 0.0625759986
0 0.9339727727 0.4229505600 0.0664896206 0.2358113689
0 0.4347890376 0.3230304841 0.0746729801 0.2091660038
0 0.1851971417 0.2344346939 0.0501229773 0.1652011748
0 0.7907643416 0.8899103718 0.0705813570 0.1731947868
0 0.5442412102 0.8432810137 0.2219731476 0.2930988927
1 0.2361344565 0.8219986700 0.0760754659 0.0908253824
1 0.1673042699 0.1809134330 0.0489056567 0.0896457549
1 0.2192533322 0.8203573658 0.0718340139 0.1114285869
0 0.9402455994 0.4148976357 0.0603416608 0.2198852785
0 0.7312964472 0.3325451512 0.1007834420 0.2190492199
1 0.1714463272 0.8582460465 0.0750760577 0.1031139743
0 0.5372714111 0.9409150154 0.2880190067 0.1084474625
1 0.8858844769 0.3808716928 0.0696159812 0.1404483672
1 0.3910650956 0.2910914144 0.0737110433 0.1102252837
1 0.6654339014 0.3453151580 0.1173916182 0.1475596766
1 0.2265739512 0.8211105101 0.0971637360 0.1152778379
