0 0.905760 0.742856 0.041032 0.113337
0 0.385165 0.584517 0.239354 0.150005
1 0.579839 0.863852 0.304570 0.211399
1 0.193951 0.810041 0.147850 0.119152
1 0.857796 0.821572 0.068011 0.157588
1 0.409812 0.175845 0.124194 0.157588
1 0.800135 0.204672 0.130108 0.153745
1 0.182123 0.097051 0.130108 0.115308
1 0.592787 0.887298 0.270192 0.109665
1 0.561726 0.866747 0.302317 0.187243
1 0.673301 0.262821 0.050429 0.175864
1 0.818437 0.233244 0.082408 0.145487
1 0.967334 0.190078 0.065331 0.151882
1 0.870711 0.767230 0.049199 0.238215
1 0.223132 0.738453 0.084868 0.228623
1 0.181313 0.202068 0.075028 0.214234
1 0.398403 0.172491 0.068878 0.219030
1 0.579606 0.800996 0.301971 0.254956
0 0.940838 0.768047 0.087127 0.168207
1 0.559901 0.884031 0.195632 0.078359
