0 0.707278 0.561240 0.101808 0.117258
0 0.306410 0.512773 0.112271 0.100060
0 0.632607 0.174025 0.061819 0.136658
0 0.759054 0.188742 0.046565 0.033639
0 0.708073 0.547206 0.055396 0.052561
0 0.468426 0.581371 0.043353 0.070431
0 0.436312 0.546680 0.024085 0.072534
0 0.394565 0.243931 0.122032 0.114582
0 0.324718 0.516195 0.150934 0.068329
0 0.380553 0.269785 0.138414 0.132775
1 0.933582 0.600676 0.102085 0.153880
0 0.333351 0.247231 0.151947 0.244482
0 0.734392 0.542747 0.087527 0.193443
0 0.769386 0.228553 0.108471 0.139856
1 0.585697 0.090457 0.074474 0.080834
0 0.318179 0.207859 0.056835 0.105213
0 0.747384 0.552366 0.062715 0.147554
0 0.090347 0.127025 0.038217 0.061588
0 0.948268 0.638332 0.048996 0.078268
