0 0.718373 0.176522 0.085836 0.191321
1 0.241150 0.211590 0.066443 0.214788
1 0.499756 0.181994 0.044295 0.253686
0 0.304262 0.447795 0.125525 0.061588
0 0.220249 0.605614 0.119594 0.030794
1 0.223709 0.783320 0.057326 0.080834
1 0.419902 0.794226 0.070175 0.087249
1 0.736185 0.750601 0.068198 0.066720
1 0.505397 0.192462 0.035582 0.092382
1 0.070509 0.212991 0.059303 0.076985
0 0.801912 0.482438 0.122559 0.033360
0 0.690043 0.625523 0.030160 0.118367
0 0.726515 0.220800 0.032965 0.091962
1 0.729196 0.152765 0.057001 0.104147
1 0.487771 0.220010 0.074666 0.143341
1 0.237473 0.202378 0.094392 0.152578
1 0.078952 0.242276 0.077215 0.151017
1 0.215983 0.752592 0.087642 0.160930
1 0.021533 0.744787 0.043066 0.100980
1 0.426849 0.781396 0.090515 0.137838
1 0.731125 0.729219 0.114286 0.151063
0 0.589701 0.651113 0.180943 0.100309
1 0.746509 0.782370 0.095105 0.126145
