1 0.887142 0.153519 0.067307 0.116330
1 0.566647 0.717175 0.051076 0.199040
1 0.729298 0.695455 0.085734 0.212467
1 0.921744 0.689926 0.066885 0.172975
1 0.557222 0.208913 0.112488 0.237742
1 0.727778 0.208913 0.081478 0.225105
1 0.894382 0.211282 0.087558 0.261437
0 0.533651 0.650181 0.142059 0.247635
0 0.748830 0.601549 0.130443 0.187732
0 0.276726 0.621028 0.196182 0.224891
0 0.298745 0.329203 0.162426 0.237169
0 0.561869 0.314127 0.126495 0.220481
0 0.737701 0.281450 0.102148 0.136297
0 0.921290 0.293394 0.095345 0.177525
1 0.571272 0.160545 0.139273 0.150120
1 0.505209 0.444669 0.945376 0.740764
1 0.752033 0.746137 0.067151 0.115410
1 0.544382 0.797132 0.036158 0.155669
