1 0.249916 0.307600 0.219540 0.226967
0 0.292454 0.399872 0.184340 0.271213
0 0.232081 0.673713 0.066813 0.097763
1 0.381404 0.194360 0.243103 0.354259
1 0.565744 0.188052 0.156166 0.341644
0 0.266565 0.381088 0.226868 0.170229
0 0.281342 0.713938 0.150544 0.136362
0 0.604572 0.196005 0.073515 0.129781
1 0.676045 0.880469 0.562254 0.186672
1 0.825117 0.063557 0.138862 0.096003
0 0.432356 0.840468 0.050371 0.110225
1 0.560837 0.048418 0.140223 0.090669
1 0.375688 0.071530 0.140223 0.119114
0 0.298059 0.382209 0.195079 0.252220
