0 0.9414386572 0.6644163889 0.0564227503 0.0746362206
0 0.7979636492 0.6454945663 0.0225690875 0.0346901073
1 0.2603356526 0.7853059627 0.3433726638 0.2890837761
1 0.8133445401 0.6722020269 0.0711489777 0.1822179535
1 0.3825407235 0.7483723205 0.0852498939 0.1793602678
1 0.9120179167 0.1839592062 0.0785675521 0.1726678717
1 0.7632052301 0.2148420609 0.0613302540 0.1724065419
1 0.6050769030 0.2173389419 0.0569566977 0.1283490475
1 0.3793933975 0.2240057954 0.0568608303 0.1341722470
1 0.6379026998 0.7415322346 0.0813816571 0.1892455808
1 0.8790470277 0.7595536449 0.1208400352 0.2892587490
1 0.6029854884 0.2098989474 0.0649164001 0.1426653445
1 0.7739007751 0.2195042319 0.0725645650 0.1438400248
1 0.9198526829 0.1925212506 0.0688516245 0.1553422766
1 0.3753189859 0.2224156212 0.0833033826 0.1285811536
1 0.1779109612 0.1990555806 0.0427705275 0.1157024584
0 0.0470791060 0.3109484502 0.0489111783 0.0971200771
0 0.0868329485 0.4788202052 0.1432200049 0.1239143053
0 0.2160489896 0.3736695383 0.1315090309 0.1111873457
0 0.5293624138 0.3844078957 0.2336751428 0.1024164582
0 0.7083618668 0.3634854364 0.0866859208 0.0639453544
0 0.2718153836 0.6123011757 0.1146515963 0.0903775817
1 0.3787944624 0.7728009846 0.0949027708 0.1784578429
0 0.5344576211 0.6353702263 0.2398208602 0.1417165682
0 0.7323388886 0.6315326511 0.1073735634 0.1543425487
1 0.6473072473 0.7521224503 0.0553114569 0.1919342493
1 0.8135696584 0.6855138930 0.0642804125 0.2041599690
