0 0.305756 0.604804 0.099920 0.158977
0 0.311723 0.619518 0.115097 0.175562
0 0.229023 0.573405 0.050301 0.070002
1 0.349235 0.227282 0.372572 0.400014
1 0.323672 0.173533 0.226027 0.136924
1 0.200012 0.726253 0.079175 0.088897
0 0.246818 0.588317 0.196906 0.150532
1 0.332107 0.172191 0.231290 0.112557
1 0.069175 0.171519 0.049818 0.117392
1 0.678848 0.177210 0.073554 0.123065
1 0.205110 0.730549 0.082421 0.084296
1 0.381183 0.728443 0.068400 0.084589
1 0.651456 0.729648 0.041661 0.075018
0 0.300975 0.632166 0.170095 0.202468
0 0.308343 0.605026 0.051227 0.143065
1 0.199944 0.699806 0.046653 0.056034
1 0.373291 0.708152 0.038420 0.060803
1 0.650921 0.710536 0.024699 0.051265
1 0.944102 0.624101 0.089646 0.064379
1 0.323437 0.228885 0.189355 0.113260
0 0.149730 0.571054 0.085809 0.109599
