0 0.069096 0.307529 0.012903 0.018922
0 0.049339 0.297017 0.018548 0.035741
0 0.364652 0.376384 0.039515 0.076739
0 0.404974 0.314888 0.028225 0.069380
0 0.333202 0.256020 0.070159 0.067278
0 0.276348 0.307004 0.080643 0.110377
0 0.658595 0.284928 0.070966 0.055714
0 0.633999 0.372705 0.034676 0.090404
0 0.367475 0.663365 0.066127 0.068329
0 0.217882 0.627624 0.023386 0.074636
0 0.244091 0.630252 0.038709 0.054663
0 0.807382 0.343271 0.031451 0.203936
1 0.535212 0.777422 0.401601 0.357413
0 0.731050 0.614177 0.044042 0.044254
0 0.780138 0.617167 0.030279 0.021529
0 0.849872 0.613579 0.065146 0.167448
0 0.655811 0.728401 0.031197 0.066979
1 0.224564 0.222467 0.047712 0.093293
1 0.071793 0.224859 0.050465 0.100469
1 0.381923 0.257153 0.068816 0.138743
1 0.620944 0.274496 0.051383 0.101665
1 0.830145 0.272702 0.053218 0.093293
1 0.226399 0.715244 0.036702 0.114822
1 0.754058 0.918785 0.110904 0.131120
0 0.751479 0.378336 0.126379 0.082370
0 0.929441 0.345556 0.098008 0.097499
1 0.538603 0.825356 0.369601 0.129781
1 0.377521 0.117753 0.087286 0.172449
1 0.236363 0.101753 0.088650 0.172449
1 0.084294 0.118642 0.084558 0.138671
1 0.826374 0.928470 0.080467 0.112003
1 0.921843 0.819134 0.126837 0.110225
1 0.503056 0.716976 0.273325 0.320585
0 0.632843 0.371084 0.273875 0.187373
0 0.886445 0.356257 0.126151 0.112967
0 0.881203 0.612585 0.097088 0.165972
0 0.159841 0.318749 0.108225 0.125343
