0 0.433578 0.224275 0.293217 0.331484
0 0.839022 0.212436 0.055789 0.142064
0 0.383017 0.209144 0.326158 0.298733
1 0.691758 0.430785 0.477098 0.216135
0 0.849560 0.235300 0.163607 0.061949
0 0.383603 0.236408 0.196769 0.354259
0 0.524728 0.220640 0.140319 0.305903
0 0.831574 0.170707 0.039515 0.037844
0 0.844074 0.241664 0.032257 0.057817
0 0.946490 0.129710 0.056450 0.094609
1 0.669482 0.365182 0.471761 0.525607
0 0.436466 0.208500 0.206703 0.275862
1 0.799674 0.306656 0.084650 0.202727
0 0.413934 0.241357 0.223585 0.306119
1 0.687798 0.262415 0.342205 0.405242
0 0.358500 0.210594 0.199929 0.258545
0 0.391906 0.184605 0.176712 0.265382
0 0.417204 0.227657 0.279853 0.257829
0 0.842243 0.212114 0.035771 0.102400
1 0.685484 0.404571 0.357707 0.156343
