1 0.499743 0.840733 0.310715 0.120078
1 0.495704 0.726622 0.363411 0.416982
1 0.469359 0.725161 0.287540 0.377823
0 0.501423 0.328882 0.138563 0.154393
1 0.178051 0.210897 0.060344 0.117935
1 0.341778 0.218048 0.054397 0.118327
1 0.506595 0.226438 0.058598 0.141161
1 0.736759 0.262320 0.040485 0.131399
1 0.974115 0.246296 0.032417 0.101681
1 0.196367 0.690821 0.039885 0.162916
1 0.048182 0.726395 0.035263 0.074313
1 0.475711 0.752316 0.285160 0.236478
0 0.762237 0.702960 0.240072 0.296691
1 0.494137 0.745522 0.293379 0.260158
1 0.511448 0.733520 0.465462 0.532959
1 0.467486 0.730277 0.260223 0.406486
1 0.494519 0.750460 0.375411 0.373346
