1 0.2986814842 0.5413916716 0.0953647927 0.0640196176
1 0.1348318721 0.5850689569 0.0734255757 0.0427377236
1 0.4829831421 0.5056930813 0.0564926176 0.0908181432
0 0.4205588611 0.1796425864 0.1262015142 0.1503235751
0 0.0990679707 0.7267417600 0.0981578485 0.3203377423
0 0.3330142120 0.3903266894 0.2288985179 0.3561550997
1 0.9261823705 0.2490509053 0.1085616000 0.4467416357
1 0.7103649985 0.4720076282 0.0930343166 0.1215270355
1 0.4692389598 0.3379518882 0.0839879187 0.5329343706
1 0.3049704332 0.3450731515 0.0659043216 0.4779349529
1 0.1431981229 0.3699038849 0.0677626046 0.4337746369
