1 0.2466051128 0.7090695784 0.0997022065 0.1478230521
1 0.4369888108 0.7293952481 0.1044499081 0.1613735532
1 0.7308728829 0.7558802457 0.1186930760 0.1749240133
1 0.7717032869 0.2292605150 0.0655185405 0.1367363744
1 0.5200739672 0.2150941426 0.0864086043 0.1281133562
1 0.3467820548 0.1972321837 0.0740644728 0.1022443221
1 0.7287902043 0.7963373991 0.1290610955 0.1268431798
0 0.4183762457 0.5965263008 0.0831762039 0.2125354332
1 0.4258282973 0.6245452471 0.0831089168 0.3385446843
1 0.4319263977 0.8025375059 0.0776875235 0.1182409094
1 0.2393953468 0.7832362233 0.0691039692 0.1505235096
1 0.4911036089 0.4664979563 0.8836345406 0.5196611238
