1 0.794760 0.719441 0.361435 0.323774
0 0.624896 0.360015 0.107316 0.114158
1 0.889473 0.886531 0.221054 0.102500
0 0.594352 0.607667 0.159190 0.192261
1 0.701975 0.739994 0.203873 0.193295
1 0.695642 0.225037 0.057954 0.113522
1 0.447734 0.169895 0.061638 0.164853
1 0.676212 0.158122 0.070702 0.138200
1 0.893111 0.123613 0.066457 0.154733
1 0.287824 0.165013 0.066378 0.228298
1 0.133248 0.152666 0.040848 0.199009
0 0.832718 0.725762 0.133959 0.102992
1 0.951073 0.633246 0.065003 0.146953
1 0.690885 0.723208 0.070104 0.154637
1 0.433796 0.741231 0.079117 0.118009
1 0.251737 0.750257 0.049412 0.175559
1 0.098744 0.777294 0.038547 0.096675
1 0.583837 0.922624 0.075386 0.145490
