0 0.755271 0.188052 0.087062 0.127197
0 0.822986 0.223268 0.040306 0.050458
1 0.452168 0.797231 0.375655 0.311159
0 0.462647 0.919697 0.106409 0.137709
0 0.583566 0.631665 0.041919 0.089353
1 0.469059 0.885802 0.091343 0.087114
0 0.815196 0.225312 0.040900 0.056890
1 0.081042 0.175533 0.148603 0.216895
0 0.718366 0.289761 0.226411 0.199909
0 0.208795 0.637827 0.300634 0.254917
0 0.493580 0.724095 0.209396 0.211944
0 0.644768 0.634701 0.075602 0.110031
1 0.312056 0.753298 0.099123 0.136595
1 0.595789 0.759651 0.033829 0.121190
1 0.765511 0.747042 0.034822 0.185860
1 0.611148 0.237881 0.099336 0.159236
1 0.348200 0.237331 0.063376 0.092078
0 0.525718 0.384088 0.222832 0.066708
0 0.224814 0.393774 0.218098 0.188177
