0 0.441480 0.805640 0.066338 0.132453
0 0.615820 0.910236 0.055821 0.076739
0 0.531279 0.900775 0.108406 0.179758
0 0.679732 0.693686 0.033169 0.040997
0 0.430649 0.805800 0.050623 0.144004
0 0.543526 0.936470 0.098510 0.096003
0 0.537272 0.468705 0.925456 0.361682
1 0.423501 0.229870 0.066580 0.147453
1 0.250375 0.203824 0.052509 0.141251
1 0.684056 0.181578 0.054758 0.099605
1 0.922190 0.165631 0.042838 0.098556
1 0.669288 0.772753 0.062424 0.144194
1 0.948692 0.662995 0.102617 0.219987
1 0.397942 0.782825 0.108928 0.225992
1 0.208551 0.744449 0.088507 0.167165
0 0.512297 0.737536 0.234190 0.332882
0 0.796773 0.720405 0.261922 0.256847
1 0.097805 0.154917 0.041132 0.088006
