1 0.532828 0.738412 0.099894 0.263834
1 0.318867 0.280398 0.237094 0.310418
1 0.884264 0.626787 0.231472 0.246470
0 0.254111 0.376522 0.037699 0.069756
1 0.337414 0.215608 0.203088 0.209267
1 0.089330 0.282986 0.055940 0.114146
1 0.231917 0.770483 0.086951 0.144267
1 0.057104 0.805360 0.100936 0.139511
1 0.521044 0.760971 0.136203 0.158536
1 0.690385 0.284571 0.038307 0.220364
1 0.176714 0.233154 0.085623 0.174198
1 0.150119 0.831008 0.050595 0.223244
0 0.297396 0.616039 0.396643 0.234804
1 0.330720 0.189325 0.203783 0.110233
1 0.539577 0.817100 0.090476 0.076061
1 0.237707 0.792297 0.054962 0.077163
1 0.091423 0.266488 0.071874 0.090391
1 0.690512 0.195939 0.055808 0.138893
