1 0.561225 0.156625 0.125578 0.273981
0 0.684065 0.742856 0.023205 0.073336
0 0.638515 0.610629 0.026642 0.104448
0 0.361780 0.624518 0.021486 0.050002
0 0.612733 0.180614 0.030080 0.088892
1 0.211381 0.792302 0.387601 0.381124
1 0.504445 0.792857 0.399633 0.324456
1 0.741217 0.767857 0.197668 0.358901
1 0.560308 0.209504 0.171026 0.380013
1 0.194192 0.205615 0.349786 0.336678
1 0.662470 0.848579 0.140873 0.201057
1 0.367917 0.829656 0.137214 0.229442
1 0.653860 0.739925 0.093554 0.260885
1 0.825376 0.706129 0.060535 0.183805
1 0.360357 0.766014 0.097223 0.244283
1 0.559388 0.165978 0.152255 0.260885
0 0.227751 0.606268 0.250115 0.266236
