0 0.894515 0.392152 0.077503 0.104070
0 0.549385 0.770589 0.052476 0.045202
0 0.848094 0.679133 0.083154 0.057817
0 0.981303 0.403190 0.033100 0.090404
0 0.334638 0.752718 0.042788 0.053612
0 0.079524 0.713823 0.070237 0.141914
1 0.556248 0.797921 0.187299 0.284879
1 0.936764 0.838965 0.088650 0.229779
1 0.756336 0.855704 0.102100 0.199585
1 0.550676 0.182965 0.278495 0.343600
1 0.815474 0.159341 0.083564 0.289638
1 0.293060 0.770146 0.066839 0.101337
1 0.572776 0.789818 0.062261 0.116836
1 0.758643 0.760013 0.058599 0.095376
1 0.944511 0.736765 0.038455 0.079878
1 0.230341 0.317704 0.054936 0.071532
1 0.556295 0.276573 0.192276 0.096569
1 0.828687 0.283130 0.059514 0.076301
1 0.472881 0.495641 0.796393 0.380511
