1 0.8015071956 0.7802414217 0.1957545942 0.1378644213
0 0.5786720102 0.1986066796 0.0381302291 0.0636956960
0 0.5771203209 0.1995728422 0.0357710244 0.1184679043
0 0.8310244542 0.3203189750 0.0554100021 0.1558308605
1 0.8029687222 0.7627509296 0.1101186685 0.1202904830
1 0.7714060908 0.1230243460 0.0736461821 0.1749679576
1 0.5809780145 0.7650292197 0.0757503786 0.1448953266
1 0.3004209467 0.7135412425 0.0364724232 0.1585647388
0 0.3638969564 0.6543072801 0.0946879890 0.0911290182
0 0.3102670437 0.2230233537 0.1518017471 0.2064751405
