1 0.6836195784 0.6974408304 0.1753583906 0.1064502839
1 0.1224135762 0.7267532349 0.0944691721 0.1589041433
0 0.2345957230 0.7938632596 0.1062778440 0.1234206661
1 0.3975550239 0.7286817489 0.1960235180 0.1689320226
0 0.5380779394 0.7618509846 0.0590431941 0.1226493097
1 0.6930664516 0.1528993084 0.1056873270 0.1334486131
1 0.2148162388 0.2250232635 0.0785274766 0.1866737489
1 0.5154344637 0.5920071510 0.1057085418 0.1643767326
1 0.2477713092 0.3447391510 0.1539130418 0.1394936100
1 0.6178013117 0.3157398839 0.1364289654 0.1631982127
1 0.1193976751 0.6751619647 0.1166456428 0.2125309606
1 0.1078640809 0.6505184543 0.1375332257 0.2710629371
