0 0.489624 0.648648 0.020209 0.068329
0 0.378068 0.803177 0.041227 0.080943
0 0.499660 0.656100 0.081467 0.096085
1 0.493502 0.815625 0.124095 0.104708
1 0.809897 0.739250 0.148725 0.087462
0 0.973305 0.665955 0.035997 0.078839
1 0.959095 0.680121 0.075783 0.082535
1 0.546077 0.113466 0.070099 0.109635
1 0.534277 0.187295 0.588263 0.037076
0 0.528454 0.756021 0.054685 0.080002
0 0.452577 0.794244 0.034178 0.092447
0 0.741043 0.703575 0.042381 0.117337
0 0.848363 0.696464 0.057420 0.081780
0 0.950898 0.653796 0.095699 0.078224
0 0.974140 0.570238 0.041014 0.081780
0 0.524181 0.227979 0.097067 0.172449
0 0.703959 0.116864 0.057420 0.088891
0 0.292452 0.290203 0.101168 0.115559
