0 0.752196 0.232664 0.022103 0.055557
0 0.434681 0.186552 0.087561 0.101115
0 0.314816 0.240442 0.017852 0.044446
0 0.278262 0.202663 0.077360 0.135560
0 0.257009 0.646568 0.073959 0.141116
1 0.464010 0.753238 0.368946 0.350012
0 0.810414 0.663108 0.072657 0.321734
1 0.580202 0.803198 0.068094 0.060828
0 0.207918 0.150571 0.086742 0.086938
1 0.343088 0.668297 0.101071 0.200007
1 0.574330 0.163521 0.092526 0.211541
1 0.733883 0.180076 0.062577 0.172373
1 0.883250 0.106592 0.072836 0.128251
1 0.612667 0.746228 0.148854 0.225260
1 0.070890 0.180955 0.139087 0.327931
0 0.390960 0.599247 0.452673 0.228284
