1 0.1025677457 0.7485640309 0.0419129033 0.0865666632
1 0.2752306681 0.7853251441 0.0373571449 0.1150268719
1 0.5458422467 0.8125996031 0.0555801470 0.1126552084
0 0.0415206927 0.4728552920 0.0328014003 0.0474337633
0 0.0738665197 0.6287937909 0.0337125508 0.0841949175
1 0.2709585464 0.7835276464 0.0449573316 0.2009649469
1 0.0929275698 0.7300150321 0.0714412598 0.2686268536
1 0.3572766088 0.0707353957 0.1432094949 0.1390476698
1 0.5819814656 0.8083690371 0.1554705867 0.2612862465
1 0.5068221225 0.4812850644 0.6092065853 0.6449994463
