1 0.5118638457 0.7672829497 0.0888001737 0.0953703802
1 0.8778112119 0.8056637185 0.0842749069 0.1457693496
1 0.7000694204 0.8045006597 0.0783365230 0.1031240565
0 0.5774331799 0.3027988501 0.0275205363 0.0515094948
0 0.5337240807 0.5824217128 0.0210450959 0.0178706711
0 0.9461277148 0.2717880396 0.0445185056 0.0378436889
1 0.3949071479 0.7632305250 0.3893348992 0.3122105499
0 0.7612626323 0.1608610783 0.0326968321 0.0353864833
0 0.6777039899 0.7123005448 0.0217977620 0.0460024725
0 0.5369258533 0.1980168869 0.0272474106 0.0389251586
0 0.8426460697 0.3577877051 0.1136199894 0.1617822570
0 0.9145141526 0.4697908165 0.0328539418 0.0586682994
