0 0.513479 0.810009 0.027500 0.018922
0 0.790909 0.210292 0.067942 0.091456
1 0.725676 0.811383 0.065346 0.215858
0 0.583843 0.064802 0.078976 0.097939
1 0.842748 0.123785 0.070659 0.184168
1 0.880913 0.746941 0.033429 0.163777
1 0.604091 0.852917 0.275087 0.091543
1 0.228434 0.781659 0.091725 0.169036
1 0.238218 0.135141 0.417744 0.181852
1 0.652949 0.794738 0.153646 0.346338
1 0.236731 0.202943 0.347742 0.277810
1 0.248323 0.655287 0.258307 0.282495
1 0.625955 0.769123 0.300267 0.377928
1 0.846639 0.149476 0.109948 0.167598
