0 0.037138 0.353655 0.073760 0.184345
0 0.223829 0.293951 0.051861 0.062224
0 0.202999 0.759523 0.037408 0.117782
0 0.544774 0.696187 0.064614 0.046668
0 0.481435 0.783968 0.051861 0.071114
0 0.554977 0.255061 0.045910 0.077780
0 0.509492 0.261728 0.048461 0.244453
0 0.279516 0.270061 0.042509 0.047779
0 0.390890 0.255061 0.112225 0.097781
0 0.135521 0.720699 0.104063 0.192818
1 0.096457 0.207109 0.085178 0.199332
0 0.186357 0.189275 0.031139 0.112583
1 0.259800 0.216961 0.089446 0.203478
1 0.526054 0.253346 0.134836 0.242327
1 0.218557 0.785694 0.158721 0.315053
1 0.531561 0.787273 0.115514 0.270848
