0 0.101411 0.255330 0.042952 0.053612
0 0.103437 0.678969 0.040521 0.040997
0 0.150036 0.734683 0.025123 0.045202
0 0.690589 0.690007 0.026744 0.042049
0 0.840112 0.826139 0.077801 0.139811
0 0.569025 0.924953 0.096440 0.148221
0 0.558085 0.183322 0.055109 0.132453
1 0.324234 0.104796 0.093723 0.041333
1 0.153659 0.832387 0.118090 0.173844
1 0.370626 0.786798 0.092785 0.150746
1 0.661166 0.738779 0.087162 0.113059
0 0.103015 0.671957 0.026509 0.037269
1 0.158626 0.854023 0.087035 0.042648
1 0.149558 0.860818 0.163360 0.195895
0 0.103561 0.643447 0.035564 0.111413
0 0.156870 0.729359 0.037592 0.025239
0 0.696820 0.691253 0.054682 0.052074
1 0.701562 0.847564 0.137746 0.193266
1 0.400132 0.872534 0.141609 0.185631
0 0.567624 0.936356 0.052207 0.117410
1 0.953887 0.632949 0.068808 0.300659
1 0.824781 0.178011 0.063187 0.297528
1 0.317042 0.099429 0.053792 0.172573
1 0.591910 0.116482 0.058117 0.149988
1 0.133328 0.151381 0.052864 0.216788
