0 0.6336215102 0.6995322569 0.2086102158 0.1995718629
0 0.7379771209 0.7937156956 0.1435532483 0.0620216982
0 0.6384159918 0.6949015819 0.1790556259 0.1923720757
0 0.3389608909 0.7238099481 0.3550241190 0.0777897967
0 0.1097388314 0.7853059866 0.0478510064 0.0452022803
0 0.5782162420 0.2554942389 0.4692491734 0.3416444987
0 0.7804256002 0.7206563462 0.0493946464 0.0399461287
0 0.6644550090 0.7034967353 0.2198642023 0.2163273053
0 0.0849433467 0.8239968404 0.1403527163 0.1604270322
1 0.5249408751 0.6963252158 0.0606158258 0.1777363798
1 0.4936824443 0.7855826496 0.6747665978 0.2163927955
