0 0.6939140908 0.1499116518 0.3608858175 0.1541898335
1 0.5106587970 0.3587704331 0.1462867764 0.0902983045
1 0.8650284406 0.3250640031 0.1473047027 0.1238891847
1 0.2544980589 0.3506795547 0.1941803500 0.0852852047
1 0.5018078784 0.5831754241 0.1498403298 0.0699921574
0 0.6122249913 0.1566369682 0.1128558669 0.1603116587
0 0.6369449558 0.7282586478 0.0632951937 0.1102562283
0 0.7878794978 0.1592885328 0.0827012790 0.0869425974
0 0.3643368930 0.1637795123 0.0713823677 0.0578382509
0 0.3665413104 0.7292961024 0.0838012380 0.0911282682
0 0.6685080886 0.4755817268 0.3023477032 0.2358438501
