0 0.662103 0.208715 0.098555 0.086200
0 0.443180 0.697004 0.033929 0.062022
0 0.397134 0.675454 0.051701 0.090404
0 0.400432 0.703454 0.035352 0.058977
0 0.447567 0.707582 0.042603 0.043643
0 0.917111 0.820819 0.044416 0.050720
0 0.855925 0.837333 0.038071 0.095543
0 0.730381 0.782484 0.055294 0.058978
0 0.418561 0.219839 0.024474 0.084928
1 0.749363 0.151387 0.094889 0.053642
0 0.678823 0.223157 0.056813 0.041072
0 0.617100 0.405242 0.066632 0.025556
0 0.489446 0.400223 0.075049 0.030119
0 0.275872 0.373298 0.075751 0.016429
0 0.917647 0.710087 0.023847 0.036508
0 0.440699 0.696853 0.029459 0.041072
0 0.397914 0.684531 0.036472 0.040159
0 0.850664 0.653955 0.112924 0.050199
1 0.081474 0.660344 0.162947 0.081231
1 0.760535 0.175696 0.143084 0.123216
1 0.758297 0.424699 0.336231 0.638974
