0 0.7912684201 0.6420115317 0.1441378283 0.1454468758
0 0.7979611990 0.6418152840 0.1412466894 0.1198383947
0 0.5691415509 0.2118688505 0.7861386704 0.4141782241
0 0.7967382283 0.6503741603 0.1485282780 0.1391867853
0 0.9257948554 0.7058129834 0.0643019543 0.0849276143
0 0.8373525708 0.7007983054 0.2058195415 0.2005588162
1 0.4392200765 0.6149775351 0.0571065708 0.1646090600
1 0.8864617221 0.6787332842 0.0317723702 0.2474044308
1 0.7205940554 0.6767093043 0.0547057917 0.1807405041
1 0.4402326743 0.6601433785 0.0723040979 0.1389387069
0 0.5278117555 0.6819123791 0.0243366253 0.0707483107
1 0.8065883955 0.7649159093 0.1941490906 0.2893342049
