1 0.588153 0.146900 0.165631 0.260108
1 0.781735 0.128032 0.107660 0.254717
1 0.803474 0.797844 0.109731 0.238544
1 0.610410 0.739892 0.160455 0.314016
1 0.279147 0.727089 0.137681 0.312668
0 0.829977 0.708567 0.035528 0.045202
0 0.964822 0.487287 0.054907 0.050458
0 0.443207 0.654955 0.129193 0.093558
0 0.311996 0.260225 0.034721 0.048356
1 0.592898 0.144159 0.153888 0.236422
1 0.629380 0.761566 0.141651 0.301619
1 0.291631 0.741414 0.119950 0.298222
1 0.772707 0.148220 0.115110 0.280011
1 0.602993 0.194503 0.113339 0.222929
1 0.607420 0.813534 0.175322 0.146562
1 0.828196 0.802434 0.106846 0.161218
1 0.611509 0.733218 0.106365 0.213580
1 0.154162 0.232184 0.266069 0.191041
1 0.586614 0.151381 0.105286 0.187484
0 0.459600 0.338586 0.059633 0.099608
0 0.683122 0.120454 0.022231 0.140181
1 0.287970 0.729372 0.082461 0.215673
1 0.618803 0.740762 0.106207 0.239448
1 0.824772 0.774183 0.081586 0.186826
0 0.052417 0.685489 0.063895 0.237747
0 0.973000 0.532992 0.039764 0.113030
1 0.782436 0.227295 0.024031 0.041597
1 0.814763 0.752070 0.120988 0.301626
1 0.619354 0.726107 0.137343 0.312074
1 0.724853 0.085485 0.296652 0.115477
