1 0.061487 0.192119 0.036140 0.126212
1 0.239478 0.180913 0.065053 0.115596
1 0.470777 0.725865 0.086737 0.186369
1 0.781585 0.706993 0.137334 0.191087
0 0.193354 0.259009 0.041066 0.107224
0 0.606426 0.374117 0.066832 0.087251
1 0.784631 0.747824 0.147076 0.144798
1 0.475269 0.775758 0.098251 0.085226
1 0.485096 0.164198 0.057583 0.100781
0 0.763019 0.592288 0.083807 0.106981
0 0.384023 0.363738 0.163890 0.128863
0 0.208493 0.315111 0.146197 0.153177
0 0.068814 0.326660 0.081014 0.134942
1 0.781343 0.701485 0.071145 0.178883
