0 0.3088126480 0.8236669152 0.1238668485 0.1234074565
0 0.6207421656 0.8310869087 0.1272604146 0.1273125707
1 0.4515248560 0.1812193972 0.0658890931 0.0988141032
0 0.4848711513 0.7919746325 0.4764904430 0.2775204853
0 0.2238712157 0.7942442909 0.2255828423 0.1813383627
1 0.4423431179 0.4275619544 0.8223838169 0.5458447725
0 0.5953856063 0.4326921482 0.4495934915 0.5590638590
0 0.7457128936 0.1703935433 0.4911947822 0.2903820566
0 0.9014719702 0.6293404588 0.1489387658 0.3537480129
0 0.6213153941 0.8000302114 0.1418595936 0.2051021243
0 0.2573784502 0.1276175814 0.0576680124 0.2146112973
0 0.1060391829 0.1138919133 0.0800652017 0.1138072770
0 0.3157765631 0.8173648871 0.1019263896 0.2628399994
0 0.1373199199 0.7764992081 0.0635734374 0.2358904595
