0 0.9079480381 0.2948440344 0.1023118320 0.2390668453
0 0.5687542162 0.3122851298 0.0317306188 0.0677801279
0 0.6193517002 0.3428417597 0.0471671534 0.0466682728
1 0.7966493737 0.4875969581 0.3990456246 0.5824846977
0 0.3708727052 0.2364443571 0.4324530022 0.1588466229
1 0.1421108588 0.3864829479 0.0590014248 0.0853357071
1 0.3403831298 0.3900386126 0.0768390908 0.0604461279
1 0.6141223235 0.4318175316 0.0699784863 0.0515569785
1 0.8741402611 0.4131503594 0.0631177498 0.0604461034
0 0.5579440861 0.3071252383 0.0546225393 0.0613365662
0 0.5691227297 0.3092274788 0.0322154275 0.0548995580
