0 0.434475 0.293864 0.049446 0.067278
0 0.404888 0.241303 0.030803 0.056766
0 0.682111 0.335912 0.032424 0.046253
0 0.869359 0.207138 0.051878 0.091456
0 0.409752 0.807381 0.791140 0.347952
1 0.251686 0.288608 0.359904 0.355310
0 0.679565 0.332928 0.025239 0.043252
0 0.428751 0.306042 0.022986 0.046759
1 0.098736 0.235409 0.055409 0.147448
1 0.695682 0.347759 0.074544 0.172998
1 0.884257 0.328031 0.052585 0.142125
0 0.774267 0.259149 0.124512 0.171789
0 0.203633 0.156848 0.142899 0.111209
1 0.379137 0.332017 0.068741 0.183032
