1 0.347809 0.103852 0.066116 0.112050
0 0.345751 0.316183 0.038944 0.035032
1 0.176615 0.105273 0.070179 0.077516
1 0.348093 0.741933 0.092632 0.166597
1 0.348070 0.098196 0.065337 0.090809
1 0.168117 0.088106 0.039866 0.110988
1 0.343086 0.753316 0.073089 0.106664
1 0.168670 0.733857 0.047618 0.099457
1 0.168414 0.115625 0.063200 0.091800
1 0.338779 0.112049 0.048545 0.101338
1 0.167956 0.731996 0.062284 0.101338
0 0.309927 0.670597 0.021983 0.033382
0 0.335574 0.664636 0.018319 0.035766
0 0.592954 0.681327 0.010991 0.026229
0 0.604862 0.681327 0.009159 0.030997
0 0.717108 0.547915 0.087795 0.096040
0 0.491083 0.269522 0.209213 0.154393
0 0.477541 0.293836 0.152240 0.125216
