1 0.3762751561 0.2443756389 0.0575512157 0.0740751463
1 0.0983571305 0.1229821024 0.0360868959 0.0561876267
1 0.4759162267 0.6189239122 0.1037497801 0.1421890972
1 0.6856712641 0.6011502750 0.1479562498 0.1020550594
1 0.6477800444 0.2416641081 0.1623910268 0.3898733383
1 0.8255080055 0.2462508775 0.1822387845 0.3921667081
0 0.0927794120 0.7031364322 0.1180366067 0.1743571439
1 0.4847341612 0.5532728534 0.2460489834 0.0993543013
1 0.2169096517 0.5221724466 0.2074026594 0.1206667891
0 0.3758588118 0.7671880276 0.0780984093 0.1573416451
1 0.7321122113 0.5566152650 0.1076886046 0.0433652408
1 0.8959792268 0.5716770683 0.1782854118 0.1011967169
0 0.9280502095 0.8089808764 0.0836906433 0.1499666113
0 0.7802591885 0.7984832811 0.1247017804 0.1625459855
0 0.5922344245 0.7989758881 0.1116779926 0.1552711083
1 0.2592125967 0.3958978029 0.1548699211 0.0637982568
0 0.1415985940 0.1280307265 0.0472689516 0.0659245227
1 0.6671798182 0.4202410024 0.6152144039 0.1144216662
1 0.8815876830 0.5755228536 0.0834435856 0.0561066625
1 0.2428830745 0.1948750576 0.0988050910 0.1525985860
0 0.3536030545 0.2112270842 0.1082428016 0.2261341131
0 0.5716835845 0.2075272260 0.0819893631 0.2080803155
0 0.7183354322 0.1750468257 0.1305064033 0.1972652091
0 0.8857098374 0.1947405658 0.1213707269 0.2638500190
0 0.3013283505 0.7353020546 0.1424987830 0.2763019217
0 0.6012545193 0.7396303932 0.1004011117 0.2340567045
0 0.7897461536 0.7357533773 0.1100861792 0.2740949114
0 0.4819153629 0.7161231591 0.9032771891 0.2816071793
0 0.4959507573 0.1127702796 0.9173125800 0.0764544300
