1 0.694194 0.153395 0.329330 0.241779
1 0.679041 0.233120 0.175405 0.309150
0 0.851097 0.271779 0.192251 0.139079
0 0.727548 0.603141 0.196302 0.148520
1 0.738378 0.741071 0.067561 0.118085
1 0.472794 0.727826 0.097989 0.158013
1 0.295408 0.736134 0.099285 0.151476
1 0.141444 0.763942 0.050459 0.155812
1 0.082006 0.127711 0.047721 0.137237
1 0.270144 0.167976 0.063541 0.139803
1 0.434488 0.224485 0.063417 0.144360
1 0.683837 0.208272 0.225919 0.302189
1 0.472072 0.717793 0.110808 0.220046
1 0.741115 0.743129 0.100097 0.148085
1 0.295208 0.728736 0.110623 0.216338
1 0.265028 0.163420 0.130504 0.210604
1 0.436187 0.213692 0.111140 0.223949
1 0.083603 0.161623 0.055364 0.210801
1 0.688989 0.273777 0.375271 0.396315
1 0.694255 0.242855 0.149221 0.256140
