1 0.611195 0.867515 0.225485 0.264970
1 0.375934 0.861596 0.159013 0.276809
1 0.517546 0.948705 0.339881 0.102590
1 0.512985 0.847304 0.432444 0.293343
0 0.700520 0.288395 0.021408 0.053335
1 0.892683 0.240347 0.119618 0.205720
1 0.876544 0.853813 0.108226 0.188474
1 0.659142 0.896312 0.212655 0.202025
1 0.409938 0.880298 0.131960 0.234053
1 0.718951 0.231108 0.100631 0.189706
1 0.411480 0.931535 0.133497 0.125960
1 0.624433 0.939478 0.175710 0.097804
0 0.624737 0.400925 0.381055 0.296167
0 0.582198 0.813453 0.301136 0.223281
1 0.543053 0.443974 0.793546 0.542198
1 0.506843 0.531280 0.676157 0.837936
1 0.105692 0.426854 0.160835 0.260298
1 0.634593 0.526042 0.713155 0.192643
0 0.600570 0.346586 0.212091 0.221310
