0 0.690365 0.901984 0.584120 0.196031
0 0.480369 0.097833 0.960738 0.178895
1 0.398781 0.823210 0.129813 0.074536
1 0.880309 0.684459 0.239382 0.108937
0 0.271952 0.898319 0.123845 0.149072
1 0.762053 0.669454 0.472028 0.121467
1 0.360509 0.768761 0.213587 0.068941
1 0.409100 0.200410 0.665324 0.160041
1 0.370112 0.403618 0.659116 0.210964
0 0.799822 0.325488 0.252886 0.126141
1 0.942789 0.288806 0.114423 0.251739
1 0.775130 0.637528 0.421504 0.195649
1 0.358652 0.790988 0.240645 0.131179
0 0.299971 0.648663 0.557765 0.204522
1 0.473046 0.526641 0.735570 0.367138
