0 0.593583 0.505026 0.479091 0.608653
1 0.156209 0.726042 0.177301 0.118605
1 0.433369 0.637089 0.234363 0.134211
1 0.744155 0.388954 0.179339 0.187271
0 0.622897 0.775201 0.116163 0.110802
0 0.679802 0.739555 0.167947 0.119621
1 0.708380 0.366372 0.101791 0.099563
1 0.440974 0.758039 0.208589 0.175938
1 0.125214 0.805933 0.209719 0.143150
1 0.974748 0.781567 0.050504 0.069835
1 0.892655 0.937339 0.124902 0.055182
0 0.866376 0.790438 0.223458 0.114099
0 0.904780 0.622960 0.178674 0.195395
0 0.756720 0.963201 0.105581 0.073598
1 0.541268 0.592258 0.734630 0.738430
1 0.905459 0.654232 0.047214 0.141004
