0 0.376004 0.603446 0.039587 0.043100
1 0.642190 0.536168 0.552849 0.268060
0 0.840806 0.756398 0.294853 0.189218
0 0.634682 0.854686 0.240250 0.255445
1 0.455942 0.644079 0.138401 0.112706
1 0.735926 0.454194 0.163854 0.142108
1 0.904553 0.352513 0.132038 0.139658
0 0.872538 0.239169 0.069016 0.016609
1 0.125221 0.776052 0.241557 0.082214
0 0.889253 0.352940 0.029116 0.013287
0 0.817002 0.290656 0.074408 0.046505
0 0.431481 0.657298 0.036665 0.042353
1 0.452638 0.625153 0.158963 0.144387
1 0.733200 0.453040 0.171190 0.124507
1 0.908467 0.348412 0.152169 0.097304
