1 0.3499470840 0.6407640874 0.0370429522 0.0399461081
1 0.5842840501 0.2912354819 0.0193267446 0.0893531818
1 0.8302975878 0.2707368296 0.0217426065 0.0609704324
1 0.3737028899 0.3306560286 0.0185214572 0.0378436904
1 0.4039009754 0.3227719069 0.0161055953 0.0367924938
0 0.2099303257 0.2302999627 0.1154079861 0.2089233767
0 0.3788708345 0.2296618416 0.0882401078 0.2047336526
0 0.3756907522 0.7327500927 0.0881796754 0.2101813231
0 0.1900049704 0.7458524619 0.0934466232 0.2418245351
1 0.0991348055 0.4103350397 0.1361987502 0.1352584064
1 0.0804058876 0.6045967735 0.1231061959 0.1621839845
1 0.5823398543 0.3119691146 0.0663076895 0.1812197480
1 0.8113915337 0.3235345759 0.0656876175 0.1565133217
1 0.3682616811 0.6466637180 0.1319206332 0.2374291677
0 0.1930967543 0.7998155076 0.0493448140 0.1637205851
0 0.3786538207 0.8326938085 0.0627090266 0.1838501370
