1 0.219069 0.217852 0.078674 0.177464
1 0.373098 0.250745 0.053122 0.177500
1 0.687157 0.731085 0.144931 0.179634
1 0.379779 0.777705 0.095126 0.172151
1 0.155060 0.756392 0.137250 0.186250
0 0.357586 0.232507 0.016132 0.075531
0 0.410540 0.206117 0.023847 0.057331
0 0.625866 0.224772 0.023847 0.101921
0 0.143663 0.311678 0.046993 0.155611
0 0.047924 0.156522 0.035069 0.114661
0 0.334089 0.720727 0.058916 0.072801
0 0.193812 0.756672 0.043486 0.110111
0 0.642746 0.319659 0.089507 0.160104
1 0.198847 0.211164 0.091826 0.255227
1 0.379733 0.240641 0.135338 0.213478
1 0.633423 0.221239 0.119395 0.180648
1 0.139502 0.682642 0.189318 0.258462
0 0.805905 0.743918 0.190040 0.193399
0 0.760799 0.177908 0.065787 0.102684
0 0.665607 0.623577 0.233387 0.438813
