0 0.1921649624 0.3790232953 0.1963836595 0.0896358383
1 0.3168012255 0.2045339010 0.2464623737 0.0946238200
1 0.7465952449 0.1821921689 0.4878743615 0.1603348023
1 0.7127572449 0.7998753804 0.1797963756 0.1971328674
1 0.5248801200 0.8373305723 0.1353522637 0.1905618568
1 0.2218526047 0.7965897526 0.1717155885 0.2273598790
0 0.1933601573 0.3756939501 0.2069443343 0.1009165323
0 0.3542270484 0.2484970889 0.0404187698 0.0420485163
0 0.5975482792 0.6316645243 0.0824543869 0.0662264782
0 0.6856613301 0.6663545785 0.0258680489 0.0283827694
0 0.4791211511 0.7903977727 0.0573946863 0.0620216216
0 0.8542077463 0.7341578472 0.0379937250 0.0630728480
1 0.3538228601 0.1959363914 0.4179305512 0.3153641237
1 0.3720113178 0.7830393106 0.4526906947 0.3647711451
1 0.2913893569 0.1970882860 0.0807713019 0.1463410159
1 0.2258194563 0.7880581653 0.1229719854 0.1386699631
0 0.0733523448 0.2203966623 0.0576289308 0.0513374053
0 0.6194658945 0.5706119645 0.0462846291 0.0507471782
1 0.5296192040 0.8190376006 0.0898466905 0.1014946015
1 0.7015984802 0.8370352014 0.0798636914 0.1799758605
