0 0.392777 0.228393 0.054751 0.077780
0 0.752935 0.151168 0.056462 0.045557
0 0.319634 0.180058 0.062450 0.050002
0 0.535215 0.258394 0.057317 0.064447
0 0.527516 0.428956 0.149709 0.154450
0 0.562163 0.617851 0.338771 0.147783
1 0.170875 0.338164 0.073328 0.203518
1 0.365352 0.330757 0.099121 0.127778
0 0.073686 0.339024 0.132537 0.247613
0 0.273676 0.407291 0.107687 0.274611
1 0.363283 0.261433 0.046561 0.150599
0 0.395807 0.261264 0.053540 0.169464
1 0.167135 0.338957 0.050651 0.077308
0 0.313636 0.125645 0.091707 0.136893
1 0.166469 0.250909 0.055048 0.162064
1 0.367414 0.268937 0.061036 0.159640
1 0.648260 0.229936 0.043341 0.111309
0 0.756507 0.107369 0.182732 0.068577
0 0.472981 0.177205 0.145636 0.102578
0 0.326948 0.138197 0.070067 0.072929
0 0.744190 0.143009 0.145736 0.088567
0 0.406727 0.255082 0.068214 0.108660
0 0.322780 0.178477 0.088835 0.156739
