1 0.3360474623 0.6540744946 0.1857710425 0.0992370523
1 0.6165276792 0.6432665548 0.0245321099 0.0604766928
1 0.3285022111 0.6539389292 0.0318008879 0.0367603507
0 0.5483828544 0.2110360156 0.0735964240 0.1565279192
0 0.7251051049 0.2406814585 0.0654190645 0.1612711978
0 0.3003356965 0.1914700231 0.0463384752 0.1932882699
0 0.0700061771 0.1375153193 0.0272579331 0.1138384932
1 0.4216778300 0.2023409156 0.1489793677 0.1851310320
1 0.1820153453 0.1853705837 0.1266030529 0.1542758634
1 0.6513299127 0.2250966103 0.0453415153 0.2275568644
1 0.8056089674 0.2409098738 0.0818504074 0.1990158532
1 0.3253713936 0.6315731131 0.0762836052 0.0977804943
1 0.6141593454 0.6440178656 0.0408662114 0.1155587473
1 0.7435690568 0.3435650897 0.0490394537 0.0942248273
1 0.9213371552 0.2315619889 0.0504016503 0.1333370414
1 0.7176871334 0.5329036918 0.0735592435 0.0746687202
