1 0.9092436291 0.4771153690 0.0815091484 0.0693409703
1 0.4635883584 0.1195006775 0.0756523401 0.0600020795
1 0.7279464165 0.1256120014 0.1266538753 0.0855585405
1 0.8244244275 0.6767422700 0.0527016870 0.0566686508
1 0.6765198622 0.7778568252 0.0663020713 0.1277822064
1 0.0793765651 0.5617382447 0.0246507389 0.0711135556
1 0.6314819374 0.5549318873 0.0775425427 0.0577385670
1 0.5927106660 0.4080192794 0.1806055563 0.0744185822
1 0.7698807772 0.5267041144 0.1187676953 0.0603047574
1 0.3384887563 0.3958300480 0.1649007426 0.0731355363
1 0.9436154811 0.4785886254 0.0834318502 0.0513231652
1 0.5232207063 0.6164217481 0.2415788470 0.1389020520
1 0.2088039070 0.5299440352 0.1244053979 0.1127723441
1 0.2958088853 0.2184849325 0.1501974791 0.1978713015
0 0.0992955990 0.1798834203 0.1256395929 0.2650676687
1 0.8941950093 0.2767395784 0.1366488446 0.1923101575
1 0.6123691764 0.2862757172 0.2535604596 0.3081814296
1 0.1684648069 0.2414141125 0.0992171949 0.1882882022
1 0.0749905338 0.5570381430 0.0819791559 0.2377598608
0 0.8313057356 0.7688125943 0.0719450111 0.1175997957
1 0.4817698142 0.1116270252 0.0320616128 0.0503468926
1 0.7402089720 0.1419735186 0.0429966065 0.0801028511
1 0.7858903327 0.2095098966 0.0191130252 0.0338728094
1 0.9247748305 0.1515333504 0.0229903618 0.0404124896
