1 0.0544566220 0.7248879057 0.0811851527 0.3079834959
1 0.2257676130 0.7350654328 0.1208623282 0.1992339479
1 0.5353841723 0.7903640881 0.1551336813 0.2593073011
1 0.2607418112 0.0963182729 0.1085958798 0.1847986985
1 0.0950372910 0.0845022684 0.0980189379 0.1669231479
1 0.9497583956 0.1215408528 0.0634489424 0.2255363845
0 0.6950291117 0.5091980419 0.0609048827 0.0588679942
0 0.4282654411 0.2421898077 0.0941996733 0.1177359518
1 0.6678248922 0.6605729014 0.4206501576 0.3847442408
1 0.3795612632 0.7569099298 0.5809384215 0.2453401875
