1 0.101338 0.552376 0.130170 0.155594
1 0.190960 0.464470 0.264984 0.358939
1 0.233699 0.210017 0.213697 0.130300
1 0.299411 0.051536 0.293833 0.103073
1 0.888146 0.196495 0.212628 0.157343
1 0.848612 0.380471 0.223313 0.107354
1 0.852351 0.674670 0.192327 0.118827
1 0.829913 0.916621 0.198738 0.166758
1 0.162965 0.435538 0.103628 0.174763
1 0.172032 0.180841 0.119173 0.070501
1 0.260116 0.024448 0.098447 0.031775
0 0.363745 0.609308 0.196894 0.248243
0 0.681107 0.514976 0.181350 0.234341
0 0.401958 0.324325 0.081607 0.148946
1 0.879296 0.680802 0.067358 0.071494
1 0.896136 0.379435 0.098447 0.044684
1 0.948598 0.190274 0.097152 0.073480
0 0.589086 0.319065 0.821828 0.322197
