0 0.3064077185 0.5190805068 0.1037885719 0.1419027675
0 0.4688778062 0.5391320703 0.1023745908 0.1079695540
0 0.1375745415 0.5152244440 0.0772051628 0.2143965682
1 0.4045131917 0.8683518756 0.0504550320 0.0346900740
1 0.2604723383 0.9014651467 0.0292964472 0.0399461384
1 0.5640160550 0.7001576312 0.1415995343 0.0872507588
1 0.6498709072 0.2460332918 0.6209218628 0.4110245708
1 0.0866025091 0.1247021261 0.0363956820 0.0619210564
0 0.4803125494 0.5426539748 0.1004693813 0.2008944536
0 0.2965774536 0.5115419691 0.0908353495 0.1635600959
0 0.1293578420 0.5230978563 0.0729435240 0.2400066905
0 0.7404319629 0.6119892471 0.0949641750 0.2044501506
0 0.2839883268 0.6097580765 0.0769334835 0.2589081036
0 0.4783466375 0.6842922362 0.0445404211 0.3452108320
0 0.2910800906 0.5589823323 0.0573181438 0.1231942027
0 0.1127683336 0.5505305597 0.0614705388 0.1559043388
0 0.4708907622 0.5847266010 0.1005266770 0.1489414596
