1 0.2218931367 0.3702311321 0.1202224423 0.2724759609
1 0.5165291801 0.3696413609 0.1138470342 0.2288326107
1 0.8052451609 0.3313059919 0.1284194227 0.2158575640
1 0.8450121413 0.4461261383 0.0734509903 0.0685462875
1 0.5432665611 0.4764747338 0.0718042738 0.0705538570
1 0.2350330402 0.4713118801 0.0850650702 0.0767017469
1 0.2316591015 0.4218267573 0.1588070443 0.2087085092
1 0.5472584215 0.4436465595 0.1804893016 0.1801377520
1 0.4443302382 0.2425789478 0.7785782540 0.4323468071
0 0.3382780054 0.4824238194 0.4381746582 0.2432065128
1 0.2352298083 0.5098207859 0.2207224059 0.2428002668
