1 0.218375 0.565838 0.062026 0.118043
1 0.426113 0.590858 0.042335 0.070569
1 0.727383 0.593424 0.050212 0.068003
0 0.164225 0.789735 0.038397 0.044908
0 0.592009 0.868645 0.131929 0.056455
0 0.751504 0.856456 0.055134 0.044908
0 0.352765 0.846191 0.059072 0.044908
0 0.577972 0.249548 0.569477 0.437305
0 0.723500 0.781867 0.073856 0.310799
0 0.192936 0.727785 0.079689 0.162853
1 0.205055 0.570410 0.088821 0.219071
1 0.423574 0.632116 0.069251 0.165337
1 0.719211 0.611415 0.069492 0.145034
1 0.027282 0.553565 0.054565 0.158818
0 0.595802 0.699225 0.161365 0.215184
1 0.218328 0.568325 0.051487 0.140907
1 0.422730 0.592481 0.044278 0.114068
