1 0.6192423177 0.4888637089 0.1931338039 0.4551756075
0 0.6567221062 0.6622147324 0.4287679167 0.2673998918
1 0.6841304342 0.3435133377 0.1190747031 0.0617290535
1 0.6507314983 0.0720663802 0.1423088178 0.0583620024
1 0.6805002107 0.6399734044 0.1292397199 0.1099898839
0 0.8845244653 0.4890178643 0.0551809612 0.1806976772
0 0.6785399511 0.6565830495 0.1391220398 0.0860214989
1 0.6729750744 0.3418876723 0.1688013985 0.0645161242
1 0.6711200992 0.5963679776 0.1391220398 0.0258064648
1 0.6692651484 0.0673357071 0.1910609542 0.0630824353
0 0.7760091374 0.3939151953 0.1814012734 0.0550334666
