1 0.3106885853 0.3417205933 0.0667097639 0.0616411447
1 0.5999032389 0.3183013181 0.0425522682 0.0750236052
1 0.8413505554 0.3209435888 0.0246001140 0.0721482120
1 0.3183849920 0.3142025377 0.1008712278 0.1745733422
1 0.5955536342 0.3206900417 0.0954185712 0.2394485045
1 0.8477315997 0.2782262657 0.0763349628 0.2111393695
1 0.5843072268 0.3750156265 0.0852179197 0.0914492197
1 0.2913712605 0.3633421381 0.1220255181 0.1062404893
0 0.4384443359 0.1662593305 0.2908522540 0.1154723753
0 0.5085491709 0.2527687349 0.7926274290 0.1520669225
