0 0.464684 0.913973 0.060970 0.091114
0 0.701305 0.929208 0.052260 0.141585
0 0.786227 0.884527 0.062422 0.105559
0 0.508960 0.514514 0.239524 0.238897
0 0.741952 0.492291 0.194523 0.196674
0 0.500250 0.159198 0.721477 0.318396
0 0.741600 0.904026 0.081919 0.167080
1 0.544188 0.710182 0.068406 0.160715
0 0.457990 0.905292 0.101523 0.137355
0 0.293021 0.781366 0.161057 0.167662
1 0.534225 0.783173 0.094770 0.109541
0 0.533415 0.864330 0.061423 0.121551
0 0.128610 0.664339 0.189294 0.102700
1 0.548368 0.714478 0.054001 0.251653
