1 0.484793 0.739635 0.071398 0.164159
1 0.672212 0.721259 0.061064 0.154359
1 0.835676 0.748823 0.038517 0.150683
1 0.202489 0.697370 0.076095 0.160484
1 0.540690 0.231232 0.077974 0.183760
1 0.714018 0.233682 0.090187 0.193561
1 0.885466 0.237969 0.068580 0.229088
1 0.485750 0.446782 0.952520 0.711189
0 0.769182 0.696135 0.146421 0.306733
0 0.576473 0.725700 0.136975 0.237749
1 0.474922 0.766351 0.096355 0.136736
1 0.666215 0.762655 0.055735 0.176156
1 0.718643 0.192305 0.083129 0.190938
1 0.545299 0.195384 0.067070 0.177388
1 0.889625 0.208935 0.066126 0.177388
0 0.917493 0.656100 0.091631 0.300574
0 0.953862 0.330273 0.083130 0.218039
