1 0.502105 0.552295 0.123875 0.389094
1 0.727004 0.559662 0.131710 0.355251
0 0.554622 0.255856 0.026441 0.050458
0 0.645962 0.307365 0.143421 0.128248
0 0.884329 0.296327 0.059291 0.095660
1 0.715769 0.533989 0.089643 0.126604
1 0.224150 0.188846 0.222347 0.205151
1 0.502998 0.388921 0.080409 0.230677
1 0.232890 0.332213 0.022981 0.152000
1 0.714719 0.405582 0.077273 0.188016
1 0.923157 0.382153 0.037124 0.197256
0 0.200139 0.158035 0.096711 0.132788
1 0.501433 0.360274 0.101561 0.185730
1 0.715933 0.398295 0.081384 0.164745
1 0.925878 0.369584 0.045290 0.171702
0 0.413386 0.178994 0.045259 0.034634
0 0.550512 0.248493 0.024891 0.029215
1 0.543051 0.382581 0.137136 0.161687
