1 0.4912934900 0.7646265022 0.1157348330 0.1741979754
0 0.2906286530 0.6214752074 0.0335572726 0.0507206575
0 0.8103123018 0.5247521412 0.0498823617 0.0389250848
0 0.2952411751 0.6248316246 0.0193986290 0.0483558280
0 0.4993306932 0.6784435583 0.0218234340 0.0336388304
1 0.2055064110 0.2218276184 0.0781395214 0.2404043181
1 0.3508627229 0.2393115718 0.0865416308 0.3059691338
1 0.5390697607 0.2791968445 0.0714178641 0.2742794876
1 0.1959301595 0.2028068278 0.0623548430 0.1437757862
1 0.3663122279 0.2421114458 0.0556438309 0.1139632970
1 0.5409722500 0.2858304155 0.0685570775 0.1647238044
1 0.7837688914 0.2557101991 0.0435035450 0.1334594554
0 0.6821635458 0.1781110495 0.0686292306 0.0746225608
0 0.6831279882 0.4021128271 0.1524368154 0.0762036713
0 0.9388412608 0.3698107576 0.1223174784 0.0854529074
0 0.4585098210 0.3946916087 0.1549072266 0.1090747424
0 0.2871037026 0.3740883089 0.1410910076 0.1533146074
1 0.0875090064 0.7380453966 0.0558184987 0.1400942745
1 0.2840087966 0.7408816378 0.0729427598 0.1654146672
1 0.4845141821 0.7694255574 0.0746611603 0.1448022441
0 0.6302356933 0.6224345316 0.2103364134 0.0891636088
1 0.8042399089 0.7363770367 0.0798510772 0.1697692625
0 0.9266938277 0.5519483691 0.1466123446 0.0601815002
1 0.1954831498 0.1910674612 0.1278905384 0.1954300886
1 0.3707575650 0.2402000950 0.0830796631 0.1611187956
1 0.5403242903 0.2858587814 0.1153169275 0.1483505704
1 0.7693187614 0.2487309815 0.1177505815 0.1328469645
1 0.7987221265 0.7080925781 0.1251806852 0.2319723985
1 0.5005181938 0.7772141794 0.1329213347 0.2139144516
1 0.2770253386 0.7428621573 0.1015178770 0.1736957756
1 0.0900805661 0.7119675482 0.0803939035 0.1947909224
1 0.2987430294 0.7539197259 0.1549801171 0.1694284788
1 0.5343422116 0.5770698443 0.9313155769 0.5538494347
