0 0.645216 0.211836 0.360399 0.248871
1 0.557401 0.359574 0.123153 0.101475
0 0.588088 0.246559 0.087134 0.208140
0 0.513984 0.267058 0.028502 0.066226
0 0.735483 0.773743 0.131108 0.263855
1 0.484668 0.334861 0.311891 0.370027
1 0.265710 0.250463 0.077665 0.228894
1 0.080127 0.230048 0.085633 0.252469
1 0.551017 0.296370 0.076121 0.247259
1 0.900996 0.302925 0.183170 0.099558
1 0.074666 0.274480 0.086765 0.085336
1 0.263345 0.299369 0.067484 0.074669
1 0.551183 0.375816 0.089519 0.081780
0 0.579182 0.232814 0.056653 0.207601
0 0.504712 0.284124 0.044774 0.100262
0 0.510749 0.275119 0.052334 0.071113
0 0.561706 0.173783 0.082633 0.106670
0 0.813736 0.216450 0.077124 0.149337
1 0.075271 0.219008 0.054248 0.152585
1 0.558143 0.287967 0.057746 0.195035
1 0.263186 0.264253 0.048242 0.159379
1 0.911404 0.305644 0.153640 0.133176
0 0.513651 0.267174 0.028076 0.041203
