1 0.348506 0.605073 0.350673 0.393348
0 0.609141 0.781191 0.192999 0.203341
0 0.796540 0.645630 0.185245 0.221119
1 0.413345 0.521720 0.119535 0.222934
1 0.234502 0.586940 0.111260 0.161271
1 0.435768 0.617366 0.130503 0.101307
1 0.687905 0.350209 0.115299 0.135621
1 0.669724 0.267100 0.211735 0.332656
1 0.402115 0.517947 0.128553 0.281728
1 0.426356 0.605309 0.038588 0.054011
1 0.809397 0.286196 0.332919 0.093767
1 0.425918 0.532901 0.091670 0.197443
1 0.251403 0.629715 0.099756 0.174544
0 0.147819 0.513076 0.083579 0.045605
0 0.139288 0.144946 0.076829 0.079458
1 0.657424 0.602799 0.160694 0.257526
1 0.839831 0.455129 0.239089 0.151390
