1 0.689889 0.166644 0.108166 0.106670
1 0.849399 0.069752 0.120488 0.122670
1 0.199892 0.831579 0.093105 0.131559
0 0.941305 0.508014 0.056137 0.049779
0 0.686271 0.332738 0.135757 0.147098
0 0.341261 0.397170 0.187251 0.110628
0 0.420842 0.653072 0.136694 0.111843
0 0.645076 0.623896 0.161972 0.080236
1 0.444249 0.197189 0.086136 0.153177
1 0.697506 0.183208 0.102052 0.171412
1 0.865096 0.169228 0.135757 0.192079
1 0.214866 0.788622 0.065538 0.232197
1 0.529448 0.780720 0.044940 0.175059
1 0.805176 0.727837 0.062729 0.171412
1 0.212057 0.248856 0.058048 0.193295
1 0.853800 0.102710 0.095789 0.139676
