1 0.580275 0.272581 0.072660 0.180504
1 0.396956 0.243781 0.071485 0.154420
1 0.160934 0.237296 0.061871 0.132978
1 0.787479 0.281919 0.075352 0.210304
1 0.974852 0.260599 0.050297 0.152945
1 0.840085 0.790018 0.046431 0.122402
1 0.653300 0.787036 0.072327 0.155643
1 0.445089 0.796708 0.125767 0.218712
1 0.136082 0.757066 0.055997 0.176065
0 0.307820 0.716349 0.214578 0.235188
0 0.054390 0.578626 0.108749 0.132729
0 0.279853 0.391953 0.136300 0.107922
0 0.065102 0.342923 0.091783 0.115273
1 0.400515 0.257807 0.103014 0.196816
1 0.586434 0.277426 0.073232 0.212740
1 0.778566 0.275659 0.102593 0.229142
1 0.451419 0.805594 0.115392 0.181972
1 0.649901 0.782033 0.087326 0.175283
