0 0.4932648252 0.7248611696 0.0242617577 0.0378436613
0 0.4572765419 0.6365592196 0.1528492056 0.0441509382
0 0.3545683022 0.5666534816 0.1334397995 0.0620216296
0 0.9457469933 0.2407772273 0.0752115432 0.0325875972
0 0.9175654348 0.7417892750 0.0408357279 0.0884662886
0 0.9333089193 0.7594507837 0.0509079253 0.1762676668
1 0.1753783406 0.1330721417 0.0562697147 0.1199443179
1 0.8190466528 0.1879064308 0.0595742381 0.0528291905
1 0.6690674583 0.2183627592 0.0431982452 0.0614152154
1 0.5761471703 0.8448712511 0.2128414421 0.1375093613
1 0.9728296925 0.1529352427 0.0291551768 0.0811780212
