0 0.596809 0.358875 0.031684 0.060970
0 0.366900 0.414063 0.038183 0.038895
0 0.283222 0.383578 0.041432 0.055714
0 0.314094 0.358349 0.031684 0.085148
0 0.320187 0.807743 0.061742 0.054663
0 0.953859 0.821409 0.056868 0.060970
1 0.518006 0.828242 0.368018 0.286981
0 0.360803 0.407854 0.033223 0.042989
0 0.326473 0.377762 0.050941 0.077379
0 0.284945 0.387077 0.047619 0.050153
1 0.395787 0.851692 0.136201 0.189614
1 0.655725 0.878836 0.101543 0.207710
1 0.823849 0.778914 0.085126 0.160504
1 0.609514 0.255311 0.063844 0.147128
1 0.345320 0.262785 0.111880 0.147915
1 0.776422 0.231707 0.069317 0.099921
1 0.354339 0.831779 0.136229 0.160471
1 0.663908 0.870073 0.142806 0.127647
1 0.618419 0.244691 0.100129 0.202795
1 0.778408 0.277786 0.087069 0.195753
1 0.339254 0.288349 0.070743 0.222511
1 0.364286 0.833359 0.096864 0.205611
1 0.654335 0.821389 0.130603 0.170404
1 0.832282 0.756607 0.109925 0.226736
0 0.177632 0.434811 0.087069 0.112664
