1 0.2590451420 0.8580219582 0.1162059853 0.0958661045
0 0.1717102208 0.2527498576 0.0671252031 0.1428592523
0 0.5789211697 0.3566280688 0.2207853253 0.1650718802
0 0.5565903775 0.7026342749 0.2282286494 0.1873611306
0 0.1305571504 0.3139406618 0.1500420425 0.1967689442
0 0.1939066411 0.6493513639 0.0518813022 0.0551126513
0 0.0416587613 0.5782382806 0.0833175225 0.0871135152
0 0.3174661010 0.8066890506 0.0423242377 0.0853357739
0 0.1031143405 0.7844662159 0.0914749461 0.0942248092
0 0.4833497671 0.3906775124 0.0300365517 0.0497791809
0 0.7291033604 0.1968943569 0.0491506808 0.0817800550
0 0.5420575598 0.2253395892 0.0464201225 0.1315592051
