0 0.532952 0.643963 0.042604 0.068891
0 0.737027 0.598406 0.028119 0.044446
0 0.330155 0.210059 0.637362 0.412237
1 0.567500 0.536334 0.074147 0.106478
1 0.725820 0.495178 0.077001 0.111037
1 0.882095 0.498752 0.075351 0.076896
1 0.262546 0.583997 0.130459 0.139940
0 0.533985 0.657168 0.051903 0.107013
0 0.724763 0.595887 0.049097 0.037500
0 0.959379 0.734912 0.038577 0.097866
0 0.811035 0.759150 0.026653 0.060366
1 0.571860 0.584454 0.085570 0.197562
1 0.746156 0.555643 0.124146 0.171037
1 0.912035 0.592228 0.130459 0.246038
1 0.575868 0.602045 0.061254 0.070340
1 0.752318 0.576413 0.066740 0.066764
1 0.902711 0.562107 0.060340 0.064379
1 0.212646 0.624860 0.337489 0.649238
