0 0.3629794735 0.5667384212 0.1984990186 0.3389006854
0 0.4728780879 0.6411854742 0.0502636976 0.1433382812
0 0.8272797991 0.4539567333 0.0434482688 0.1000034680
0 0.6458193524 0.1883919587 0.5392700422 0.2066738507
0 0.2662857358 0.3700649209 0.1550507498 0.2988992588
0 0.3404007052 0.6120068763 0.1304586996 0.0622070411
1 0.7188010830 0.4798170433 0.2307575717 0.0997141545
1 0.0945631868 0.5475128888 0.0736460450 0.0594626266
1 0.3656686934 0.6020577518 0.1794918362 0.1449081507
0 0.7338616966 0.3971130396 0.2783596303 0.3399335293
0 0.3451333565 0.5699703780 0.2242833883 0.2971527371
