1 0.192793 0.643738 0.335446 0.101697
1 0.839483 0.257311 0.197945 0.096207
1 0.859796 0.480596 0.222556 0.094309
1 0.924531 0.717978 0.150938 0.093714
1 0.908494 0.730125 0.060137 0.064253
1 0.343314 0.841925 0.172617 0.106231
1 0.237516 0.381875 0.072388 0.094237
1 0.241414 0.650452 0.113593 0.096807
1 0.855596 0.492390 0.087979 0.073676
0 0.821072 0.681293 0.085751 0.062539
1 0.337522 0.068827 0.411248 0.129667
1 0.265941 0.372567 0.224086 0.098566
1 0.813776 0.271514 0.231415 0.096455
1 0.290472 0.647796 0.253849 0.134555
1 0.847374 0.493521 0.220866 0.103105
1 0.313030 0.858257 0.281415 0.128644
1 0.859693 0.737629 0.235993 0.107168
0 0.513387 0.567191 0.679186 0.726681
