1 0.7599202979 0.0500766337 0.1274804536 0.0947095809
0 0.5179268815 0.6885943201 0.0331502089 0.0599191904
0 0.5053945032 0.1614106026 0.0743858701 0.0925068092
1 0.6424424071 0.1992542888 0.2805642075 0.3721296842
1 0.3174084097 0.1519496739 0.1269411675 0.2817252956
1 0.6772097317 0.8031765718 0.2935008173 0.3290299304
0 0.6360233536 0.2700786937 0.1803788527 0.4997897527
0 0.9110271067 0.3469694197 0.1744647609 0.4459662251
0 0.2264747462 0.7698684631 0.2188201810 0.3306301523
0 0.7990410530 0.2058565132 0.1125499654 0.1733195432
1 0.6743953855 0.0616353585 0.2581426964 0.0885973022
1 0.7296724497 0.8084009101 0.1262502730 0.1687017469
1 0.4084357031 0.7938104683 0.1150279549 0.1577589566
1 0.2032790569 0.7669093670 0.0778543224 0.1531995565
1 0.6532209250 0.1098841633 0.1865698141 0.1468161741
1 0.3284772158 0.1180912816 0.0575140090 0.1723494369
1 0.1405046317 0.0971175421 0.0519028895 0.1431685739
1 0.0265287101 0.7226821879 0.0526042682 0.1668780444
1 0.6127399895 0.1902319393 0.1317822948 0.1310206705
1 0.2124096967 0.7906233735 0.1063117586 0.1281411337
1 0.4078683320 0.8330971473 0.0963450367 0.1036647216
1 0.7229276859 0.8525342569 0.1018820816 0.0734292360
1 0.0269178041 0.7481496819 0.0454039860 0.1036647216
1 0.1321221622 0.0901667003 0.0431891574 0.1324604594
0 0.1544554429 0.2956596056 0.2954755960 0.1629024829
0 0.1053653464 0.5278564083 0.1374522539 0.1507455407
0 0.2685314676 0.5928957953 0.1552182152 0.1252160464
0 0.5102417119 0.6269351348 0.1954253455 0.0984709009
0 0.4592815107 0.3059929787 0.2318921770 0.3610599153
0 0.7982368864 0.6330135751 0.1767242621 0.2321968335
