1 0.537421 0.068680 0.067537 0.081180
0 0.790696 0.134501 0.145061 0.258898
0 0.659288 0.646741 0.044372 0.170006
1 0.454068 0.800635 0.255137 0.328900
1 0.231783 0.796746 0.303776 0.372235
1 0.562999 0.141890 0.087171 0.198246
1 0.718311 0.145887 0.083488 0.142290
0 0.785838 0.125902 0.105587 0.246209
1 0.855821 0.134696 0.083488 0.164672
1 0.423649 0.821363 0.085943 0.124703
1 0.719539 0.779796 0.058933 0.063950
1 0.885287 0.755015 0.041744 0.113512
1 0.287981 0.175464 0.089627 0.127901
1 0.811965 0.241622 0.295701 0.427411
1 0.551768 0.078215 0.052750 0.076627
0 0.205458 0.353752 0.077524 0.110135
0 0.305993 0.665701 0.089071 0.066450
0 0.324169 0.836987 0.052801 0.060044
0 0.632204 0.591845 0.067259 0.074982
1 0.438404 0.827376 0.070298 0.265650
1 0.726333 0.781679 0.049457 0.206285
1 0.898919 0.774929 0.049383 0.271631
1 0.560209 0.206827 0.087960 0.273167
1 0.281105 0.177742 0.095043 0.204258
1 0.806936 0.241081 0.225571 0.232250
