1 0.8500377681 0.9160178669 0.2182009294 0.0483558209
0 0.8023063301 0.3010577751 0.3682139966 0.3658223949
0 0.1995937322 0.5414917340 0.1427760489 0.1037419256
0 0.2079809611 0.3419075466 0.2102603784 0.0945655282
0 0.8786498614 0.4099267761 0.2252570031 0.1116671496
0 0.8561936756 0.5854122598 0.2121928580 0.1177450260
1 0.4023917281 0.5993306120 0.1802617425 0.2621352605
1 0.7112476323 0.6702453487 0.2540905024 0.3170058975
1 0.6857380912 0.4628209540 0.1845190266 0.2316764757
1 0.7260121800 0.2703530538 0.2584192878 0.2117742626
0 0.8945221971 0.1945518103 0.2080729440 0.0784611670
0 0.8835359919 0.3683735176 0.1610284383 0.0844778662
0 0.1679467016 0.3698151219 0.1614990849 0.0749274588
0 0.1302373515 0.1878846430 0.1128562518 0.0720066597
1 0.3745439875 0.6433469375 0.2018730215 0.2528634740
1 0.6852392209 0.4512679114 0.1671760713 0.1240003559
1 0.7017991239 0.7041314644 0.2097587022 0.2698831889
1 0.7467474816 0.3120714198 0.3406608018 0.1519612620
1 0.7065379712 0.4887732492 0.4258974216 0.7888615702
