0 0.5755319201 0.1750763652 0.5861162548 0.3237738357
0 0.6161190064 0.2742020542 0.0863743301 0.1226700759
0 0.2788479545 0.7302147162 0.1137947209 0.0782244223
0 0.4687343156 0.8155504496 0.0767771508 0.0853357334
1 0.8121749626 0.4848745542 0.3441261733 0.1920052980
1 0.4543385939 0.5346537422 0.0616959186 0.1813383518
1 0.2240071100 0.4733186991 0.1713776076 0.2186727454
1 0.4444080030 0.6545054288 0.6624882044 0.5210693932
1 0.1182523325 0.6670847418 0.0981571812 0.3531794206
1 0.8398401875 0.7915002065 0.3174633310 0.3359790759
