1 0.610649 0.486417 0.112447 0.104857
0 0.110980 0.216074 0.094274 0.027332
0 0.162181 0.169295 0.073144 0.078841
1 0.625424 0.451546 0.606280 0.357413
1 0.623306 0.340883 0.100845 0.418594
1 0.423450 0.329025 0.093511 0.383019
1 0.208925 0.305901 0.097178 0.348630
1 0.877251 0.445828 0.058673 0.130440
1 0.224543 0.345652 0.157936 0.245493
1 0.429926 0.385348 0.144757 0.287761
1 0.660416 0.413041 0.088163 0.332700
1 0.633064 0.386781 0.133064 0.432200
1 0.421840 0.328758 0.088542 0.428932
1 0.624511 0.337011 0.126922 0.398136
1 0.195723 0.299582 0.143856 0.362960
0 0.143994 0.177888 0.168024 0.129418
0 0.926355 0.309569 0.147211 0.234990
1 0.612061 0.517790 0.083050 0.075232
1 0.460438 0.354013 0.204891 0.279609
