0 0.301707 0.572435 0.016166 0.050458
0 0.820216 0.576640 0.018590 0.039946
0 0.898215 0.595036 0.067895 0.051509
1 0.135911 0.724441 0.052134 0.130522
1 0.537670 0.715966 0.090583 0.062719
1 0.811048 0.642229 0.083415 0.072889
1 0.375728 0.118021 0.050831 0.117809
1 0.205641 0.135396 0.050831 0.130522
1 0.773251 0.139633 0.053437 0.083060
1 0.517794 0.140057 0.043011 0.134760
1 0.374769 0.103079 0.044889 0.133181
0 0.080186 0.526340 0.091181 0.151425
1 0.524165 0.150513 0.063125 0.116762
0 0.817345 0.584721 0.014028 0.025542
0 0.888755 0.247177 0.189540 0.104845
0 0.199509 0.685059 0.108295 0.221468
0 0.202952 0.672180 0.117632 0.191675
0 0.062334 0.523588 0.098703 0.147713
1 0.381428 0.078692 0.058140 0.094958
1 0.222557 0.067262 0.043267 0.121335
1 0.527601 0.701485 0.073180 0.165123
