1 0.819960 0.560847 0.206894 0.290901
0 0.866638 0.804392 0.073170 0.111625
0 0.859380 0.804228 0.086252 0.173450
0 0.421062 0.809484 0.084684 0.072534
0 0.547304 0.625521 0.192891 0.152426
0 0.377936 0.613958 0.139572 0.186065
0 0.690012 0.273365 0.409306 0.276469
1 0.807936 0.568011 0.196555 0.499205
1 0.437212 0.540196 0.132129 0.458215
0 0.780918 0.660555 0.186293 0.491576
1 0.870184 0.802759 0.083144 0.149413
1 0.796769 0.666390 0.130908 0.483814
0 0.865473 0.808312 0.078258 0.103724
1 0.820119 0.580000 0.080037 0.209832
0 0.892008 0.803133 0.127306 0.110225
0 0.564461 0.612017 0.156480 0.076447
