0 0.530568 0.734683 0.030840 0.078841
0 0.308192 0.301058 0.016232 0.035741
1 0.701813 0.791449 0.423650 0.331132
1 0.715843 0.266182 0.300293 0.145858
1 0.179802 0.203925 0.050354 0.156531
1 0.334068 0.247801 0.056763 0.189735
1 0.559288 0.793288 0.130005 0.215823
1 0.845391 0.767793 0.077820 0.195664
1 0.279136 0.766014 0.054932 0.149416
1 0.110679 0.743483 0.062256 0.201593
1 0.607387 0.318181 0.041347 0.266201
1 0.052543 0.173661 0.048036 0.172479
1 0.162600 0.232729 0.090599 0.309517
1 0.336198 0.275258 0.091207 0.282740
1 0.100883 0.722601 0.082695 0.263838
1 0.564216 0.795452 0.136203 0.263050
1 0.842093 0.811991 0.097288 0.242573
1 0.733167 0.155148 0.197334 0.257206
1 0.567182 0.844825 0.118496 0.086072
1 0.858502 0.851475 0.066666 0.077306
1 0.341271 0.242177 0.042999 0.168734
1 0.098606 0.743565 0.057080 0.139421
1 0.272168 0.776681 0.048460 0.104709
1 0.173701 0.191636 0.041146 0.112495
1 0.055663 0.174994 0.099925 0.166237
