0 0.650116 0.686328 0.051744 0.080943
0 0.817880 0.665303 0.059021 0.068329
0 0.773816 0.871867 0.189189 0.208140
1 0.539351 0.741516 0.355740 0.380539
0 0.642566 0.686940 0.044453 0.051900
1 0.709082 0.703150 0.154132 0.182616
1 0.406289 0.697221 0.104883 0.201589
1 0.212028 0.696035 0.095763 0.154156
1 0.277238 0.171904 0.082082 0.151785
1 0.544005 0.168939 0.048337 0.100795
1 0.406212 0.721091 0.097696 0.251484
1 0.720025 0.715317 0.119407 0.221973
1 0.284339 0.165517 0.090789 0.161668
1 0.543875 0.158460 0.074999 0.147554
1 0.216741 0.717241 0.072039 0.166800
0 0.520685 0.637049 0.123354 0.134723
0 0.788116 0.477306 0.089802 0.087249
0 0.816241 0.667843 0.055262 0.070569
1 0.718967 0.756511 0.098133 0.037776
0 0.432539 0.476040 0.437276 0.508638
