0 0.507786 0.587858 0.043216 0.099082
0 0.669434 0.770425 0.077831 0.186065
0 0.628111 0.259009 0.563270 0.346901
1 0.478022 0.563756 0.088133 0.078578
0 0.344960 0.841259 0.138174 0.089134
0 0.908527 0.865610 0.095389 0.097404
0 0.106838 0.713990 0.056111 0.213186
1 0.727218 0.640478 0.062424 0.097404
1 0.473665 0.630829 0.060320 0.125890
0 0.766495 0.883988 0.101702 0.064324
0 0.939970 0.767955 0.120060 0.188432
0 0.832152 0.843936 0.106711 0.201805
0 0.563055 0.786798 0.247755 0.228550
0 0.358912 0.725406 0.158675 0.266236
0 0.184927 0.764308 0.170738 0.178706
1 0.951390 0.629366 0.068666 0.178706
1 0.702707 0.648210 0.102071 0.179922
1 0.470263 0.624504 0.117846 0.227334
1 0.301381 0.628151 0.084441 0.154393
1 0.127860 0.559464 0.095576 0.148314
1 0.463304 0.492601 0.410141 0.457099
