0 0.741034 0.305952 0.027439 0.032588
0 0.850385 0.583473 0.054070 0.036792
0 0.837473 0.699632 0.052456 0.075687
0 0.741461 0.314203 0.043466 0.040105
0 0.860540 0.580781 0.060671 0.063696
0 0.320837 0.817870 0.029883 0.040105
0 0.397355 0.846769 0.032600 0.027130
0 0.833827 0.692248 0.048899 0.076671
1 0.420433 0.125622 0.685496 0.136828
1 0.299075 0.208137 0.121304 0.101539
1 0.492721 0.198161 0.164791 0.171537
1 0.382533 0.846936 0.165608 0.072725
1 0.573563 0.785125 0.139451 0.108608
1 0.447681 0.003489 0.184082 0.006978
0 0.857223 0.582540 0.071761 0.062473
