1 0.748510 0.475424 0.093286 0.194493
0 0.666840 0.236285 0.656339 0.472570
1 0.482788 0.478414 0.095048 0.163102
1 0.277207 0.523023 0.081164 0.121281
1 0.110606 0.468656 0.100388 0.177042
1 0.740698 0.427532 0.083300 0.158920
1 0.086719 0.527701 0.110244 0.233551
1 0.258862 0.569575 0.064158 0.225294
1 0.473477 0.576652 0.081328 0.277194
1 0.741406 0.542445 0.078617 0.343249
1 0.115279 0.482532 0.081381 0.149921
1 0.272791 0.550210 0.065630 0.124220
1 0.468697 0.512516 0.082038 0.137927
1 0.740735 0.484673 0.082694 0.145638
1 0.968156 0.479105 0.063687 0.113940
1 0.634494 0.347313 0.191755 0.307806
0 0.567012 0.648210 0.343660 0.408472
