1 0.8676085096 0.6272960991 0.0343027075 0.0822250612
1 0.8770417653 0.7356331938 0.0531692188 0.0811139179
1 0.8787568911 0.3050626837 0.0668902259 0.0911142698
1 0.8885719964 0.1204200099 0.1015353381 0.0533348104
1 0.9564908926 0.1879774422 0.0507676374 0.0533348207
1 0.3937061199 0.5652698804 0.0392779908 0.0272638464
1 0.8941499069 0.3130795469 0.1199381342 0.1772148378
0 0.8110348713 0.1917555358 0.0561113793 0.0981497508
0 0.6349898849 0.2440455857 0.0920944530 0.1395287873
0 0.8164163170 0.2276760942 0.0718173585 0.1156202542
0 0.6982801445 0.6812154503 0.0528342219 0.1278300542
0 0.5214636712 0.6972940506 0.0633434755 0.1640236967
1 0.4870191867 0.3580415275 0.2032985133 0.1758463255
