1 0.6437019549 0.6868294536 0.1133412432 0.2215528213
1 0.9101190227 0.6538501993 0.1354883848 0.1758892195
1 0.3772848872 0.7248823936 0.0859830317 0.1894191437
1 0.1903369744 0.7603985214 0.0690469757 0.1758893015
1 0.2229062952 0.2344220727 0.0612303235 0.2164790433
1 0.3864042911 0.2378045537 0.0755608288 0.1352993957
1 0.0809040454 0.2149727836 0.0586247807 0.1843454478
1 0.6576372000 0.7506337163 0.2542095628 0.3266780282
0 0.9516472104 0.3667314682 0.0958635278 0.1366713852
0 0.8994358495 0.5406264183 0.0753213613 0.1711170819
1 0.2258796988 0.2181370865 0.0636882121 0.1285474584
1 0.3828521113 0.2097786006 0.0855234524 0.0871296121
1 0.6376544856 0.7447584574 0.1242798925 0.1386615044
