0 0.253773 0.603282 0.040587 0.047305
0 0.558172 0.184899 0.043833 0.036792
0 0.299230 0.495532 0.040587 0.037844
1 0.682367 0.699468 0.418853 0.302750
0 0.297027 0.492315 0.048274 0.047182
1 0.285504 0.652160 0.076916 0.213447
1 0.546012 0.664018 0.090651 0.227677
1 0.830328 0.650381 0.095230 0.169572
1 0.127551 0.649789 0.066844 0.201589
1 0.189817 0.120914 0.046699 0.156528
1 0.332203 0.156488 0.038458 0.147041
1 0.581266 0.130400 0.045784 0.147041
0 0.454723 0.339338 0.782187 0.277760
1 0.480098 0.670109 0.844568 0.174880
1 0.119776 0.644369 0.065363 0.135911
0 0.287787 0.633639 0.012888 0.021460
1 0.284564 0.661656 0.043268 0.139488
1 0.543714 0.686096 0.058919 0.102530
1 0.830022 0.666425 0.073648 0.096569
1 0.197567 0.099531 0.036824 0.078686
1 0.332896 0.143642 0.033142 0.064379
