0 0.7699515865 0.2546352723 0.0570247681 0.0743116091
1 0.8976410406 0.4201628521 0.0882575763 0.1018963204
0 0.7640615705 0.2465088851 0.0437588345 0.0849292552
1 0.9010172636 0.5452787056 0.0481504867 0.4309031667
1 0.7034074727 0.4395871253 0.0335695005 0.2688248287
1 0.4427896793 0.4565227916 0.1278010777 0.3849111147
0 0.5997566778 0.2524422640 0.1899717182 0.0700157130
0 0.2075109610 0.4388042527 0.1108820316 0.4225244311
1 0.0953374976 0.7349534332 0.1364185354 0.1718776441
1 0.5960253075 0.2670908904 0.4479359012 0.2030202267
