1 0.4085663614 0.8044951066 0.4207665775 0.2467061656
1 0.7256609418 0.7384927353 0.0708322590 0.0640017499
1 0.8904823336 0.7296035939 0.0435891925 0.0817800328
1 0.4123641714 0.7998277600 0.3350913667 0.1155587656
1 0.0221053161 0.6522681195 0.0340539890 0.1475596159
1 0.2949689975 0.7110311413 0.5899379949 0.4793534578
1 0.7408362735 0.7497986135 0.4604100975 0.1635600657
0 0.1659014853 0.5681403708 0.2220508968 0.2429116168
0 0.6012503020 0.6396911179 0.1916455334 0.2344938760
0 0.2598815297 0.2975705158 0.0949014408 0.1491140958
0 0.5620919192 0.3619060056 0.1925670099 0.1575318120
1 0.5218528169 0.4974641293 0.8383086273 0.3233735212
