0 0.571590 0.382406 0.096664 0.130226
0 0.487335 0.423841 0.103196 0.192802
0 0.529744 0.440414 0.167634 0.184010
1 0.205409 0.585499 0.083817 0.214678
1 0.449116 0.454569 0.093839 0.297247
1 0.623128 0.403848 0.117526 0.311401
1 0.818093 0.307125 0.093839 0.290169
0 0.569147 0.390411 0.077133 0.151375
0 0.490796 0.427203 0.095808 0.214448
0 0.522461 0.230626 0.095808 0.092507
1 0.344242 0.643228 0.444126 0.507736
1 0.630478 0.446507 0.087152 0.140956
1 0.467940 0.550491 0.115688 0.131371
0 0.525843 0.273765 0.120327 0.108130
