0 0.546056 0.713410 0.028060 0.030001
0 0.400228 0.645074 0.083330 0.060002
1 0.372594 0.787857 0.400494 0.285566
1 0.475901 0.188925 0.092935 0.278352
1 0.636038 0.179422 0.074337 0.258314
1 0.787155 0.138855 0.090338 0.205468
1 0.797092 0.785576 0.134841 0.274616
1 0.954248 0.759767 0.084095 0.219902
1 0.223948 0.844616 0.120923 0.227952
1 0.510552 0.848125 0.120247 0.205579
1 0.237311 0.746049 0.053565 0.199573
1 0.455644 0.754879 0.121947 0.230849
1 0.812609 0.768975 0.035493 0.199466
1 0.503675 0.810739 0.057296 0.099159
1 0.230527 0.794898 0.060482 0.063046
1 0.781328 0.149617 0.061020 0.080332
