1 0.4447241714 0.7857046833 0.5096713666 0.2274951550
1 0.7666172617 0.7014100394 0.0847025134 0.2144998419
1 0.9217351225 0.1591650987 0.1051127326 0.2038414597
0 0.2996416230 0.3914621592 0.0201302125 0.0336388322
0 0.0613000123 0.8340231894 0.0893780934 0.1492723591
1 0.3966692030 0.7541308807 0.4621894915 0.4141782450
0 0.6229658933 0.6200961990 0.0951957152 0.1850369891
1 0.4554350076 0.6923974141 0.3682359518 0.2998683103
0 0.2301871624 0.5307544077 0.1815234784 0.1693482431
1 0.5693755317 0.4784684932 0.8209101097 0.5351524302
