1 0.088729 0.190921 0.064882 0.158879
1 0.254538 0.199599 0.081359 0.213618
1 0.431675 0.214286 0.087539 0.229640
1 0.673178 0.230307 0.053553 0.176235
1 0.902324 0.219626 0.095778 0.165554
1 0.846196 0.722964 0.080330 0.160214
1 0.560923 0.754339 0.109166 0.196262
1 0.279770 0.738318 0.105046 0.201602
1 0.099028 0.696929 0.087539 0.153538
0 0.559327 0.649699 0.013785 0.064124
0 0.587584 0.586267 0.009086 0.018322
0 0.575168 0.587127 0.082282 0.083558
1 0.564450 0.803405 0.071598 0.036199
1 0.095265 0.176120 0.076576 0.130371
