1 0.211778 0.112126 0.107811 0.179656
1 0.392595 0.132367 0.104940 0.201689
1 0.638316 0.136713 0.137434 0.246085
1 0.871553 0.118916 0.086247 0.187849
1 0.073811 0.696707 0.113517 0.255326
1 0.268887 0.698076 0.104033 0.257227
1 0.583253 0.735197 0.145320 0.186144
1 0.848564 0.767219 0.087726 0.190825
0 0.571970 0.576746 0.136457 0.197524
0 0.634158 0.288477 0.092451 0.158538
0 0.365076 0.237923 0.097575 0.129820
1 0.078629 0.554334 0.088384 0.297997
1 0.709718 0.685276 0.436087 0.411025
1 0.092264 0.658996 0.150736 0.341644
1 0.632454 0.125768 0.140703 0.180117
1 0.391626 0.136608 0.147475 0.200077
1 0.199129 0.125268 0.171829 0.171748
1 0.580722 0.689445 0.031654 0.097468
