0 0.4021541287 0.1929866290 0.0676706441 0.1369906469
1 0.2420636591 0.3092125593 0.1476676355 0.1928376512
1 0.0703912954 0.3101453500 0.0862138757 0.2275512736
1 0.4301088126 0.3311253259 0.0695002823 0.1681005769
0 0.4123696637 0.2064485371 0.0873586528 0.0904043878
0 0.1292629822 0.2548043811 0.1083894113 0.1282480971
0 0.4985149633 0.3189283990 0.1059627917 0.1513747351
0 0.2471731893 0.1789618587 0.1014362904 0.2416828759
0 0.1488727808 0.2790148840 0.1316342760 0.1807945804
0 0.4213262345 0.2009684279 0.1228166160 0.1237895444
