0 0.4812302560 0.2833514113 0.1335184406 0.2249597355
0 0.4816322657 0.6810424262 0.0649816940 0.0825684876
1 0.0828495980 0.8407152512 0.1272313409 0.1095521893
0 0.5436890063 0.2805746568 0.0718482999 0.1252025056
0 0.8063842623 0.1856946314 0.0643640997 0.0997707385
0 0.2849228980 0.5599877723 0.0673577647 0.0449946932
1 0.6014187015 0.0990012035 0.0632099392 0.1191241614
0 0.9148062009 0.8862342650 0.0799479821 0.1044877504
1 0.1821124097 0.7976745458 0.3012672915 0.1465376698
1 0.4711925521 0.1306096633 0.7448810158 0.0739059818
