1 0.5507700800 0.7811140193 0.2363363641 0.1965802018
1 0.5091038199 0.3911072408 0.3743130983 0.2365270018
0 0.2673777215 0.6342398710 0.0623791594 0.1600044664
0 0.4487393432 0.7151309780 0.0693101543 0.0942247810
1 0.3655671068 0.8013556113 0.0693101748 0.0853357281
0 0.2464850370 0.5863790034 0.1317272097 0.4875799292
0 0.4817703073 0.4573463775 0.3570405385 0.3136479972
0 0.4877467415 0.6087358342 0.6387126812 0.7675211904
1 0.8617183975 0.9004653812 0.1406044227 0.1714123314
0 0.2799113769 0.6051636688 0.1236827023 0.2453908521
0 0.7269572815 0.5512694209 0.0640765844 0.0756812911
1 0.8484047402 0.8776897736 0.0864288965 0.2446204528
