0 0.7061810836 0.6003979402 0.1616752139 0.1625285158
0 0.8815126059 0.3525001838 0.0836895875 0.0802777071
0 0.7151545462 0.6165364583 0.0891636801 0.1061658034
0 0.6760368841 0.5675896812 0.1076075381 0.2163848570
0 0.4061965745 0.5609347205 0.1054292808 0.2224117410
0 0.1516599542 0.5139467174 0.1134476521 0.2200818027
0 0.4029959231 0.2710986377 0.0765454430 0.1824915967
0 0.8515431443 0.5747589991 0.0763819774 0.1489933661
0 0.7231666971 0.6045174244 0.0712089874 0.1173104300
0 0.7194660658 0.6232547875 0.0875710824 0.1166847275
0 0.4275625735 0.5864623164 0.0340554069 0.0977628875
0 0.4175541025 0.5474049538 0.0084166628 0.1309407552
0 0.6903938495 0.6056008291 0.0378749510 0.0782006901
0 0.7147241741 0.3291098801 0.3137318808 0.4888532704
1 0.8152836199 0.1661757860 0.0688717798 0.0727535788
1 0.6724384937 0.7129299438 0.0790750392 0.0661396357
