0 0.510740 0.623056 0.012147 0.034328
0 0.547182 0.624376 0.020246 0.036968
0 0.512228 0.618689 0.023373 0.039946
0 0.551318 0.609753 0.040299 0.043100
0 0.277287 0.668621 0.029015 0.062022
0 0.769737 0.647597 0.072538 0.026280
0 0.667781 0.315939 0.026597 0.042049
0 0.190645 0.324874 0.033045 0.085148
0 0.234570 0.322246 0.016119 0.039946
0 0.380451 0.622368 0.078985 0.099865
1 0.241666 0.218886 0.086460 0.197672
0 0.156107 0.554181 0.117745 0.110037
0 0.122968 0.322673 0.187779 0.206244
0 0.688232 0.621127 0.236863 0.190041
0 0.385462 0.595260 0.099128 0.145635
0 0.748911 0.366744 0.205161 0.304955
1 0.252898 0.189265 0.039977 0.162094
1 0.254305 0.736807 0.039377 0.117044
0 0.377105 0.600905 0.107023 0.162954
0 0.229021 0.324962 0.113900 0.135678
0 0.240683 0.621374 0.101048 0.192220
1 0.094553 0.194096 0.058133 0.255983
0 0.902312 0.688774 0.135612 0.135948
1 0.249521 0.178716 0.073089 0.114105
0 0.163143 0.675579 0.148393 0.197879
0 0.897909 0.668358 0.145071 0.151659
