1 0.838905 0.167618 0.097270 0.289202
1 0.581464 0.138021 0.093379 0.223244
1 0.808869 0.787556 0.164661 0.187294
0 0.947935 0.721543 0.096735 0.117736
0 0.575908 0.231678 0.031439 0.121941
0 0.802429 0.260586 0.039500 0.038895
0 0.881027 0.629036 0.059653 0.060970
1 0.699245 0.757810 0.265215 0.415229
1 0.807388 0.822520 0.124284 0.134420
1 0.798097 0.758814 0.140617 0.208641
0 0.616488 0.422699 0.647917 0.589610
0 0.876508 0.589094 0.084618 0.111628
0 0.433766 0.292620 0.276880 0.285687
0 0.643057 0.340640 0.091361 0.131295
0 0.778234 0.318150 0.102548 0.149530
0 0.918017 0.335170 0.163966 0.173844
0 0.704586 0.561896 0.113735 0.131294
0 0.812728 0.591680 0.078309 0.156824
0 0.891969 0.590464 0.085767 0.120353
1 0.800608 0.753367 0.115600 0.215177
1 0.833703 0.148561 0.094158 0.267452
1 0.579664 0.120600 0.061529 0.194510
1 0.794150 0.787169 0.097409 0.096231
1 0.838427 0.121251 0.054116 0.088532
