0 0.386780 0.700519 0.017749 0.018922
0 0.361770 0.665829 0.022590 0.054663
0 0.657454 0.660573 0.026624 0.039946
0 0.772016 0.393565 0.096006 0.069380
0 0.764351 0.589616 0.109721 0.053612
1 0.808321 0.784616 0.362242 0.365822
1 0.458180 0.780411 0.329971 0.340593
1 0.502149 0.225896 0.363049 0.396308
0 0.400109 0.783663 0.030779 0.068414
1 0.373856 0.797818 0.088716 0.224115
1 0.959414 0.757123 0.081171 0.281912
1 0.673953 0.777766 0.087811 0.221755
1 0.521801 0.086902 0.341774 0.117692
1 0.378944 0.835378 0.049436 0.189218
1 0.170384 0.813235 0.044287 0.217400
1 0.494762 0.251579 0.320905 0.355238
