1 0.154257 0.807753 0.113211 0.301041
1 0.340990 0.839041 0.080679 0.228318
1 0.517313 0.839041 0.061160 0.228318
1 0.094398 0.183685 0.110609 0.179272
1 0.278529 0.292770 0.122320 0.279055
1 0.473070 0.275858 0.087186 0.299350
1 0.663056 0.300381 0.094993 0.246921
0 0.386088 0.151260 0.126986 0.213396
1 0.680096 0.295802 0.176324 0.504583
0 0.728626 0.945452 0.101912 0.090404
1 0.309046 0.179263 0.114034 0.261291
1 0.676195 0.230664 0.124580 0.225310
1 0.479108 0.240516 0.112716 0.155918
1 0.083614 0.133858 0.165448 0.173908
1 0.336071 0.892887 0.071848 0.131074
1 0.157440 0.850481 0.094259 0.162771
1 0.527226 0.920729 0.090304 0.128504
1 0.340476 0.130885 0.078577 0.106178
0 0.362922 0.852466 0.037448 0.050053
1 0.328034 0.853494 0.049562 0.161037
1 0.518537 0.907844 0.050595 0.151643
