1 0.5127105619 0.2378045635 0.0777825773 0.1048570459
1 0.5282464973 0.2306156758 0.1746029209 0.3088996266
1 0.7262717630 0.3978436860 0.0562135674 0.1455606096
1 0.9174831831 0.4045105841 0.0723963662 0.2611201776
1 0.3728073902 0.7150769230 0.0596204903 0.1244487655
1 0.7892990631 0.0714174097 0.3100265494 0.1428348194
1 0.2592094190 0.7631323213 0.0613234993 0.1191144109
1 0.3702731118 0.7266868573 0.0626862345 0.1244479294
0 0.6026210585 0.9080252083 0.4292645893 0.1742270421
0 0.5411484962 0.1515319910 0.1362744638 0.1262257320
0 0.1854721597 0.0510847536 0.0981176045 0.0924470150
1 0.2427074392 0.3106475264 0.0299803820 0.0497791619
1 0.7264817858 0.4235395359 0.0299803632 0.0586682857
1 0.5673849802 0.2756931142 0.1677125833 0.3064305800
