1 0.369167 0.119810 0.074533 0.077052
1 0.592766 0.122729 0.074533 0.075885
1 0.755302 0.122729 0.074533 0.082889
1 0.911552 0.108719 0.056573 0.061875
0 0.575330 0.705775 0.026683 0.069380
0 0.631931 0.676341 0.029917 0.050458
0 0.869248 0.684225 0.092178 0.114582
0 0.686914 0.730479 0.028300 0.047305
0 0.422914 0.708929 0.030726 0.042049
0 0.480323 0.146529 0.042046 0.037844
0 0.363079 0.264791 0.012937 0.049407
0 0.458895 0.273726 0.097838 0.046253
0 0.504984 0.205397 0.060643 0.067278
1 0.943091 0.771802 0.047960 0.083136
0 0.823806 0.726237 0.050419 0.148685
0 0.911732 0.739827 0.034433 0.108716
1 0.772772 0.760611 0.078703 0.079938
0 0.571094 0.716645 0.027054 0.075142
0 0.630122 0.723040 0.027054 0.081537
0 0.356505 0.677475 0.013527 0.063950
0 0.299937 0.698259 0.047960 0.051160
1 0.758630 0.121906 0.097149 0.087932
1 0.911117 0.104319 0.060257 0.065549
0 0.896361 0.143489 0.023365 0.051160
0 0.875774 0.705018 0.114457 0.098590
1 0.756149 0.105280 0.068659 0.093582
1 0.784942 0.743077 0.055371 0.070546
0 0.864122 0.594785 0.107419 0.142533
0 0.267520 0.138277 0.027511 0.056034
1 0.367017 0.150199 0.054104 0.067956
1 0.602234 0.175236 0.062358 0.075109
1 0.762255 0.149007 0.063275 0.063187
1 0.915398 0.136489 0.039432 0.064379
0 0.546754 0.523360 0.043100 0.015499
1 0.784263 0.716497 0.043100 0.077493
1 0.944743 0.713517 0.033930 0.104914
1 0.486865 0.454307 0.932283 0.441295
