1 0.6423433768 0.1118069837 0.0872452968 0.1437556111
0 0.4588607393 0.2943891317 0.0914599799 0.1545284061
1 0.6593962200 0.1387688982 0.1165651944 0.1102540387
1 0.3909532458 0.1887383339 0.0977098534 0.1417676841
1 0.2150136206 0.2426542690 0.0907526362 0.1184744341
1 0.7928081295 0.6988309344 0.2370855302 0.2033141022
1 0.6532702194 0.1193555624 0.0996985559 0.1108248109
1 0.5784766479 0.8498991072 0.4099379465 0.3002017857
1 0.2095131751 0.2895436037 0.0618203119 0.2818493233
1 0.3916021159 0.2595292986 0.0812967725 0.2413271548
1 0.6550279370 0.2200124440 0.0663843026 0.1823841162
1 0.2101686626 0.7983120781 0.0645917981 0.2169984635
1 0.4091797033 0.7331042283 0.0576614933 0.2191882538
1 0.0426352410 0.8402503772 0.0696113186 0.1823278661
1 0.0456442514 0.3043358239 0.0565875607 0.3357852099
