1 0.5198849571 0.1244913043 0.0922484025 0.2029491026
0 0.0741334373 0.2048713350 0.0258426025 0.0178706622
0 0.7948996144 0.5838343765 0.0589533933 0.0567656135
0 0.7504827240 0.6663547709 0.0331107987 0.0494070342
1 0.0687086201 0.1476501799 0.0453597344 0.1105262577
0 0.1188406236 0.7492373072 0.0338106742 0.1538747254
1 0.0267102947 0.6805942934 0.0431701899 0.1075908417
1 0.2203323988 0.6969270957 0.0523331154 0.1373160725
1 0.2792110058 0.0949937763 0.1039877712 0.1156343402
1 0.5079120255 0.1033759499 0.0345662330 0.1666298670
1 0.5090299351 0.7045215131 0.0821810119 0.1234419800
1 0.7956574228 0.7476391314 0.0912591467 0.1205216636
0 0.3683538462 0.7016764528 0.1282192019 0.0903046990
1 0.3021753650 0.0443643232 0.0926926046 0.0862519745
1 0.5178038888 0.0530889607 0.0528951567 0.0871901053
1 0.3561299872 0.4269541320 0.6341429867 0.1264317574
