0 0.1796921608 0.7475586674 0.1122483983 0.0711266785
0 0.4921917354 0.7638828219 0.0817168471 0.0827867503
0 0.6942388636 0.7691298567 0.0601651595 0.0839528017
0 0.2883486175 0.1050867217 0.0691450230 0.0664626081
0 0.5411320229 0.1208278659 0.0718389840 0.0956128796
0 0.7144435802 0.1348200005 0.0664510242 0.0816207603
0 0.4905964640 0.7193778323 0.0690394594 0.1993438647
0 0.1844609720 0.6963765642 0.1144601569 0.2547826422
0 0.6986232980 0.7181982775 0.0672226236 0.2111394120
0 0.5532770547 0.1767850125 0.0890246158 0.1899075312
0 0.2825696867 0.1620406245 0.0799404366 0.1910870430
1 0.8727723681 0.6163396122 0.0907350751 0.2386634194
1 0.9249363253 0.2705515879 0.0969042394 0.1734417327
