0 0.386696 0.351002 0.054796 0.056669
1 0.163435 0.852024 0.089043 0.136893
1 0.092714 0.147976 0.061645 0.151115
1 0.294773 0.154199 0.068495 0.081780
1 0.939992 0.139976 0.087673 0.056890
1 0.084165 0.209509 0.074789 0.291182
1 0.285427 0.262379 0.097895 0.357467
1 0.475441 0.255277 0.076613 0.297495
1 0.732035 0.282107 0.093639 0.329059
1 0.932081 0.202407 0.070533 0.221740
1 0.135545 0.792661 0.119176 0.283291
1 0.315221 0.786743 0.099111 0.239889
1 0.490642 0.777668 0.092423 0.205958
1 0.784935 0.753600 0.147146 0.287236
1 0.325277 0.873580 0.056731 0.069466
0 0.373810 0.668975 0.184125 0.199174
0 0.237001 0.816084 0.236718 0.321086
1 0.915093 0.894442 0.116977 0.093642
0 0.380898 0.434103 0.174020 0.154338
0 0.702693 0.525450 0.594615 0.441330
