0 0.1695791080 0.7200669509 0.0645968402 0.1215057744
0 0.7229181737 0.2068646883 0.0621592581 0.1438885029
0 0.4956104043 0.1652968959 0.0511899595 0.1342959199
0 0.2347853672 0.1533061842 0.0901918388 0.1390921898
0 0.4602649453 0.7760235868 0.0901918011 0.2174314924
0 0.7357157013 0.7400514425 0.0901918011 0.1966476132
0 0.0586675338 0.1333216802 0.0865354091 0.1502835417
0 0.9599764223 0.2412380574 0.0780037586 0.2382153963
1 0.4147899298 0.6090634242 0.0657138024 0.0819946289
1 0.3498774399 0.6563680425 0.0384666160 0.0693801695
0 0.4995004159 0.7442492033 0.2632043909 0.2552948863
0 0.4621073217 0.8145772216 0.0685441005 0.2012959222
0 0.7367954207 0.8004864774 0.0491062494 0.2106896528
