0 0.2954542372 0.7577131795 0.0762445810 0.0636956988
0 0.5223727441 0.7783552776 0.1234436824 0.0483615688
0 0.1170962627 0.7476870176 0.0571834436 0.0318477264
0 0.2242018116 0.1561428964 0.0571835067 0.1061594741
0 0.3971137310 0.1702974779 0.0635372191 0.0920048926
0 0.0531052464 0.1632201872 0.0381223220 0.1226731525
0 0.4041893301 0.1488372311 0.0464050451 0.0692862773
0 0.0591135789 0.1443464588 0.0552911231 0.0987971135
0 0.1148983504 0.7287891150 0.0424556762 0.0667200748
0 0.3034805337 0.7403369337 0.0483796822 0.0692862568
0 0.5088475269 0.7550922340 0.0740505958 0.0577386020
