0 0.4855919500 0.6265668807 0.2062459057 0.1633390365
0 0.4145611970 0.1521059744 0.1976880376 0.1011146238
0 0.2207242314 0.6404562673 0.0975603187 0.1022258143
0 0.3127219064 0.2609986582 0.0556264937 0.0322233631
0 0.9810956682 0.3082225061 0.0231063938 0.0533352021
0 0.5787178371 0.6267831618 0.0599591936 0.0896457795
0 0.3370639588 0.6326809299 0.0290711587 0.0495410550
0 0.5118908426 0.6128890499 0.1648277899 0.1438878213
0 0.0787795085 0.5696316381 0.1052092345 0.2431521016
0 0.2046798848 0.5341150345 0.0918827318 0.0683011455
0 0.3411011785 0.5828365449 0.0673339275 0.0928895520
0 0.3063821639 0.3073552039 0.0469934878 0.1083711686
1 0.1345404062 0.1343256089 0.0469934594 0.1957966405
0 0.6065791539 0.2549909961 0.0287572257 0.2240277813
0 0.1906519919 0.6087909822 0.0371739358 0.0883360832
1 0.5090161720 0.4650896626 0.7017686737 0.4492463143
