0 0.576976 0.321521 0.083777 0.096401
0 0.925422 0.279333 0.053321 0.051113
0 0.960253 0.326556 0.036981 0.027779
0 0.804589 0.240442 0.033541 0.020001
0 0.829960 0.115994 0.029241 0.060002
0 0.798569 0.293778 0.042141 0.037779
0 0.640325 0.408782 0.030101 0.043335
0 0.636885 0.251554 0.055902 0.071114
0 0.740518 0.209330 0.056762 0.055557
0 0.575823 0.338224 0.085142 0.135560
0 0.416289 0.332668 0.113523 0.137783
0 0.331147 0.733237 0.094603 0.050002
0 0.507451 0.769350 0.146204 0.062224
0 0.820500 0.677124 0.073962 0.088892
0 0.956383 0.582676 0.084282 0.115560
0 0.555765 0.361069 0.106293 0.128186
0 0.633057 0.252636 0.033730 0.079572
