0 0.2552750937 0.3117295600 0.0700835615 0.1066703766
1 0.4205141351 0.1668003417 0.0394769045 0.0949478702
1 0.8256460889 0.1898957649 0.0384899933 0.0872493876
1 0.1954956621 0.1424218175 0.0592153946 0.1821972823
1 0.2112463488 0.1940687491 0.0687087975 0.3106680983
1 0.4149405602 0.1948592492 0.0893822094 0.3248971677
1 0.6596776566 0.2189696320 0.1009350390 0.2292461932
1 0.8202008540 0.2158076132 0.1130958784 0.2229221556
1 0.3821062617 0.7438643218 0.1465382151 0.2118550406
1 0.6618057855 0.7327972682 0.0577640345 0.2007879869
1 0.8557713197 0.7082916530 0.0711409314 0.1770729071
