0 0.790085 0.410023 0.137495 0.177655
0 0.624282 0.729066 0.100290 0.042049
0 0.882692 0.695953 0.042866 0.053612
1 0.285248 0.204010 0.051334 0.056455
1 0.632245 0.249559 0.046398 0.073136
1 0.461461 0.202727 0.036526 0.112911
1 0.402230 0.809623 0.036526 0.079551
1 0.116932 0.177065 0.042449 0.061588
1 0.401441 0.792567 0.059383 0.144225
1 0.239735 0.740072 0.039444 0.205195
1 0.579366 0.784639 0.065191 0.152392
1 0.873868 0.797459 0.080189 0.143943
1 0.117339 0.203474 0.041313 0.158746
1 0.286627 0.260549 0.062909 0.219629
1 0.460303 0.233204 0.053456 0.215254
1 0.627290 0.252412 0.047343 0.163833
1 0.865048 0.231087 0.065801 0.103614
0 0.853769 0.371551 0.022324 0.046315
0 0.597759 0.382106 0.008085 0.055897
0 0.579952 0.732187 0.018628 0.019319
1 0.402638 0.823786 0.062037 0.120153
1 0.585409 0.842623 0.070387 0.115987
1 0.873914 0.873410 0.095851 0.057295
1 0.636313 0.214264 0.049898 0.093684
1 0.290444 0.198532 0.044012 0.106650
1 0.868264 0.247136 0.052894 0.078268
1 0.120299 0.170566 0.036902 0.073684
1 0.234744 0.777447 0.020733 0.121747
1 0.463376 0.193484 0.059362 0.072543
