0 0.5175045136 0.7453598495 0.0452315637 0.0725337525
0 0.4835808487 0.2276370638 0.0807705931 0.0693801325
1 0.5130621231 0.8121119791 0.3465059235 0.3384908725
1 0.3038050465 0.0844489415 0.0403817304 0.1434478246
1 0.1410944563 0.0527191265 0.0126843615 0.0821658683
1 0.2780796986 0.7385519857 0.0312019829 0.1893854770
1 0.1045488636 0.6952737677 0.0406670477 0.1854314586
1 0.5521253489 0.0706174905 0.0286766770 0.1355849798
1 0.8737643379 0.6893001264 0.0963085534 0.1606888084
1 0.2220721437 0.7958815563 0.2906310073 0.4082368874
0 0.4481219476 0.2628359788 0.3605558125 0.1726279791
0 0.1949856313 0.5716212441 0.1625303330 0.1726279997
0 0.3995496716 0.6749549137 0.1606621412 0.2455693652
0 0.6751039933 0.6001899483 0.2129707849 0.1057650539
1 0.5438323627 0.6601444208 0.2858998438 0.4657578808
1 0.4402746775 0.4629772387 0.7120034219 0.7745626868
0 0.5403971075 0.4629747948 0.7562044887 0.6056525743
