0 0.696275 0.207664 0.048530 0.067278
0 0.309248 0.730117 0.031545 0.031536
1 0.632529 0.696642 0.097629 0.212266
1 0.353784 0.689527 0.122265 0.281044
1 0.186811 0.717987 0.074819 0.190920
1 0.402599 0.203332 0.072081 0.190920
1 0.236082 0.192067 0.091242 0.213451
1 0.458695 0.148004 0.640184 0.136893
0 0.159122 0.360454 0.166885 0.099558
0 0.217943 0.528459 0.082075 0.072891
1 0.243272 0.116571 0.108565 0.105823
1 0.415025 0.159011 0.070398 0.087084
1 0.662264 0.163971 0.084816 0.072754
1 0.357774 0.771353 0.101780 0.112437
1 0.188989 0.764739 0.117047 0.094800
