0 0.258033 0.687543 0.051012 0.066226
0 0.590018 0.667570 0.029960 0.104070
0 0.592355 0.698146 0.032709 0.050721
0 0.250278 0.694018 0.049971 0.063696
1 0.927618 0.740610 0.069052 0.194626
1 0.228926 0.231404 0.069397 0.130825
1 0.498389 0.254438 0.085422 0.119543
1 0.656407 0.255452 0.071685 0.135006
1 0.833283 0.228990 0.074995 0.145280
1 0.269085 0.699849 0.088264 0.169861
1 0.573552 0.737284 0.071621 0.175097
1 0.759382 0.747696 0.054025 0.185721
1 0.939825 0.739150 0.052808 0.188417
0 0.576313 0.379077 0.127583 0.109513
0 0.741359 0.337693 0.124686 0.088698
0 0.452372 0.624936 0.231635 0.176783
0 0.709999 0.618859 0.054270 0.060724
0 0.152378 0.557981 0.275473 0.180795
0 0.132702 0.319931 0.244696 0.170464
0 0.367271 0.302968 0.201660 0.168940
0 0.336153 0.824435 0.075054 0.056480
1 0.436338 0.508747 0.855882 0.632325
