1 0.3495197355 0.7099414436 0.0291233548 0.0460024379
0 0.2093674881 0.5215109889 0.1394705509 0.1918989505
0 0.0522996605 0.4469788138 0.1045993211 0.1147966699
0 0.0706136228 0.4143339419 0.1325345439 0.1878761298
0 0.2228212741 0.4988781905 0.0931883515 0.2039797868
0 0.3926311661 0.5176657986 0.0911174942 0.1046738199
0 0.6514877234 0.6008680839 0.0766215499 0.1127256975
1 0.4156298078 0.5391082886 0.0261812784 0.0411592516
0 0.3794117886 0.5299543655 0.0865153828 0.1185125963
0 0.1999789569 0.4980996117 0.0986896138 0.1040256098
1 0.6298092369 0.6149159659 0.0281328501 0.0764634001
