0 0.3311563657 0.2060871734 0.0560569669 0.0325876181
0 0.5212625386 0.2187017496 0.0398085606 0.0704313284
0 0.2178238292 0.6491738219 0.0178732413 0.0883019786
0 0.4583000089 0.7937156750 0.0292471050 0.0304851593
0 0.2811925723 0.2875562552 0.0162484063 0.0504582560
0 0.5708201279 0.2192274222 0.0414334144 0.0735849740
0 0.5427916539 0.2807233524 0.0227477651 0.0641240617
0 0.3020031211 0.6306941608 0.1433794940 0.1322557736
1 0.4899363953 0.7496115346 0.0972397792 0.1797263538
1 0.2023730149 0.7569016039 0.0671852206 0.1826870952
1 0.4994328440 0.8058543830 0.0643020065 0.2106896544
