1 0.421996 0.192141 0.124137 0.260451
1 0.401985 0.830129 0.199807 0.125912
1 0.235836 0.805915 0.113260 0.185409
1 0.426560 0.191575 0.208355 0.226918
1 0.663230 0.210946 0.194465 0.229685
1 0.412168 0.137713 0.126424 0.145638
1 0.389332 0.838059 0.127086 0.139641
1 0.213596 0.809359 0.107891 0.143924
1 0.655088 0.137285 0.098624 0.113940
1 0.393976 0.868718 0.112127 0.086984
1 0.416997 0.127398 0.076107 0.096328
1 0.668217 0.140739 0.064003 0.121520
0 0.214182 0.702188 0.098139 0.273863
1 0.380205 0.720187 0.107287 0.345789
1 0.236957 0.423307 0.102382 0.087530
0 0.492911 0.664622 0.197249 0.088745
0 0.773757 0.586210 0.287420 0.104549
