1 0.463110 0.263710 0.085290 0.151613
1 0.203531 0.284677 0.147095 0.164516
1 0.036658 0.288710 0.067985 0.198387
1 0.194878 0.791129 0.067985 0.141935
1 0.497103 0.772581 0.138443 0.188710
1 0.782641 0.769355 0.123609 0.179032
0 0.484825 0.368861 0.024975 0.055714
0 0.340874 0.361582 0.216869 0.193588
1 0.463977 0.253923 0.052102 0.115885
1 0.205787 0.275784 0.071040 0.126311
1 0.043611 0.250594 0.058507 0.126287
1 0.200927 0.762544 0.102829 0.111660
1 0.496622 0.770318 0.066865 0.117866
1 0.783148 0.759754 0.095926 0.116699
0 0.608779 0.637013 0.152781 0.112048
1 0.782264 0.773647 0.082277 0.122119
