1 0.0775211164 0.6224726860 0.1501285158 0.1843188260
0 0.4087388192 0.2764011007 0.0613520244 0.2198241423
0 0.2369531205 0.2797317690 0.0654421745 0.1731947867
0 0.4976992811 0.7926547493 0.1063435242 0.1918465117
0 0.3105755763 0.7740030366 0.0756675120 0.2025046896
0 0.1300983323 0.7586819552 0.0521492340 0.1691979823
0 0.0718139015 0.2783995152 0.0521492340 0.1838529276
0 0.6480117675 0.2490896247 0.0961182246 0.2104982737
1 0.6017192502 0.3936778794 0.3727034056 0.1596785439
1 0.7435211920 0.6377257315 0.1724940547 0.1973855261
1 0.4700790755 0.7048077807 0.1356684004 0.2661950723
1 0.3095983137 0.6933583890 0.1164309365 0.2303302130
1 0.2329777471 0.4011597395 0.1326910540 0.2145838083
1 0.0841522016 0.4163222428 0.1098158518 0.2050802696
1 0.8685123753 0.3367653324 0.0741030367 0.1529186785
