1 0.6471210818 0.7022740272 0.0326123365 0.0584769464
0 0.4082020087 0.1696377539 0.0711733871 0.1719548625
0 0.2250291099 0.1736105396 0.0698122236 0.1510969100
0 0.0458119943 0.1714838643 0.0405361391 0.1340749310
0 0.6648866070 0.1651595700 0.0545716354 0.1134911076
0 0.6783146820 0.7555843476 0.1086095821 0.0915410688
0 0.3876055571 0.7380976031 0.0844488930 0.1665512577
0 0.1867103364 0.7338909026 0.0542708679 0.0829887144
1 0.1205606147 0.3416834308 0.1475246120 0.1038607444
1 0.2926139477 0.3368465054 0.1555215513 0.1254629812
1 0.5265693452 0.2732309034 0.1808877319 0.1933092425
1 0.7708405733 0.3276450742 0.2324468491 0.1134429686
1 0.5184243682 0.6707620928 0.2228543778 0.1117657077
1 0.2871574407 0.6055358887 0.1687834918 0.1594964796
1 0.1071841423 0.6040453019 0.1471474488 0.1131282683
1 0.7709613192 0.5843880438 0.1946025548 0.1284794961
0 0.4146719623 0.1232696195 0.0444791904 0.1153918297
0 0.2336744390 0.1367068260 0.0958877440 0.0828811892
0 0.3823971544 0.7843189609 0.0537899843 0.0721222416
0 0.9174131522 0.0977284493 0.0948565034 0.1030643279
0 0.2967763997 0.1435595451 0.2583084816 0.1386705276
