0 0.5271074644 0.8977321134 0.1302891803 0.1343481293
0 0.7770184753 0.8982086498 0.1493654969 0.1221463532
0 0.4075099576 0.9350090502 0.1522941179 0.1221463532
0 0.1507576460 0.9125517533 0.0663846129 0.1169327225
1 0.5114799828 0.6369778803 0.1884151992 0.3359022022
0 0.4961479351 0.8934167253 0.1675329721 0.1755526847
0 0.2720896403 0.9081337323 0.0844474710 0.0578167547
0 0.7188441984 0.9139153888 0.1116887164 0.1324529371
0 0.7855850138 0.3241844731 0.1607227120 0.1261456596
0 0.6446121790 0.4198449479 0.1811535743 0.0777898132
0 0.4294072018 0.2558555682 0.1866017413 0.2354718758
0 0.2756556234 0.1417988821 0.5513112468 0.1145822992
0 0.5028362479 0.9048232399 0.1162054411 0.1301002977
