0 0.772287 0.565602 0.057338 0.087251
0 0.928151 0.233418 0.029881 0.062022
0 0.529609 0.209766 0.054916 0.086200
1 0.688299 0.183486 0.299613 0.338491
1 0.582457 0.179271 0.069317 0.295223
1 0.894991 0.687402 0.066885 0.220823
1 0.699201 0.635560 0.115529 0.296014
1 0.799528 0.231508 0.086342 0.368039
1 0.946979 0.283746 0.060196 0.333214
1 0.688716 0.235391 0.238065 0.394222
0 0.903794 0.592606 0.111694 0.235900
1 0.675345 0.210450 0.326680 0.330227
1 0.944957 0.308655 0.099560 0.344282
1 0.892572 0.724902 0.085760 0.196696
0 0.820620 0.577991 0.128924 0.104824
1 0.711396 0.317562 0.431740 0.388773
