1 0.8499498113 0.2130790251 0.0983052257 0.2583106351
1 0.6524991345 0.2370572255 0.1134291327 0.3062670359
0 0.4648877974 0.5107749234 0.2560795929 0.3542590528
0 0.7084064873 0.7851417388 0.1758520735 0.2302157850
0 0.4557808418 0.4992119356 0.1517910700 0.3470717832
0 0.7525314662 0.1832082940 0.1968062929 0.2540791646
0 0.5126152487 0.2008357772 0.2942721813 0.2552948856
0 0.2445838574 0.0841295418 0.1874345809 0.1312945140
1 0.8443744482 0.1819926266 0.0506073281 0.3027068081
1 0.3565759806 0.2275809660 0.0721622621 0.1118434921
1 0.0660524315 0.1813847615 0.0702879607 0.1264317156
1 0.5115708484 0.1629386136 0.1788797573 0.1120875225
