0 0.552006 0.701209 0.033227 0.097763
0 0.299965 0.659686 0.023502 0.050458
0 0.439763 0.639713 0.045384 0.069380
0 0.364393 0.672300 0.094009 0.031536
1 0.590169 0.779535 0.062746 0.211139
0 0.547986 0.221662 0.057471 0.237585
0 0.715658 0.244032 0.070505 0.269983
0 0.347728 0.253288 0.084725 0.131134
0 0.125252 0.171908 0.081762 0.107222
0 0.132065 0.763555 0.136863 0.102593
0 0.675665 0.842622 0.046213 0.135763
0 0.834153 0.790125 0.051546 0.128820
1 0.636268 0.262243 0.077221 0.199542
1 0.466928 0.238977 0.065669 0.176669
1 0.621475 0.394955 0.632140 0.068821
0 0.310534 0.632558 0.053416 0.105212
0 0.481662 0.359262 0.085069 0.128308
