0 0.702293 0.757016 0.128946 0.240156
0 0.689599 0.755269 0.175219 0.267405
0 0.451963 0.850317 0.063147 0.106173
0 0.783485 0.815627 0.054242 0.129299
0 0.698479 0.742568 0.104436 0.243882
0 0.380315 0.626408 0.057480 0.104070
0 0.401364 0.727851 0.047765 0.077790
0 0.593234 0.745196 0.052623 0.057817
0 0.105059 0.780411 0.031574 0.027332
0 0.470988 0.205923 0.833056 0.310108
0 0.704982 0.742379 0.132629 0.167496
0 0.795369 0.892772 0.035428 0.060157
0 0.415701 0.760053 0.551449 0.447374
1 0.321140 0.630582 0.081453 0.256511
0 0.529923 0.643347 0.809854 0.700237
0 0.367457 0.722065 0.479727 0.343924
0 0.707977 0.768042 0.156145 0.340793
