1 0.892278 0.110116 0.084623 0.208023
1 0.389320 0.820546 0.105888 0.166014
1 0.705158 0.767185 0.067549 0.187359
1 0.889549 0.715009 0.073026 0.196846
1 0.252395 0.297601 0.056595 0.154156
1 0.534916 0.237124 0.094021 0.144670
1 0.721133 0.183169 0.119580 0.176687
1 0.897308 0.123878 0.066636 0.207518
0 0.252095 0.413144 0.076201 0.170044
0 0.739519 0.294541 0.059179 0.161374
1 0.384938 0.773020 0.105381 0.291032
1 0.700762 0.710028 0.098976 0.278518
1 0.533717 0.195215 0.111684 0.122673
1 0.727121 0.165137 0.124396 0.114416
1 0.892832 0.109698 0.081720 0.149803
1 0.242702 0.255962 0.099880 0.097903
1 0.395700 0.861661 0.128028 0.115596
1 0.710323 0.807992 0.141648 0.088466
1 0.892832 0.746065 0.092616 0.106159
