0 0.6517842485 0.6626851023 0.0395439912 0.0853356078
0 0.5686054583 0.7186866287 0.0395440289 0.0800022368
0 0.6974644231 0.1115586560 0.0681793628 0.1635601004
0 0.5392883452 0.2493402633 0.0736336726 0.1262257320
0 0.1520296858 0.3888996871 0.0381804420 0.0533347918
0 0.2952063034 0.2528959177 0.0763608652 0.1404483497
0 0.7688822705 0.1515319910 0.0681793628 0.1546709674
0 0.8643333709 0.0821967298 0.0790880578 0.1511153130
0 0.5689855135 0.2041359931 0.1149286334 0.2266887938
0 0.6980555361 0.5482189784 0.2022285603 0.2054799931
0 0.6404308041 0.0902894179 0.0378950612 0.0409973477
0 0.6980796031 0.1365428221 0.0709524261 0.1566308734
0 0.6878851100 0.1614027016 0.0590362360 0.2169464351
1 0.6171178830 0.8714319762 0.0601347557 0.0725364224
