0 0.541592 0.597759 0.477791 0.229765
0 0.446034 0.281071 0.449407 0.267452
0 0.270963 0.574084 0.134667 0.144197
0 0.915190 0.360492 0.096090 0.189258
0 0.948506 0.499732 0.067334 0.042358
1 0.431231 0.733151 0.065229 0.083814
1 0.667249 0.175740 0.071542 0.086518
1 0.828568 0.177542 0.108014 0.135185
0 0.413696 0.539387 0.118535 0.074802
1 0.706176 0.789478 0.046993 0.055876
0 0.283743 0.567015 0.125990 0.121941
1 0.304196 0.726799 0.377969 0.414178
0 0.931062 0.346362 0.109234 0.201817
0 0.294428 0.581793 0.111751 0.154404
0 0.726791 0.348158 0.140836 0.113313
1 0.843768 0.183799 0.131592 0.275739
1 0.901466 0.782100 0.089078 0.218510
1 0.722298 0.789904 0.095151 0.202902
1 0.435833 0.727472 0.097176 0.239320
1 0.685858 0.192903 0.099200 0.314758
