0 0.145519 0.568232 0.190556 0.062224
1 0.356155 0.819907 0.370857 0.356679
1 0.896205 0.706014 0.182865 0.328900
1 0.248945 0.834147 0.073573 0.229291
1 0.438350 0.841658 0.099719 0.169992
1 0.135849 0.207944 0.073573 0.230873
1 0.320998 0.146272 0.040131 0.120180
1 0.528949 0.256174 0.059588 0.349472
1 0.788583 0.210711 0.063236 0.302823
1 0.915360 0.724245 0.108840 0.235617
1 0.627451 0.816752 0.070533 0.139156
0 0.481206 0.611387 0.123341 0.065437
0 0.636616 0.603689 0.088806 0.039775
1 0.142758 0.203368 0.038482 0.109062
1 0.241431 0.866720 0.040456 0.119326
0 0.956316 0.693504 0.063151 0.091099
0 0.366655 0.343883 0.154165 0.292654
0 0.580027 0.706412 0.132352 0.310007
