0 0.5790309765 0.2750118945 0.0909825831 0.2266265134
0 0.5793045421 0.2575966464 0.1236052713 0.2091915514
0 0.3102813815 0.4037154110 0.0379702533 0.1229920414
0 0.7719832432 0.2455076899 0.1001768512 0.0840970817
0 0.9218445201 0.2970171825 0.0250442317 0.0714825366
0 0.5790076739 0.2564046040 0.1006221065 0.2618600256
0 0.7548697389 0.2776365104 0.0426057792 0.0778502928
0 0.8514126248 0.1154484178 0.0852115584 0.0955435205
0 0.1565759824 0.1844520722 0.0788659932 0.1958052302
1 0.7406176155 0.3975742570 0.3824069553 0.0855854571
1 0.4966935476 0.3655617894 0.7250015165 0.4729033688
