0 0.414949 0.582502 0.087335 0.160839
0 0.782693 0.640479 0.093831 0.125305
1 0.679440 0.574284 0.061413 0.215849
1 0.852733 0.614854 0.071141 0.298565
1 0.853903 0.591067 0.044928 0.142910
1 0.672258 0.608468 0.069230 0.181070
1 0.391421 0.596672 0.051955 0.121906
0 0.313394 0.759157 0.245270 0.070398
0 0.489386 0.760671 0.070273 0.038627
0 0.616426 0.749419 0.155268 0.089984
1 0.669460 0.583429 0.080670 0.150008
1 0.850020 0.576011 0.069438 0.130247
1 0.394800 0.574354 0.053433 0.124332
0 0.808963 0.722562 0.108310 0.128104
1 0.565518 0.324779 0.731872 0.409302
