1 0.457199 0.757863 0.154444 0.178461
1 0.764567 0.739621 0.027362 0.189565
1 0.683089 0.223671 0.077222 0.220498
1 0.842701 0.194721 0.103368 0.260949
1 0.462368 0.215739 0.080870 0.225257
1 0.241342 0.212963 0.091207 0.248259
0 0.160059 0.286866 0.047547 0.062022
1 0.688904 0.202957 0.117909 0.157034
1 0.438847 0.182276 0.081916 0.142980
1 0.243229 0.224883 0.062657 0.149779
1 0.199196 0.676513 0.046272 0.159856
1 0.480750 0.775088 0.057707 0.231726
1 0.740543 0.759365 0.055765 0.211671
1 0.924408 0.724977 0.054288 0.160400
1 0.230301 0.205262 0.052391 0.143786
1 0.435979 0.188439 0.067694 0.163711
1 0.674636 0.152463 0.090602 0.227512
1 0.817845 0.132173 0.075350 0.172361
1 0.184917 0.742407 0.051687 0.210797
1 0.456678 0.791322 0.045055 0.202533
1 0.735590 0.790446 0.036783 0.194747
1 0.902568 0.778056 0.029614 0.174550
0 0.546675 0.198041 0.041306 0.107218
0 0.339128 0.206502 0.033914 0.061812
1 0.611530 0.626340 0.614304 0.464738
0 0.652340 0.718112 0.244175 0.280824
0 0.878342 0.745465 0.168686 0.284471
1 0.497168 0.783151 0.082945 0.150746
