0 0.3123922254 0.7404979939 0.1043902482 0.1335041009
0 0.5422373479 0.4699615160 0.2037250028 0.1619314948
0 0.1604135391 0.2133862535 0.0229440727 0.0321895931
1 0.4270235572 0.2467680437 0.0403815543 0.0703401474
1 0.5880909155 0.2586901134 0.0523124921 0.0727245417
1 0.7817388100 0.2366342882 0.0688322464 0.0834544265
1 0.2420944271 0.8011438057 0.0468058633 0.1156440073
0 0.4990679297 0.8255840436 0.0229440821 0.0381506034
1 0.5366961602 0.8023360274 0.0651611102 0.0894154245
1 0.7271319474 0.8088931363 0.0330394329 0.0763012067
1 0.9005890648 0.8363138426 0.0513946231 0.0953765084
