0 0.663157 0.232731 0.071610 0.240156
0 0.673578 0.309484 0.069922 0.108519
0 0.419316 0.241660 0.028150 0.046002
0 0.662804 0.311044 0.072026 0.122992
0 0.650665 0.168605 0.038036 0.071483
0 0.515111 0.306314 0.064742 0.092507
0 0.423662 0.254804 0.019423 0.039946
0 0.664667 0.260007 0.078014 0.208006
0 0.382038 0.191561 0.035585 0.053335
0 0.206165 0.156893 0.034217 0.040890
0 0.092566 0.153338 0.039691 0.097780
0 0.955508 0.327565 0.079382 0.115559
0 0.304709 0.224451 0.056115 0.040890
0 0.508640 0.303564 0.039691 0.088891
