0 0.637333 0.251815 0.048282 0.069380
0 0.443803 0.289659 0.079665 0.027332
0 0.423044 0.287947 0.026925 0.059596
0 0.426694 0.295269 0.042042 0.037837
0 0.651173 0.264305 0.022908 0.039010
0 0.758874 0.555669 0.031649 0.038417
0 0.323820 0.528953 0.263849 0.521191
1 0.929199 0.555419 0.125832 0.183671
0 0.306846 0.356614 0.240803 0.116696
0 0.545060 0.329554 0.230446 0.153903
0 0.747023 0.331246 0.157946 0.157286
0 0.923094 0.286428 0.142410 0.128534
0 0.955074 0.573093 0.089852 0.130226
1 0.822760 0.763358 0.177366 0.429576
0 0.585193 0.651736 0.284821 0.267216
0 0.317203 0.644971 0.240803 0.216479
