0 0.2200036412 0.5307808415 0.1418781174 0.2354719100
0 0.8153274338 0.5644196787 0.1039902422 0.1345553983
1 0.7417983395 0.4402909433 0.1800729614 0.1273609531
0 0.3628276478 0.7135075969 0.1468768760 0.1344109812
0 0.5498148223 0.6689269527 0.2604265938 0.2304115542
0 0.7387355977 0.6601794089 0.1891809769 0.1267051943
1 0.9635157730 0.5405920705 0.0729684541 0.1386492329
1 0.7445230289 0.4695157697 0.1849387882 0.0909788562
1 0.1204931251 0.4673496000 0.2059797099 0.2454984357
1 0.9499490204 0.4406336138 0.0908083093 0.1602960402
1 0.1250856455 0.4415950406 0.2314832849 0.1315505981
1 0.7420741679 0.4192784217 0.2242775506 0.1127576766
1 0.9370785668 0.4051837060 0.0738584274 0.1432961741
