1 0.513391 0.753634 0.185825 0.307806
0 0.440811 0.696187 0.018783 0.115560
0 0.369949 0.195059 0.034150 0.064447
0 0.075402 0.543960 0.049518 0.053335
0 0.754567 0.672298 0.067447 0.081114
0 0.649554 0.726188 0.096475 0.088892
0 0.767800 0.834526 0.220270 0.130004
1 0.636321 0.794524 0.484935 0.330011
1 0.656329 0.834904 0.448539 0.177909
1 0.729005 0.799765 0.136293 0.121757
1 0.520099 0.799261 0.198144 0.177113
1 0.388352 0.101691 0.060323 0.073894
1 0.236793 0.059844 0.079651 0.070441
1 0.609988 0.107538 0.050784 0.045212
0 0.238929 0.577518 0.076568 0.167296
