1 0.507000 0.791935 0.138614 0.162903
1 0.787941 0.758871 0.064356 0.154839
1 0.426555 0.154839 0.096535 0.146774
1 0.654896 0.153226 0.097772 0.179032
1 0.860342 0.169355 0.107673 0.137097
0 0.363436 0.536290 0.039604 0.045161
1 0.516617 0.722346 0.077864 0.228318
0 0.449718 0.222381 0.024199 0.042049
1 0.494382 0.813983 0.253572 0.162761
1 0.794835 0.763844 0.122068 0.159675
0 0.541263 0.228892 0.086686 0.098737
0 0.636773 0.580755 0.189054 0.148777
0 0.428684 0.614606 0.142407 0.166634
0 0.459859 0.361641 0.202800 0.195194
1 0.514874 0.688006 0.102616 0.365340
1 0.433497 0.168725 0.051196 0.091099
1 0.668310 0.166159 0.050212 0.073136
1 0.856850 0.171933 0.047258 0.082117
1 0.507830 0.805133 0.081717 0.057739
