0 0.266908 0.690736 0.104164 0.193179
0 0.697349 0.212452 0.084761 0.171863
0 0.861765 0.223777 0.064336 0.173195
0 0.234740 0.189804 0.056167 0.129230
1 0.227664 0.163806 0.080870 0.167375
1 0.440478 0.215367 0.086950 0.214970
1 0.691600 0.213780 0.091814 0.241940
1 0.865196 0.239164 0.068101 0.237181
1 0.528949 0.738910 0.132553 0.197519
1 0.796487 0.727011 0.069317 0.172135
1 0.960872 0.737324 0.078256 0.173721
1 0.534933 0.733687 0.059215 0.158238
1 0.809177 0.723408 0.039422 0.130197
1 0.973018 0.727102 0.047226 0.151957
1 0.864895 0.239506 0.057988 0.141739
1 0.693837 0.210951 0.067836 0.152738
1 0.451181 0.195300 0.033570 0.103183
1 0.228214 0.168900 0.044564 0.144365
1 0.259166 0.673297 0.058647 0.181922
1 0.257704 0.733388 0.094636 0.106016
