1 0.568911 0.732203 0.383702 0.487371
1 0.218634 0.633780 0.076923 0.273924
1 0.403159 0.129234 0.096154 0.258469
1 0.211766 0.065200 0.068682 0.130400
0 0.213971 0.546516 0.034096 0.026280
1 0.589432 0.750394 0.487896 0.499212
1 0.367546 0.130738 0.089457 0.118590
1 0.203901 0.051914 0.108891 0.057520
1 0.204672 0.665458 0.112284 0.111489
1 0.550660 0.617210 0.224379 0.623649
0 0.293927 0.538672 0.194265 0.205751
0 0.255778 0.242390 0.137464 0.080470
0 0.494583 0.259690 0.221160 0.207484
1 0.582543 0.896907 0.374740 0.206185
0 0.821369 0.579526 0.265520 0.083725
