0 0.706429 0.674145 0.025997 0.084562
0 0.408763 0.668964 0.048677 0.050002
0 0.438226 0.662297 0.020496 0.038890
0 0.703390 0.675631 0.029890 0.078892
0 0.708087 0.751745 0.011956 0.035557
0 0.711076 0.173947 0.026474 0.075558
0 0.148723 0.272839 0.029036 0.046668
1 0.711076 0.733411 0.233139 0.367791
1 0.439080 0.789524 0.157134 0.371124
1 0.275541 0.792302 0.111873 0.298899
0 0.426942 0.668587 0.026120 0.042312
0 0.710264 0.750003 0.022921 0.037154
0 0.707350 0.677322 0.037345 0.048425
0 0.759760 0.470418 0.068590 0.070842
1 0.393085 0.211258 0.116789 0.287704
1 0.156218 0.179079 0.092806 0.225918
1 0.758388 0.224093 0.098564 0.290018
1 0.738358 0.721364 0.066360 0.270513
1 0.451970 0.788269 0.081935 0.204117
1 0.272326 0.767347 0.074957 0.216517
0 0.905154 0.266106 0.110814 0.129057
0 0.520528 0.302392 0.133547 0.194557
0 0.674651 0.300349 0.132463 0.166820
0 0.829839 0.549367 0.230490 0.184463
0 0.556653 0.599362 0.294435 0.178507
0 0.355068 0.603208 0.140599 0.148207
0 0.251469 0.242676 0.132763 0.299124
0 0.119954 0.302016 0.096427 0.094324
0 0.837140 0.557046 0.270398 0.259064
0 0.585299 0.298452 0.340030 0.171267
0 0.907685 0.271476 0.127181 0.082189
0 0.115016 0.306943 0.096864 0.146786
0 0.270203 0.241464 0.125359 0.263751
1 0.273046 0.769831 0.050565 0.234338
0 0.361508 0.590602 0.154350 0.148115
1 0.455082 0.800847 0.061591 0.199855
1 0.754117 0.764588 0.115141 0.154541
1 0.190536 0.157065 0.065291 0.226278
1 0.394616 0.219052 0.137960 0.314224
1 0.768928 0.213419 0.112697 0.271429
1 0.452068 0.850106 0.071884 0.118676
1 0.747875 0.800993 0.096022 0.083916
1 0.274181 0.799628 0.079091 0.142399
1 0.402194 0.104929 0.177898 0.112149
1 0.183110 0.089918 0.042052 0.116070
1 0.778587 0.061149 0.128651 0.094725
