0 0.691552 0.964374 0.056431 0.048356
0 0.792714 0.757285 0.068818 0.077790
0 0.669530 0.311570 0.323446 0.349003
0 0.410773 0.922325 0.056431 0.042049
0 0.770004 0.947029 0.070195 0.097763
0 0.816113 0.872918 0.063313 0.048356
0 0.709265 0.809270 0.139176 0.175224
0 0.420584 0.792661 0.162010 0.072249
1 0.442874 0.762765 0.184843 0.248303
0 0.187355 0.727886 0.063064 0.075571
0 0.354801 0.947539 0.237034 0.073079
0 0.273205 0.923927 0.155553 0.096634
1 0.503328 0.710853 0.792894 0.501364
1 0.445553 0.746181 0.099685 0.230613
