1 0.6615936128 0.5233441650 0.0609764976 0.0872619629
1 0.8365455128 0.5010896729 0.0388477830 0.0702940918
0 0.6332510629 0.6922408447 0.0701533107 0.0916600098
0 0.6252067198 0.7057751221 0.1518672382 0.0988141113
0 0.6848978955 0.5507210449 0.0292365189 0.0473045898
0 0.8148377823 0.5917184082 0.0389820000 0.0578167969
0 0.4274544545 0.6300876953 0.0308607406 0.0315364258
0 0.5123214627 0.7183896484 0.0657820542 0.1114287109
0 0.6127416849 0.7035217041 0.1385891494 0.1550108887
0 0.2876766002 0.5275325439 0.0313156562 0.0548414551
1 0.6680699220 0.5603182129 0.0478945663 0.1013375000
1 0.8389245258 0.5644909180 0.0285525328 0.0667634766
1 0.7358815838 0.6594344971 0.2741738073 0.3196831543
