1 0.9015096530 0.6232334506 0.0152902474 0.0388902726
1 0.8547893106 0.7743497787 0.0288817456 0.0322233139
1 0.6016499699 0.7621271687 0.0322795073 0.1055591706
1 0.4806017893 0.6221222662 0.0195376094 0.0433348133
1 0.6118434807 0.6299003601 0.0254838334 0.0388902726
1 0.6203380919 0.6671238561 0.0305806076 0.0222229988
1 0.4423760392 0.5548977267 0.0348278944 0.0622243574
1 0.3795159242 0.5648980910 0.0823976867 0.2377860777
1 0.2741827818 0.6876801275 0.0433224867 0.0544463619
1 0.4437814470 0.5465738112 0.0288560446 0.0613364927
1 0.5320200891 0.7333079923 0.1133844303 0.2431380241
1 0.8057227270 0.7150726564 0.3076249392 0.2090986190
0 0.0790424617 0.4617298988 0.1287416277 0.2338911979
0 0.2826223126 0.5808089964 0.0721587570 0.3046569332
0 0.4772083551 0.6366807999 0.0309581075 0.2875100413
0 0.6460406095 0.6384451835 0.0296729449 0.2261112828
0 0.9095595203 0.6855613708 0.0217867662 0.2209175848
1 0.7658568734 0.8260441442 0.2239854768 0.0548779888
1 0.5579561358 0.7955902100 0.1220054768 0.1168728736
