0 0.7962358147 0.6101146692 0.0669661236 0.0946092251
0 0.7187809527 0.6258828405 0.0701933812 0.1093262902
0 0.4497060663 0.2001412473 0.0629320896 0.1934233313
0 0.2274268021 0.1843730452 0.0556706655 0.1240432320
0 0.4807686850 0.6695082114 0.0250114351 0.0409973342
0 0.4436548828 0.6469071100 0.0266250639 0.0672776526
0 0.1648981481 0.2548043739 0.0758411954 0.0525606861
0 0.4693321611 0.4847137254 0.0791832202 0.0569205092
0 0.6754815610 0.3702797836 0.0618903295 0.0604780502
1 0.4807090499 0.7479710987 0.0764527578 0.0640355420
