1 0.639068 0.434834 0.181840 0.441414
0 0.431811 0.381732 0.097982 0.120004
1 0.706419 0.453957 0.413415 0.562242
0 0.384540 0.672298 0.213154 0.292232
1 0.241434 0.356731 0.404820 0.490017
1 0.713501 0.356899 0.310036 0.536000
1 0.697128 0.509891 0.303113 0.297582
1 0.297214 0.496129 0.202725 0.243327
0 0.844351 0.317366 0.044188 0.190420
0 0.422814 0.376305 0.068035 0.070727
1 0.704774 0.465621 0.335967 0.383559
1 0.323216 0.451113 0.098896 0.262054
1 0.102278 0.263867 0.052604 0.143268
1 0.775881 0.311024 0.147676 0.293987
0 0.562981 0.198642 0.283153 0.298406
0 0.294965 0.049692 0.202134 0.099384
0 0.917301 0.134062 0.158755 0.087963
1 0.376680 0.310901 0.069805 0.153951
1 0.537570 0.363738 0.813406 0.415766
1 0.727346 0.498516 0.310874 0.207744
0 0.933871 0.315397 0.100970 0.140588
0 0.363132 0.400079 0.066082 0.284875
1 0.075593 0.208929 0.111211 0.236392
0 0.187585 0.442344 0.067602 0.051100
1 0.831610 0.799737 0.188721 0.250508
