1 0.2023644541 0.7517240271 0.0530845870 0.1423312269
1 0.3748893935 0.7905959929 0.0631523644 0.1339587921
1 0.6329903460 0.7762432240 0.0576608380 0.1196060232
1 0.1914303586 0.7845706335 0.1111478855 0.2244713359
1 0.3687376764 0.7981229899 0.1046789778 0.2121293112
1 0.6419027386 0.8204930126 0.1158524741 0.2152148174
0 0.8424154780 0.2795078949 0.0482647623 0.0914555844
1 0.5081823800 0.7578101335 0.4319691378 0.3563614766
0 0.7329897098 0.6202488473 0.1934966884 0.1556083695
0 0.4911188021 0.6463861755 0.2288470352 0.1568240515
0 0.2864588609 0.6810333190 0.1469830650 0.2042358975
1 0.5255389297 0.8846614166 0.1023300061 0.1811378566
0 0.1892453834 0.3467185804 0.1348895062 0.1021179487
1 0.3459963016 0.1126982630 0.0613979658 0.2030202244
1 0.4895517646 0.4432610726 0.9257088377 0.7210473995
