0 0.337342 0.762179 0.058171 0.074636
0 0.244430 0.743783 0.093719 0.115634
0 0.402784 0.277044 0.046860 0.140863
1 0.583759 0.762179 0.449207 0.320620
0 0.236326 0.740020 0.086123 0.082568
0 0.410385 0.285893 0.049861 0.117955
0 0.837828 0.229275 0.039889 0.082568
1 0.092961 0.223323 0.164918 0.146313
1 0.372950 0.183289 0.072853 0.139524
1 0.197234 0.688450 0.053362 0.154040
1 0.439716 0.763224 0.048530 0.142690
1 0.724086 0.747521 0.053786 0.172400
1 0.905385 0.742998 0.053181 0.159640
1 0.630960 0.186992 0.055136 0.130903
1 0.811927 0.172496 0.097816 0.125434
1 0.960180 0.177757 0.050246 0.172606
0 0.307269 0.830063 0.037577 0.072788
0 0.606020 0.846256 0.043960 0.053931
