0 0.5155793819 0.8703228895 0.3568832587 0.2018329869
0 0.1980255827 0.1172523780 0.2760559454 0.0961569691
0 0.5568982991 0.8686504607 0.4225779490 0.1153884570
1 0.2739115038 0.1620406235 0.0611169586 0.0519001869
0 0.2086897094 0.8137417850 0.0547315985 0.1521619135
0 0.5218744397 0.7818546206 0.2490176442 0.4031578796
0 0.2046571510 0.1312062259 0.1550383429 0.1832949141
0 0.4438591637 0.1598460596 0.0531560178 0.1288792324
0 0.5219320558 0.8701138717 0.3045396290 0.1346072038
0 0.8403143665 0.1283422428 0.3100767017 0.1403351649
