0 0.562406 0.510681 0.056467 0.051557
0 0.745579 0.269785 0.034431 0.035557
0 0.453250 0.619628 0.146374 0.234801
0 0.335002 0.310827 0.092643 0.178858
1 0.166259 0.201600 0.078504 0.295623
0 0.258021 0.594004 0.123242 0.212624
1 0.153127 0.117126 0.066570 0.055081
1 0.712372 0.686734 0.044127 0.128452
1 0.456229 0.704128 0.049140 0.161042
1 0.271603 0.707497 0.056890 0.166460
1 0.116079 0.720110 0.025092 0.100861
1 0.156750 0.203428 0.065253 0.251333
1 0.343986 0.200016 0.061598 0.196950
1 0.511221 0.184954 0.054515 0.181435
1 0.760265 0.201989 0.037080 0.136650
