0 0.3726573843 0.7916864703 0.2230724932 0.2452301025
0 0.1080830397 0.7291105209 0.1167239659 0.2418476720
1 0.1788912167 0.7583357780 0.0902860473 0.0904043874
1 0.3014222984 0.7084031136 0.0580410553 0.0704313217
1 0.4106523258 0.7073519061 0.0959289589 0.0599192466
1 0.5956581507 0.5780525946 0.0467553077 0.1019677931
1 0.6734492692 0.5938208303 0.0749696674 0.0704313217
1 0.4207289206 0.1570414912 0.1096331066 0.1850136480
1 0.1462431361 0.0939686591 0.0443368981 0.0651752533
1 0.4017849594 0.2716237837 0.0362756431 0.0630728199
1 0.2445904620 0.6858020413 0.0459491680 0.0756874331
0 0.4400759327 0.7746295806 0.3240624819 0.3942051549
0 0.1144011762 0.7546564902 0.1676741336 0.3900002756
0 0.4438908470 0.8814418424 0.2922529175 0.1337339832
0 0.7633926307 0.8212762402 0.0551499630 0.0928939819
1 0.6626968525 0.7443774808 0.1530423515 0.2219248126
1 0.4193853545 0.1332774655 0.1266400603 0.1888649910
0 0.5105886277 0.4165034740 0.8142858539 0.7604797148
