0 0.602728 0.684389 0.030817 0.047305
0 0.919007 0.696478 0.085963 0.111429
0 0.769788 0.223432 0.113536 0.145068
0 0.504194 0.208190 0.064067 0.112480
0 0.322536 0.595562 0.017030 0.094609
0 0.683419 0.670724 0.075421 0.097763
1 0.428774 0.724861 0.459822 0.363720
1 0.159218 0.287331 0.190246 0.304258
1 0.655712 0.484598 0.605183 0.066623
0 0.445505 0.790879 0.149758 0.048533
1 0.180983 0.141997 0.239909 0.209033
0 0.774911 0.217644 0.052316 0.115197
0 0.802454 0.267711 0.041045 0.040977
0 0.345412 0.408318 0.058145 0.064949
0 0.597558 0.686543 0.038629 0.026261
0 0.908795 0.699607 0.075781 0.035068
