0 0.5873344577 0.6959528040 0.0637866453 0.0641240168
0 0.7859612195 0.6370848627 0.0654014536 0.1271968725
0 0.7147361741 0.2205269241 0.0200382532 0.0355752401
1 0.3827380650 0.2519517183 0.3816384508 0.2051505244
1 0.6905991289 0.2306065767 0.1102106192 0.2004071541
1 0.8745870974 0.1885092055 0.0482740904 0.1446726088
1 0.3212569313 0.7879518764 0.0765098709 0.1885487039
1 0.6327613354 0.7743147207 0.0400766197 0.1565310467
1 0.8158384758 0.8039607541 0.0291466462 0.0830088445
1 0.3388743687 0.2447370277 0.3550835717 0.3871510916
