0 0.819898 0.365381 0.222938 0.256227
0 0.374494 0.649940 0.186097 0.199561
0 0.090378 0.625604 0.029850 0.084928
0 0.630725 0.323659 0.118501 0.106173
0 0.509806 0.309467 0.097541 0.128248
0 0.704888 0.688956 0.036276 0.060970
0 0.900777 0.256907 0.060459 0.155580
0 0.249830 0.317877 0.029021 0.027332
0 0.303035 0.654791 0.030633 0.040997
1 0.332623 0.194776 0.545137 0.125735
1 0.459626 0.816122 0.781461 0.089480
1 0.569875 0.343072 0.282473 0.170197
0 0.389484 0.080359 0.149161 0.160718
0 0.853747 0.597759 0.255438 0.292981
