1 0.1318943875 0.2770440958 0.0185330919 0.0588679764
1 0.7068225135 0.4152787201 0.0451239594 0.0325875912
1 0.6492088255 0.6449689222 0.0765496877 0.1450674463
0 0.2252420236 0.7672727847 0.0504248280 0.0944888380
1 0.6488105206 0.6518529599 0.0687611477 0.1339587600
0 0.4310669702 0.7272047470 0.0825133521 0.1219981314
0 0.0405038078 0.7654787048 0.0696779391 0.1435272957
0 0.1606065656 0.1997420987 0.0550088961 0.1243902962
0 0.3412191218 0.2487805719 0.0568425202 0.1363508939
0 0.5250404925 0.2445943683 0.0614265883 0.1351548475
0 0.7689132690 0.2045263460 0.0485911724 0.0717636376
1 0.6456688495 0.2022034113 0.1325449037 0.2306423856
1 0.4444951144 0.2037461864 0.0659779320 0.2398989336
1 0.2548086229 0.2076030639 0.0447706900 0.2152147730
0 0.2459722945 0.7980938935 0.1943992110 0.2437558238
0 0.4659968605 0.7718358207 0.1384358051 0.2645830427
1 0.2848478191 0.3969612841 0.0827175330 0.0664072782
0 0.0503300157 0.8398740208 0.0790815836 0.0865666063
0 0.2307632777 0.8031128423 0.0854444740 0.0770798346
0 0.4440519475 0.7709943663 0.1817130097 0.2820400022
0 0.2222134220 0.7776729450 0.0606909665 0.1623786865
