1 0.0589413722 0.6017377762 0.0867785231 0.2533425459
0 0.3646936921 0.1392037012 0.1516596503 0.1461187123
0 0.4060554307 0.7704575579 0.1549037163 0.1618868775
0 0.3477361966 0.2098990595 0.1135174213 0.2621425990
0 0.3888373024 0.7282650283 0.1826717080 0.2164790741
0 0.3563384535 0.1235865483 0.0819165166 0.0482137973
0 0.3507011769 0.2365408565 0.1038070125 0.2793619067
0 0.3990061389 0.7273820681 0.1156802163 0.2250517467
0 0.5248106131 0.4372874837 0.8478688057 0.5385506491
0 0.3311775642 0.2305968818 0.0394136261 0.1571902960
