0 0.416293 0.339427 0.084245 0.099865
1 0.355065 0.249144 0.098304 0.288942
1 0.624770 0.241511 0.111747 0.317290
1 0.806254 0.269315 0.093263 0.294393
1 0.605446 0.797588 0.120149 0.284580
1 0.796592 0.780142 0.087381 0.208256
1 0.100063 0.215888 0.087381 0.239876
0 0.593226 0.774915 0.020211 0.032190
0 0.624921 0.793991 0.017455 0.036958
0 0.811417 0.746898 0.021130 0.026229
0 0.787990 0.749879 0.011024 0.020267
0 0.304296 0.746302 0.011943 0.029805
0 0.326804 0.751667 0.011024 0.035766
0 0.604251 0.254517 0.020211 0.038151
0 0.447063 0.208529 0.262197 0.180822
