1 0.799846 0.704688 0.098486 0.074708
1 0.511684 0.778210 0.114900 0.050991
1 0.794978 0.690297 0.070054 0.064154
1 0.488615 0.776263 0.043414 0.061588
1 0.739724 0.093665 0.034534 0.053889
1 0.548309 0.171291 0.018747 0.042342
0 0.798757 0.623865 0.018937 0.016418
0 0.283239 0.376235 0.032965 0.236230
1 0.792445 0.693184 0.128353 0.063846
0 0.719501 0.180137 0.132562 0.227109
0 0.207489 0.710057 0.016132 0.020978
0 0.312923 0.823395 0.065660 0.108154
1 0.212681 0.808595 0.094551 0.201508
1 0.484953 0.748826 0.087547 0.227693
1 0.509975 0.754233 0.073189 0.146776
