0 0.163234 0.616455 0.125228 0.162938
0 0.337342 0.625390 0.201981 0.113531
1 0.514704 0.584509 0.201473 0.263834
1 0.535308 0.426917 0.277593 0.225056
0 0.356948 0.687237 0.358517 0.250688
0 0.709540 0.768442 0.228631 0.178470
0 0.701468 0.749224 0.169239 0.140799
0 0.478888 0.670556 0.079919 0.133776
1 0.494592 0.523267 0.186875 0.227777
0 0.333508 0.695739 0.175546 0.223367
0 0.134769 0.783555 0.088475 0.115054
1 0.041042 0.633905 0.068203 0.104569
1 0.911071 0.639700 0.109317 0.354981
0 0.421802 0.717254 0.804999 0.327089
1 0.902911 0.591094 0.194177 0.421627
1 0.498783 0.501993 0.218419 0.173543
