0 0.4264181649 0.3637096774 0.1537507750 0.1870967742
0 0.2441491011 0.3040322581 0.1140731556 0.0806451613
0 0.0891584005 0.2685483871 0.0694358338 0.1129032258
0 0.6961019839 0.3177419355 0.0706757595 0.0983870968
1 0.5756985971 0.4713544169 0.1099049426 0.1850136295
0 0.5349825760 0.3115854309 0.7914045964 0.5590934046
0 0.4223871580 0.2719536504 0.1373812444 0.2467850839
0 0.5647538546 0.3709703261 0.3886307434 0.3246190717
0 0.2537439752 0.2890056733 0.0767066989 0.0911575810
0 0.1008040682 0.2742233646 0.0492438206 0.2192708908
