1 0.636044 0.775620 0.215465 0.321336
1 0.621044 0.696363 0.228518 0.218217
1 0.166635 0.156090 0.083352 0.224590
1 0.133456 0.663708 0.112729 0.245394
0 0.213727 0.500263 0.020169 0.028383
0 0.382343 0.661098 0.073417 0.116685
0 0.633654 0.605384 0.091972 0.110377
0 0.104812 0.262688 0.049213 0.097763
0 0.161690 0.272149 0.040339 0.116685
0 0.268184 0.674239 0.032271 0.044151
1 0.721189 0.761489 0.412262 0.397359
1 0.165448 0.110670 0.087324 0.147560
1 0.346917 0.137337 0.065493 0.165338
1 0.640270 0.828912 0.177376 0.218673
