0 0.369779 0.346044 0.034480 0.094710
1 0.347898 0.197215 0.088851 0.179272
0 0.390362 0.351731 0.124592 0.122226
1 0.789546 0.254278 0.157567 0.251537
1 0.787671 0.253571 0.119785 0.206269
1 0.606474 0.254347 0.135594 0.215574
0 0.364169 0.345462 0.058372 0.087626
1 0.348359 0.253959 0.126473 0.284589
1 0.369945 0.795221 0.114920 0.208595
1 0.063187 0.789793 0.111880 0.255122
1 0.634140 0.802588 0.098503 0.196964
1 0.826586 0.807241 0.102759 0.161293
1 0.482797 0.738171 0.286927 0.272315
0 0.345835 0.464236 0.691670 0.479485
