1 0.0712102388 0.6874225758 0.0387687966 0.1043781274
1 0.2473928690 0.6756379501 0.0465225767 0.0942771039
1 0.5390204016 0.6722708931 0.0715068728 0.1391708693
1 0.8138480546 0.6060524908 0.0318764968 0.0763195486
1 0.0875792886 0.1919068538 0.0628916030 0.1661072023
1 0.2607465822 0.1851727828 0.0508301762 0.1257027274
1 0.5248051515 0.1279331275 0.0568608872 0.0942770548
1 0.7858483841 0.1049250374 0.0516917225 0.1111122383
0 0.3589608248 0.5948290495 0.0215382051 0.0606066816
1 0.5358715647 0.6726291183 0.0621711722 0.1093422219
1 0.2512249092 0.6870762676 0.0389228132 0.1406308480
1 0.0762503498 0.6998587591 0.0569205597 0.1201775838
1 0.2646044624 0.1635189640 0.0567088840 0.1158999015
1 0.0884553558 0.1765032291 0.0623312385 0.1358689755
0 0.7526291893 0.3042944695 0.0417572512 0.0658124841
0 0.0568328240 0.5897329825 0.0319219761 0.0552932322
1 0.2677102625 0.1230313152 0.4260067651 0.0830090779
0 0.4799001621 0.4287776609 0.7894711771 0.1033336252
