1 0.600456 0.637006 0.131519 0.213112
1 0.379119 0.556935 0.128311 0.262386
0 0.726743 0.754131 0.052010 0.067278
0 0.479010 0.781462 0.139606 0.084097
0 0.251123 0.795654 0.127288 0.141914
0 0.730934 0.755407 0.079494 0.053994
0 0.253064 0.779874 0.077687 0.121066
1 0.389231 0.485906 0.089209 0.087780
0 0.434220 0.804686 0.266461 0.195404
1 0.489571 0.614369 0.911305 0.587259
0 0.894844 0.704739 0.170946 0.137373
1 0.368602 0.560688 0.036320 0.151541
1 0.599842 0.586908 0.024081 0.110834
0 0.445520 0.818918 0.158790 0.138204
0 0.258317 0.784436 0.077826 0.102646
