1 0.7870150766 0.0676487857 0.0705284900 0.0970092268
1 0.8015916542 0.1250889378 0.1585422583 0.2501778756
1 0.5988151921 0.1211043122 0.1383959860 0.2422086244
1 0.4148711211 0.1505621223 0.0998553776 0.2743702960
1 0.1840651156 0.1420236204 0.0972275838 0.2459086334
1 0.0474209446 0.7271951245 0.0884683344 0.3142166138
1 0.3307823962 0.7676106730 0.0683220722 0.2288316706
1 0.6058225898 0.7727337704 0.0928479168 0.2185854758
1 0.8055332819 0.7886722729 0.0718258184 0.2504624808
1 0.5815947729 0.5355044642 0.7530522943 0.5506436543
