0 0.798729 0.237624 0.039437 0.089353
0 0.554867 0.159308 0.071630 0.130351
1 0.582633 0.734848 0.370220 0.411025
1 0.423057 0.650974 0.108038 0.294083
1 0.710402 0.666390 0.065367 0.256137
1 0.105444 0.219197 0.073574 0.277967
1 0.316436 0.184650 0.117353 0.281938
1 0.596138 0.218403 0.107624 0.320854
1 0.754230 0.198945 0.095463 0.264466
1 0.151959 0.649252 0.093639 0.329590
1 0.431053 0.679829 0.091207 0.309735
1 0.709539 0.682608 0.089991 0.308941
1 0.885264 0.652032 0.062021 0.262084
1 0.912323 0.177502 0.113705 0.237464
1 0.713675 0.655685 0.069131 0.281754
1 0.424668 0.673242 0.118420 0.263361
1 0.612859 0.164496 0.028805 0.133771
1 0.767124 0.148193 0.042887 0.131262
1 0.910508 0.124783 0.042887 0.126246
0 0.691272 0.337144 0.154906 0.174738
