0 0.511415 0.673299 0.044079 0.062576
0 0.748332 0.681597 0.033039 0.033639
0 0.517061 0.675290 0.058825 0.050458
0 0.440105 0.221166 0.035456 0.096712
0 0.701594 0.235357 0.071718 0.097763
0 0.871220 0.245869 0.033844 0.032588
1 0.855103 0.774104 0.278814 0.391052
1 0.758789 0.770205 0.072965 0.329975
1 0.498242 0.718250 0.122217 0.243515
1 0.849692 0.228047 0.111272 0.287935
1 0.673359 0.253827 0.103976 0.326802
1 0.424061 0.270087 0.074789 0.303799
1 0.174763 0.264535 0.090599 0.286348
1 0.481951 0.748057 0.065083 0.089341
1 0.835773 0.192284 0.075399 0.102973
1 0.652532 0.162501 0.061820 0.077514
0 0.510744 0.669704 0.031308 0.051065
0 0.721433 0.174826 0.095818 0.179255
0 0.457641 0.221447 0.061361 0.083468
0 0.745273 0.679187 0.030100 0.037838
1 0.849692 0.787999 0.239413 0.148320
0 0.515065 0.670001 0.040212 0.058418
0 0.870116 0.246172 0.031987 0.038151
1 0.663574 0.193715 0.053920 0.092992
1 0.838586 0.208617 0.065801 0.106106
1 0.852295 0.744514 0.226648 0.112067
1 0.527857 0.477764 0.783752 0.578810
