0 0.667303 0.325951 0.143433 0.166740
1 0.370336 0.495317 0.252523 0.150985
0 0.511473 0.319830 0.054678 0.103166
0 0.510652 0.321721 0.075254 0.114582
0 0.270326 0.348527 0.072017 0.128248
0 0.654686 0.298068 0.117331 0.170297
0 0.808026 0.091505 0.150507 0.118787
0 0.513307 0.330716 0.061742 0.113237
1 0.361013 0.463068 0.173582 0.192583
0 0.656230 0.294352 0.084891 0.102052
0 0.506721 0.303405 0.069686 0.130034
0 0.826011 0.235096 0.178651 0.154725
1 0.357278 0.397075 0.131318 0.242427
1 0.578877 0.284841 0.080346 0.219980
1 0.649720 0.203471 0.097625 0.151517
1 0.730066 0.201787 0.066523 0.204267
1 0.904149 0.219323 0.046652 0.106623
0 0.663111 0.312478 0.070843 0.059484
0 0.397883 0.149177 0.079482 0.026936
0 0.191403 0.153666 0.058748 0.026936
0 0.511059 0.338853 0.027646 0.083054
