1 0.732612 0.659881 0.094234 0.167204
1 0.470952 0.708501 0.116192 0.207522
1 0.175898 0.627863 0.076851 0.247841
0 0.131361 0.579215 0.127268 0.202445
0 0.650541 0.290034 0.103893 0.200966
0 0.433292 0.703979 0.020236 0.030997
0 0.463646 0.699210 0.020236 0.023844
0 0.184025 0.641388 0.025755 0.029805
0 0.705095 0.654502 0.022995 0.029805
1 0.195982 0.112049 0.044151 0.120413
1 0.369826 0.150795 0.060707 0.123989
1 0.614035 0.178812 0.043231 0.072725
1 0.183565 0.684308 0.063467 0.113260
1 0.453988 0.732592 0.083702 0.085839
1 0.731770 0.689673 0.087382 0.078686
