0 0.462153 0.204663 0.025937 0.249927
0 0.305646 0.746557 0.130275 0.224471
0 0.118487 0.690218 0.082527 0.313180
0 0.583112 0.798914 0.226950 0.178960
0 0.869010 0.842026 0.093727 0.198245
0 0.671793 0.446323 0.212247 0.083056
0 0.565161 0.564316 0.184484 0.062473
0 0.892837 0.597339 0.097425 0.082598
1 0.365816 0.203295 0.089140 0.206839
0 0.461477 0.185666 0.037147 0.132522
0 0.583440 0.765033 0.172756 0.169082
1 0.853216 0.273928 0.062708 0.177210
1 0.558066 0.265292 0.120797 0.198486
1 0.132459 0.198271 0.103733 0.272352
1 0.198039 0.691359 0.039248 0.106626
1 0.434086 0.728608 0.066275 0.173718
1 0.752539 0.765755 0.073508 0.176458
