0 0.189675 0.560740 0.125642 0.152426
1 0.175029 0.110961 0.080856 0.213097
1 0.554735 0.686493 0.110953 0.204641
1 0.239136 0.701681 0.147937 0.241413
1 0.039420 0.636931 0.056709 0.204641
1 0.168865 0.110939 0.036984 0.217431
1 0.229001 0.759137 0.103021 0.065369
1 0.572540 0.759044 0.095194 0.074600
1 0.367068 0.404960 0.698570 0.520554
0 0.665887 0.477405 0.287789 0.176275
0 0.389348 0.604445 0.284039 0.218824
0 0.157804 0.530896 0.175298 0.200589
1 0.035471 0.628759 0.063745 0.228550
1 0.221080 0.631190 0.097492 0.418197
1 0.531836 0.611131 0.132177 0.324589
1 0.547772 0.257365 0.306537 0.319726
0 0.289981 0.251895 0.252167 0.284471
0 0.078199 0.163149 0.156398 0.308785
1 0.432938 0.095071 0.069369 0.162902
1 0.185927 0.112090 0.047809 0.196942
