0 0.661348 0.638136 0.038074 0.059919
1 0.734257 0.733271 0.347531 0.491968
0 0.481102 0.128297 0.016202 0.043100
0 0.743573 0.325926 0.059947 0.101968
1 0.205628 0.567806 0.053631 0.084928
1 0.384245 0.638579 0.070902 0.080209
0 0.198799 0.388571 0.090106 0.177938
1 0.578190 0.559464 0.815055 0.573806
1 0.438600 0.654896 0.157390 0.324589
0 0.879386 0.423915 0.158327 0.203020
0 0.537437 0.605053 0.265127 0.339177
0 0.308379 0.392307 0.164885 0.130079
0 0.625032 0.237914 0.269811 0.288118
0 0.405811 0.164365 0.149895 0.201805
0 0.235773 0.103581 0.163948 0.182353
1 0.774927 0.166796 0.074947 0.223687
1 0.380516 0.600190 0.082442 0.241922
1 0.195957 0.500503 0.069326 0.258942
1 0.510737 0.112090 0.093684 0.206667
1 0.310721 0.098110 0.083379 0.190863
