1 0.678832 0.379668 0.067293 0.201703
1 0.822966 0.403258 0.079115 0.204062
1 0.437851 0.343102 0.043649 0.147444
1 0.969373 0.443953 0.048196 0.172214
0 0.785227 0.212171 0.129130 0.145085
1 0.959866 0.523314 0.080268 0.322640
1 0.830482 0.497047 0.120081 0.311286
1 0.660577 0.501874 0.151998 0.282756
0 0.667249 0.317516 0.011222 0.054587
0 0.777018 0.267478 0.133966 0.085520
0 0.220462 0.319791 0.064528 0.095528
1 0.676718 0.407130 0.075049 0.164672
0 0.909581 0.378472 0.093285 0.100077
1 0.836285 0.385750 0.077153 0.158303
1 0.962887 0.473090 0.070841 0.149205
0 0.452272 0.330253 0.048396 0.105536
1 0.832805 0.382337 0.124372 0.359777
1 0.420481 0.348837 0.081153 0.195325
1 0.678368 0.376323 0.059512 0.212869
1 0.821738 0.421353 0.066726 0.221057
1 0.960150 0.447084 0.067628 0.214039
0 0.783692 0.254887 0.143057 0.197785
