0 0.598845 0.295618 0.046797 0.081114
0 0.642238 0.291729 0.034885 0.071114
0 0.244466 0.676742 0.061261 0.063336
0 0.863884 0.646741 0.032332 0.056669
0 0.348695 0.272284 0.026376 0.043335
1 0.438885 0.749523 0.453503 0.348901
1 0.289238 0.769509 0.077677 0.080209
1 0.600399 0.774817 0.069548 0.048361
1 0.644657 0.213351 0.029806 0.067234
1 0.360593 0.176785 0.070452 0.053080
1 0.183560 0.170887 0.066839 0.074312
1 0.300932 0.748009 0.137418 0.177870
1 0.606778 0.757140 0.125257 0.172312
1 0.102709 0.705923 0.070533 0.117522
1 0.181755 0.193752 0.127689 0.142932
1 0.365689 0.194546 0.139242 0.165165
0 0.271566 0.593716 0.086179 0.204919
1 0.324024 0.797740 0.136842 0.245569
0 0.589219 0.343868 0.677727 0.217658
0 0.531668 0.594596 0.859130 0.262152
