1 0.374674 0.758794 0.749347 0.376680
1 0.592475 0.197663 0.308615 0.372235
0 0.805048 0.414397 0.177359 0.145128
1 0.083988 0.745678 0.060706 0.080717
1 0.230978 0.787547 0.056043 0.052242
1 0.429021 0.807917 0.159580 0.035418
1 0.602297 0.851522 0.070777 0.097159
0 0.040131 0.531134 0.064137 0.064756
1 0.254714 0.112257 0.055639 0.046707
1 0.467183 0.159270 0.081147 0.052235
1 0.456591 0.223657 0.110664 0.218125
1 0.695856 0.258826 0.084518 0.229980
0 0.236594 0.283065 0.036472 0.117602
0 0.065103 0.558381 0.041382 0.119425
0 0.060193 0.109853 0.020340 0.124895
0 0.404578 0.242041 0.038577 0.146774
1 0.426118 0.526351 0.745452 0.636550
