1 0.7796959413 0.1202631949 0.1130191653 0.2350827031
0 0.5441387485 0.1982030740 0.0355279579 0.0315364210
0 0.8751949208 0.7469366850 0.2212424584 0.2039354844
1 0.7730519549 0.1645642426 0.1300000809 0.2943398779
1 0.5380828415 0.7726914234 0.4949693384 0.3227226484
0 0.5541233829 0.6068762602 0.0868425705 0.1021179857
0 0.8197869090 0.6439548091 0.3305619202 0.2249026646
0 0.8954196717 0.2336594307 0.2091606567 0.2650204270
0 0.6306942768 0.2774242802 0.2343815711 0.1799220987
1 0.6811189829 0.6682685790 0.1055184121 0.2783930282
1 0.4098527170 0.7782885405 0.1101872857 0.2309810916
1 0.2347669187 0.7223668060 0.0700343193 0.2869028672
1 0.0354025719 0.7874061811 0.0466895459 0.1957260502
1 0.7558222548 0.1303257762 0.1017831996 0.2090987002
1 0.5144372944 0.1436983607 0.0672329099 0.2212555878
1 0.3398183977 0.1759141526 0.0765708465 0.2565106189
1 0.1820077363 0.1716592511 0.0765708465 0.2382752195
