1 0.7781786073 0.4855866636 0.4375302873 0.2586028194
1 0.6701517645 0.4117168954 0.2427314614 0.3847456971
1 0.6610747715 0.4338941632 0.1187385991 0.3294152922
1 0.8808674075 0.3716165550 0.1338967953 0.2441934238
1 0.4577033709 0.3781721379 0.0960014199 0.1786381921
1 0.4613861804 0.3489212167 0.0963072291 0.1227966832
1 0.6634104603 0.4032851351 0.0937274285 0.2304649960
1 0.8750162952 0.4422317468 0.1042601387 0.3272490857
1 0.6740240133 0.4358154633 0.1211509849 0.1219538078
1 0.6493681854 0.4186158945 0.6035105291 0.5844426990
