0 0.880942 0.551411 0.092584 0.128248
0 0.439757 0.428419 0.045890 0.033639
0 0.134229 0.163513 0.056356 0.142965
0 0.282934 0.376987 0.168354 0.082601
0 0.129374 0.373657 0.136724 0.097256
0 0.088561 0.263078 0.108155 0.043965
0 0.751775 0.334355 0.199984 0.095923
0 0.769630 0.421618 0.235696 0.067946
0 0.486489 0.422284 0.128561 0.069278
0 0.275791 0.247091 0.166314 0.081268
0 0.500774 0.318368 0.246920 0.103917
1 0.194231 0.638067 0.129486 0.256869
1 0.656850 0.249292 0.087109 0.187445
1 0.397914 0.119035 0.064697 0.211739
1 0.654600 0.170598 0.077300 0.255623
0 0.377294 0.508675 0.069283 0.250292
0 0.102314 0.547711 0.130222 0.129410
0 0.607158 0.519144 0.116055 0.177045
1 0.395486 0.097368 0.079417 0.159780
1 0.193870 0.078305 0.055174 0.144133
1 0.656906 0.096972 0.049443 0.112558
0 0.596543 0.232687 0.137100 0.213200
0 0.762963 0.496920 0.090434 0.111219
1 0.370237 0.570395 0.075082 0.162067
1 0.656917 0.598120 0.042210 0.102747
1 0.189652 0.553669 0.062572 0.120931
