1 0.594149 0.682399 0.119108 0.226491
1 0.291340 0.719752 0.092538 0.206332
1 0.111304 0.716787 0.080627 0.221748
1 0.397163 0.211036 0.100784 0.211076
1 0.216669 0.230602 0.054973 0.164829
1 0.668362 0.192063 0.091621 0.201589
0 0.180534 0.644279 0.040611 0.047305
0 0.539126 0.687379 0.036550 0.032588
0 0.799034 0.571745 0.077160 0.116685
1 0.341692 0.722975 0.300574 0.222471
1 0.106878 0.782678 0.067413 0.048757
1 0.287802 0.767282 0.064439 0.074419
1 0.577776 0.741620 0.091205 0.061588
1 0.392391 0.161668 0.069395 0.069286
1 0.210476 0.195028 0.060473 0.094948
1 0.664024 0.144988 0.069395 0.089816
1 0.044918 0.155894 0.034698 0.083400
