0 0.711924 0.728409 0.060858 0.086200
1 0.724486 0.793865 0.055835 0.202775
1 0.422883 0.822325 0.106179 0.198032
1 0.384439 0.246018 0.091534 0.219376
1 0.161555 0.203921 0.035698 0.132812
1 0.660413 0.257876 0.107094 0.245464
1 0.848056 0.253725 0.108925 0.222934
0 0.716266 0.755688 0.066988 0.262663
1 0.375150 0.223326 0.098531 0.173844
1 0.661020 0.218463 0.039153 0.088745
1 0.429576 0.830563 0.060996 0.179922
1 0.733616 0.812936 0.089147 0.164118
1 0.917072 0.791661 0.063811 0.124000
0 0.583004 0.402640 0.082579 0.106981
1 0.496202 0.429386 0.091024 0.119138
1 0.309462 0.410542 0.152958 0.127647
0 0.303362 0.631190 0.208324 0.138589
0 0.097385 0.445797 0.136067 0.115491
1 0.420662 0.831171 0.095716 0.215177
1 0.714379 0.784975 0.099470 0.317295
1 0.909096 0.752759 0.060996 0.230981
1 0.854200 0.255542 0.103223 0.316079
1 0.644938 0.266483 0.129498 0.335530
1 0.377965 0.225757 0.113546 0.317295
1 0.157911 0.206306 0.061934 0.171412
