1 0.4975233557 0.7758273229 0.3358483312 0.1812741258
1 0.4673800875 0.7056186897 0.2255530676 0.2798586703
1 0.1448667500 0.3051762240 0.1902119202 0.2581952876
0 0.3753562489 0.3623965285 0.2208785261 0.0956345943
0 0.1929974938 0.6075692325 0.1367916496 0.0931871751
0 0.5255678417 0.6614254271 0.0392778123 0.0219560178
0 0.1075400102 0.6582235112 0.0210416649 0.0594642217
1 0.4687553362 0.7734926458 0.1935833706 0.1198433118
1 0.1822379280 0.2232196411 0.1550069573 0.1610108863
1 0.7317761906 0.1944023627 0.1767500450 0.1893707667
