1 0.5479258572 0.5608718421 0.0688541991 0.1051213664
1 0.4794766205 0.1172596178 0.0421225707 0.0883019611
0 0.2350111674 0.0858641542 0.0789354464 0.1260712429
0 0.5140967189 0.1162283241 0.0623601027 0.1525425757
0 0.0954388342 0.6167824243 0.0695332666 0.2046157263
0 0.2944415748 0.6545656881 0.0707463206 0.1839921603
0 0.5987119907 0.6568644534 0.0833103016 0.1609590592
0 0.9024810238 0.6358118775 0.1030167867 0.1642722673
1 0.3190965855 0.8322781799 0.0318938877 0.0522606962
1 0.6051144553 0.8418483119 0.0373810146 0.0337909986
1 0.4761199240 0.1192365846 0.0329653060 0.0764570390
1 0.5585331257 0.5811645139 0.0182360783 0.2011548524
0 0.6038789912 0.6870898175 0.0558415733 0.1503008771
