0 0.1511389681 0.6125373661 0.1356941953 0.1067853246
0 0.4799086460 0.5703852428 0.0830044059 0.0449622376
0 0.1593250679 0.5880163386 0.0808236056 0.0675574443
0 0.6709102976 0.9232348027 0.0882895773 0.1136077533
1 0.0890718800 0.1131815779 0.0339575400 0.1673981342
1 0.3010689353 0.1370874126 0.0421231844 0.2446983422
1 0.4849380375 0.1373262028 0.0395892003 0.2411498051
1 0.7365754830 0.1421805061 0.0366872073 0.2334240019
1 0.9464810630 0.1527082595 0.0907257474 0.2336597762
0 0.4490404075 0.3545853060 0.0161542868 0.0936948391
1 0.7867711740 0.7700822243 0.1149898559 0.1970862037
1 0.5049468915 0.8180419594 0.0740078239 0.1764660227
1 0.3143002532 0.8029319308 0.0723030031 0.2151371772
1 0.1576064787 0.8374985018 0.0736817983 0.1929512459
0 0.0412751269 0.6157810511 0.0518073661 0.1082033788
