0 0.649570 0.275993 0.043043 0.033639
0 0.795753 0.294389 0.020303 0.089353
0 0.381163 0.592934 0.022739 0.049407
0 0.428673 0.634982 0.056037 0.162938
0 0.686116 0.577166 0.017055 0.059919
0 0.638607 0.534066 0.021115 0.038895
0 0.506231 0.544052 0.025988 0.052561
0 0.347866 0.673352 0.037358 0.031536
0 0.570870 0.678924 0.786167 0.195276
1 0.617605 0.237278 0.076124 0.222993
1 0.800509 0.227650 0.082270 0.232704
1 0.364332 0.239861 0.081437 0.289482
1 0.659274 0.674931 0.081098 0.225578
1 0.840776 0.678993 0.082296 0.245964
1 0.959515 0.240778 0.078787 0.251424
1 0.742737 0.422091 0.261095 0.379295
