0 0.4444752495 0.2279984259 0.0217788621 0.0452021937
0 0.6473413033 0.2374593427 0.0306516968 0.0304851901
1 0.4268363726 0.1293373016 0.0721630436 0.1263602903
1 0.6695017862 0.1464144584 0.0720718308 0.1339216601
1 0.8524552525 0.1425743657 0.0802301841 0.1039514234
1 0.5183898812 0.8100873886 0.0860274287 0.1484689036
1 0.5160634636 0.7216433863 0.0824143816 0.2994232670
1 0.4344593652 0.1988448528 0.0965022097 0.3185668607
1 0.6700674756 0.2089685594 0.0672564365 0.3116211245
1 0.8544801769 0.2044072643 0.0876097726 0.2991900844
1 0.7894983197 0.7262930101 0.0509067195 0.3341951432
1 0.9781347218 0.6888481878 0.0344263209 0.3143905147
