0 0.118633 0.523422 0.101034 0.203935
0 0.624613 0.241697 0.210960 0.197628
1 0.680500 0.776465 0.109233 0.245230
0 0.627148 0.296622 0.151837 0.057926
1 0.673825 0.204483 0.258923 0.245569
0 0.849556 0.435464 0.197230 0.196942
0 0.232628 0.509013 0.135537 0.151961
0 0.364893 0.612347 0.121516 0.203020
1 0.479867 0.849406 0.089735 0.256511
1 0.599046 0.915282 0.066367 0.169437
0 0.563526 0.636053 0.229011 0.299060
0 0.830394 0.719935 0.284161 0.257726
1 0.662141 0.391699 0.478587 0.401178
1 0.352624 0.153957 0.052136 0.094454
1 0.688507 0.860174 0.079391 0.094519
1 0.145864 0.092271 0.043696 0.082891
