0 0.7319782413 0.4619263270 0.1149081385 0.1566308134
1 0.6585874602 0.4466730138 0.1536239411 0.1336081310
0 0.7248388331 0.4565499419 0.0538580155 0.0901241508
1 0.6326411406 0.4731517505 0.2053909104 0.2466555360
0 0.5211892244 0.8282278328 0.1639580172 0.0423415810
0 0.2940184647 0.8680032710 0.1580318761 0.0423416630
1 0.6357623010 0.4567762806 0.1540810890 0.0615878362
1 0.3504430117 0.6527048337 0.1344332313 0.2772358720
1 0.5886419131 0.5888532413 0.1201496785 0.3394501389
1 0.7381989331 0.5402824238 0.1201497101 0.3558224094
1 0.8768332018 0.5233644875 0.1067063775 0.3525479224
0 0.7310369800 0.4463825636 0.0355063575 0.0721362124
1 0.6257913099 0.3992976732 0.1482650354 0.0601343545
1 0.6217930493 0.4606141326 0.1679805592 0.1014412911
0 0.5473660757 0.6716107707 0.2111262890 0.2255072440
0 0.7994196577 0.5728369272 0.1768705997 0.2309811500
1 0.5898551171 0.4377614606 0.2887053196 0.2470257462
1 0.3373984758 0.5914974008 0.1009770614 0.1734675746
1 0.8603325541 0.3614224465 0.0874493279 0.2466025814
1 0.4423519950 0.0905724828 0.2177016983 0.0959799315
1 0.1343763443 0.5441119491 0.1067241939 0.2560391580
