1 0.503347 0.218101 0.119669 0.254796
1 0.225018 0.831808 0.126536 0.184464
1 0.541439 0.864097 0.148769 0.185529
1 0.700998 0.226787 0.157761 0.215687
1 0.227924 0.801301 0.037020 0.121213
1 0.523653 0.859734 0.041325 0.122336
1 0.700574 0.883864 0.024967 0.127947
1 0.865012 0.891960 0.019801 0.099889
1 0.232659 0.220730 0.041325 0.097644
1 0.498686 0.251594 0.067153 0.143660
1 0.664415 0.253278 0.064570 0.135804
1 0.846932 0.282459 0.043907 0.140293
1 0.498566 0.203104 0.076102 0.089288
1 0.663453 0.193734 0.087940 0.081572
1 0.242358 0.172239 0.059190 0.065037
1 0.449141 0.530288 0.788922 0.333099
