0 0.717618 0.555090 0.062944 0.036792
0 0.868118 0.608702 0.036314 0.097763
0 0.761598 0.315413 0.042770 0.047305
0 0.492876 0.312785 0.026630 0.031536
0 0.805174 0.305427 0.016946 0.060970
0 0.401476 0.818417 0.130059 0.262897
0 0.703908 0.809655 0.151941 0.268021
0 0.953144 0.781936 0.072788 0.152287
1 0.218873 0.784980 0.154943 0.092461
1 0.544874 0.790397 0.115521 0.042485
1 0.568957 0.771350 0.111059 0.285788
1 0.497952 0.136925 0.109238 0.050991
0 0.855333 0.623185 0.118770 0.252313
0 0.638265 0.596082 0.163111 0.142668
0 0.808104 0.291809 0.117799 0.203140
0 0.622562 0.757799 0.084615 0.112003
0 0.822500 0.154227 0.050496 0.106670
0 0.284101 0.803133 0.079156 0.106670
0 0.509287 0.735576 0.030025 0.099558
0 0.957611 0.148004 0.045037 0.104892
