0 0.924392 0.551411 0.028954 0.065175
0 0.601472 0.646020 0.034584 0.067278
0 0.360186 0.586627 0.029759 0.078841
1 0.353528 0.714855 0.107624 0.215370
1 0.633836 0.720418 0.094247 0.202655
1 0.087055 0.111156 0.174111 0.123364
1 0.802692 0.118009 0.112738 0.123364
1 0.356655 0.731829 0.083243 0.119080
1 0.616215 0.728402 0.100285 0.105373
1 0.916414 0.715123 0.063579 0.078816
1 0.076776 0.669719 0.126503 0.116510
1 0.336336 0.162129 0.070134 0.084812
1 0.557552 0.134715 0.086520 0.100233
1 0.377652 0.711426 0.158121 0.250432
