0 0.268786 0.545991 0.034784 0.031536
0 0.468995 0.625357 0.176346 0.053612
0 0.649791 0.635344 0.038020 0.084097
0 0.856876 0.629036 0.013752 0.048356
0 0.803891 0.393565 0.022650 0.033639
0 0.611771 0.404602 0.025077 0.019973
0 0.590036 0.553349 0.043778 0.030223
0 0.269908 0.758688 0.032834 0.078224
0 0.708887 0.170199 0.053355 0.088891
0 0.515305 0.213756 0.060195 0.122670
0 0.583025 0.771105 0.042410 0.110225
0 0.796443 0.807550 0.034202 0.055113
1 0.272371 0.182143 0.052993 0.105817
1 0.546084 0.222831 0.067439 0.135136
1 0.741659 0.207006 0.072926 0.137613
1 0.931714 0.181926 0.062326 0.126644
1 0.832955 0.734141 0.063296 0.184558
1 0.625536 0.759628 0.091510 0.133416
1 0.309707 0.732719 0.083974 0.110564
0 0.152180 0.748882 0.107688 0.084224
0 0.470539 0.776949 0.118308 0.094238
0 0.643300 0.219703 0.042714 0.126755
0 0.832932 0.176821 0.052768 0.130406
0 0.414105 0.197372 0.090850 0.095985
0 0.159590 0.152968 0.077848 0.120729
0 0.732632 0.773904 0.043744 0.128892
0 0.936028 0.816909 0.036096 0.231199
