0 0.181678 0.373066 0.023440 0.015768
0 0.496098 0.705775 0.157614 0.216550
1 0.473466 0.770950 0.369382 0.388949
1 0.276247 0.148632 0.320885 0.248086
0 0.520547 0.746206 0.210722 0.334832
0 0.292918 0.535758 0.274814 0.548276
0 0.250855 0.594719 0.284161 0.252863
0 0.663543 0.612955 0.079453 0.087530
1 0.779451 0.801995 0.045802 0.188432
1 0.836003 0.285934 0.074779 0.138589
1 0.609328 0.245208 0.128059 0.120353
1 0.111984 0.210431 0.136809 0.264146
0 0.179522 0.376726 0.030497 0.036622
1 0.613631 0.229192 0.149387 0.184669
1 0.804726 0.170765 0.108781 0.320880
1 0.961351 0.228960 0.077297 0.261196
1 0.048191 0.635286 0.096382 0.245448
1 0.419231 0.791383 0.180167 0.153168
1 0.785013 0.798743 0.039626 0.241930
1 0.309342 0.100683 0.073515 0.143634
0 0.507005 0.652778 0.160110 0.121442
1 0.172210 0.873268 0.049489 0.135002
1 0.626667 0.798619 0.030817 0.147509
