0 0.770346 0.360420 0.026145 0.164051
0 0.919372 0.396781 0.026145 0.074415
0 0.222245 0.226586 0.069066 0.157682
0 0.405066 0.365346 0.065816 0.088302
0 0.510696 0.380063 0.075566 0.042049
0 0.577325 0.422637 0.108068 0.062022
0 0.288467 0.339066 0.055253 0.044151
1 0.449078 0.426850 0.093909 0.100262
1 0.746760 0.423901 0.067468 0.094364
1 0.954636 0.374949 0.060175 0.119135
1 0.962085 0.398039 0.075830 0.101336
1 0.740717 0.436262 0.048096 0.042668
0 0.777133 0.340259 0.052219 0.053335
0 0.535993 0.417698 0.081084 0.097772
0 0.261163 0.244340 0.200654 0.203175
0 0.329542 0.203632 0.237641 0.232945
1 0.956141 0.394724 0.087718 0.182002
1 0.743073 0.430637 0.051340 0.157358
