0 0.885782 0.548651 0.080207 0.147170
0 0.150549 0.594905 0.061573 0.119838
0 0.150549 0.209109 0.221988 0.159785
0 0.141949 0.586201 0.045621 0.077797
0 0.141956 0.594346 0.035454 0.102621
0 0.218774 0.251686 0.036363 0.066055
0 0.269682 0.265841 0.038182 0.051900
0 0.398318 0.254045 0.028182 0.084928
0 0.666952 0.573703 0.076363 0.186369
1 0.083986 0.179904 0.086097 0.226754
1 0.259243 0.187321 0.078514 0.235253
1 0.419611 0.138737 0.077613 0.251213
1 0.669839 0.138826 0.068534 0.207501
1 0.363880 0.786901 0.096471 0.323546
1 0.648211 0.777268 0.147325 0.260694
1 0.168355 0.757574 0.105113 0.217351
0 0.261653 0.506746 0.051729 0.062910
0 0.282326 0.754767 0.112536 0.303152
1 0.462977 0.763932 0.756956 0.168161
1 0.418850 0.201757 0.698318 0.150419
1 0.169291 0.718729 0.079654 0.171990
1 0.357784 0.708078 0.091815 0.188558
0 0.563172 0.257355 0.175476 0.296150
0 0.327920 0.312986 0.143162 0.117671
0 0.145247 0.297766 0.118435 0.142591
0 0.808003 0.238317 0.194818 0.326257
1 0.774616 0.749324 0.131005 0.501351
0 0.465497 0.582667 0.212947 0.135315
1 0.092091 0.207191 0.061354 0.143653
1 0.260517 0.212071 0.123499 0.181182
1 0.420618 0.205899 0.123084 0.179333
1 0.677349 0.200694 0.121292 0.216596
1 0.163070 0.683670 0.132652 0.234953
1 0.355327 0.674090 0.118306 0.259852
1 0.629511 0.678471 0.149802 0.236868
1 0.491113 0.465090 0.903035 0.666124
