1 0.384743 0.728265 0.055877 0.169124
0 0.496908 0.638662 0.079963 0.052561
1 0.507812 0.756923 0.421623 0.293289
1 0.585949 0.204667 0.130857 0.194151
1 0.762825 0.203948 0.128101 0.191958
0 0.419139 0.718687 0.046444 0.080002
0 0.895191 0.413789 0.058738 0.046223
0 0.855577 0.579127 0.045078 0.067557
0 0.310715 0.615182 0.215024 0.147443
0 0.561629 0.612694 0.281653 0.210706
0 0.171761 0.330501 0.182255 0.176384
0 0.458809 0.341468 0.243814 0.081947
1 0.851056 0.679765 0.056175 0.208167
1 0.380008 0.748612 0.041117 0.194154
1 0.670322 0.770647 0.116016 0.279248
1 0.566555 0.177727 0.153466 0.174657
1 0.762854 0.207733 0.070920 0.199739
1 0.380412 0.709686 0.087470 0.238354
1 0.658768 0.696642 0.084737 0.254956
1 0.594532 0.262031 0.114805 0.301204
