0 0.454370 0.222907 0.079388 0.062022
0 0.854144 0.326977 0.138524 0.062022
1 0.366071 0.760077 0.448784 0.278572
0 0.314226 0.842597 0.064806 0.103019
1 0.424397 0.226060 0.484428 0.326927
1 0.211847 0.215812 0.216463 0.088891
1 0.128961 0.731381 0.212353 0.120892
1 0.569421 0.165143 0.046581 0.048001
1 0.618057 0.806050 0.294554 0.088891
0 0.787094 0.626327 0.176124 0.250432
0 0.408147 0.699269 0.252007 0.262589
0 0.480283 0.346111 0.266996 0.251648
1 0.228745 0.292013 0.251070 0.299060
0 0.548658 0.722370 0.775542 0.536647
