0 0.950833 0.451546 0.050032 0.063073
0 0.420248 0.168769 0.221917 0.279623
0 0.955143 0.454569 0.030787 0.087287
0 0.961878 0.460798 0.029135 0.072577
0 0.940508 0.457580 0.034983 0.074733
0 0.890071 0.364194 0.084913 0.141534
1 0.304643 0.424084 0.112259 0.314938
1 0.567077 0.415139 0.059382 0.261066
1 0.739839 0.404798 0.090242 0.228043
1 0.902198 0.313338 0.089342 0.340710
0 0.543317 0.597214 0.185647 0.198069
0 0.786202 0.527889 0.116849 0.166525
0 0.952095 0.448758 0.056688 0.081757
1 0.746601 0.484361 0.127548 0.358676
1 0.939947 0.442164 0.105277 0.490543
1 0.552243 0.410516 0.115400 0.142416
1 0.040552 0.531109 0.050336 0.061995
1 0.307792 0.496535 0.043015 0.045304
1 0.566338 0.425599 0.038439 0.048880
1 0.742515 0.407716 0.041184 0.072725
1 0.899931 0.340952 0.037523 0.072725
