0 0.484818 0.284403 0.023383 0.044151
0 0.771466 0.302799 0.035478 0.049407
0 0.272756 0.309632 0.062087 0.067278
1 0.823070 0.397408 0.203193 0.406820
0 0.298558 0.825778 0.162071 0.195526
0 0.280737 0.301817 0.052476 0.079030
0 0.275814 0.300284 0.045310 0.063968
1 0.824871 0.393744 0.062637 0.055819
1 0.145165 0.317108 0.019204 0.077493
0 0.298338 0.301013 0.023776 0.054841
0 0.501350 0.299821 0.014632 0.047688
1 0.331717 0.331415 0.090532 0.129950
1 0.520554 0.354663 0.067671 0.088223
1 0.813184 0.354663 0.073157 0.081070
