0 0.0584793920 0.6942117506 0.0291466991 0.0609703802
0 0.7535472041 0.6069610103 0.0202408500 0.0483557916
0 0.4373864784 0.6653033595 0.0259081349 0.1166846983
0 0.4021675442 0.6458558852 0.0234792769 0.0946092667
0 0.9110202955 0.3525672543 0.0485779188 0.0904043628
0 0.1062475975 0.6726618367 0.0663897117 0.0578167823
0 0.8017202057 0.3741171191 0.0210503809 0.0620215877
0 0.7750023883 0.3735915153 0.0194310917 0.0252291279
0 0.4963094202 0.4004555733 0.0397084870 0.0302230835
0 0.1115478705 0.2448956889 0.0287544203 0.0320008801
0 0.3169079704 0.8506220664 0.0767772603 0.1398043725
1 0.2214045554 0.3029537509 0.2415674056 0.2723145639
