0 0.325465 0.537220 0.046793 0.049407
1 0.640511 0.171923 0.601048 0.306954
1 0.720786 0.438405 0.522791 0.484610
1 0.600537 0.418999 0.221772 0.235025
1 0.823788 0.478719 0.141934 0.184938
1 0.598894 0.386151 0.185689 0.250001
1 0.817575 0.452667 0.116869 0.341465
1 0.781914 0.271136 0.329131 0.310066
1 0.799161 0.485880 0.112604 0.298757
1 0.615976 0.419961 0.204808 0.296631
0 0.343034 0.536381 0.089757 0.042528
0 0.328877 0.535878 0.043004 0.019075
1 0.587817 0.480440 0.068624 0.070340
1 0.790028 0.577009 0.061304 0.084647
1 0.970280 0.653906 0.022875 0.073917
0 0.598643 0.664343 0.760477 0.461773
