0 0.249620 0.232731 0.149432 0.267216
0 0.541987 0.672454 0.144235 0.250304
0 0.593014 0.748514 0.049268 0.064124
0 0.478326 0.572435 0.029884 0.029434
0 0.794123 0.785306 0.099343 0.087251
0 0.779585 0.136181 0.147803 0.124043
0 0.515074 0.709619 0.067844 0.104070
0 0.522343 0.923927 0.161533 0.152147
1 0.491248 0.766910 0.412718 0.296442
1 0.679838 0.166667 0.565366 0.330081
1 0.142627 0.703743 0.098397 0.205146
1 0.342610 0.720345 0.077442 0.262066
1 0.625958 0.721531 0.124819 0.245464
1 0.620947 0.197992 0.080175 0.199217
1 0.365387 0.221708 0.092020 0.203961
1 0.204125 0.148188 0.042821 0.142298
1 0.390204 0.773058 0.582907 0.236649
