0 0.628477 0.655481 0.052800 0.063073
1 0.660969 0.788460 0.241253 0.291186
1 0.512837 0.142914 0.079066 0.188654
1 0.745711 0.122130 0.100068 0.191851
1 0.914961 0.087757 0.075360 0.123105
1 0.918668 0.636132 0.085243 0.155080
1 0.333703 0.741650 0.044475 0.161475
1 0.682249 0.774663 0.215146 0.239017
1 0.943072 0.674859 0.080101 0.075389
1 0.230110 0.144138 0.236330 0.201323
1 0.508146 0.130860 0.115848 0.125077
1 0.745138 0.088025 0.098636 0.121650
1 0.329740 0.763526 0.054283 0.071105
1 0.052001 0.688566 0.104001 0.094236
1 0.687549 0.826821 0.224817 0.137818
0 0.778800 0.209857 0.100449 0.171668
1 0.327078 0.234096 0.089990 0.290358
1 0.518308 0.163277 0.100327 0.241572
1 0.774598 0.122753 0.127689 0.193572
1 0.764261 0.717240 0.103367 0.224260
1 0.926912 0.665306 0.105191 0.288784
1 0.656979 0.842839 0.129203 0.094867
