0 0.3187992687 0.4669679165 0.1275809477 0.0862533335
1 0.6703481526 0.2956179015 0.1394164887 0.2077849996
1 0.5621506525 0.7995242564 0.2001438105 0.2244522230
1 0.7344968044 0.7267439772 0.1719183741 0.2611201417
1 0.6598104537 0.2588390822 0.1404094589 0.1371036860
1 0.8116913127 0.0877575454 0.1486688791 0.1239894044
0 0.3583429286 0.4060765037 0.1872126752 0.3266644243
1 0.6524233958 0.2655906091 0.1304106698 0.2250547787
0 0.3472946822 0.3314070459 0.1380062804 0.3968812515
0 0.3479617201 0.4730787100 0.1510995178 0.1228642136
1 0.6697618998 0.2849186224 0.0871823589 0.0894154184
1 0.2893713979 0.4297716639 0.0201896093 0.0500726353
