0 0.9572937423 0.6286685125 0.0630691552 0.2279160274
0 0.7748436184 0.6900305168 0.1414551288 0.2431104566
0 0.5180620240 0.6952901505 0.0891978025 0.2279160685
0 0.3450722860 0.6485381033 0.0909998109 0.2512920408
0 0.1756865332 0.5731505116 0.0855938490 0.2618113084
0 0.0389646547 0.4030900659 0.0779293094 0.2676552501
1 0.1973466018 0.5613182083 0.0390988078 0.0460023656
1 0.5460533352 0.6887094976 0.0400079596 0.0436432972
1 0.9215836196 0.6698367254 0.1127500005 0.1592391629
1 0.8928984567 0.6849185454 0.1189429331 0.1885522510
0 0.0401186995 0.3383221296 0.0715268018 0.1219072990
0 0.1686189136 0.5376103086 0.1018754436 0.5286287925
