0 0.8886731911 0.2213356521 0.2226536178 0.3297580230
0 0.6251074285 0.4655076776 0.1633345200 0.2141905440
1 0.1986310739 0.4331138464 0.3675040826 0.0867337443
1 0.1832319604 0.7091912040 0.1610112357 0.0791033362
1 0.1442054507 0.4390244694 0.1279659991 0.0727428521
1 0.0981013049 0.2803360959 0.1198122996 0.0649750912
1 0.7924467843 0.6964073636 0.2683802191 0.2864431511
1 0.7468866929 0.3340846855 0.1279073546 0.0968898106
1 0.7377785942 0.1455878558 0.1272529952 0.0807166265
1 0.1324327988 0.2737098223 0.0781594043 0.0561746578
1 0.1715370805 0.4312215507 0.1278202951 0.0509858619
1 0.2371100711 0.6964481277 0.1496122108 0.0708618481
