1 0.3706885492 0.6634652529 0.3472838633 0.3207436752
1 0.3926261291 0.7020506339 0.2293683109 0.2621426028
1 0.1050870222 0.7899952395 0.2101740445 0.3433222181
1 0.4355937179 0.7998102463 0.2668235805 0.3853983457
0 0.4022967178 0.9173832233 0.1635762143 0.1029046484
1 0.3748276290 0.6787196664 0.2095574311 0.2504374261
1 0.1269353224 0.7790534041 0.1938435233 0.2218728390
0 0.4006420424 0.9081487425 0.0583237709 0.0409979440
0 0.5387121327 0.7229746196 0.9225757345 0.4388640710
1 0.4016786423 0.5747260740 0.1116841175 0.4770525226
