1 0.5218187464 0.5490912440 0.1161079029 0.1414186534
1 0.3363907314 0.5126596145 0.0628591859 0.0945640312
1 0.4845588042 0.5856256707 0.0754310306 0.0607077859
1 0.6704424112 0.5792046790 0.0664511199 0.0828894740
0 0.2742181344 0.6647303022 0.1932338677 0.2049666610
0 0.0954367217 0.5475063431 0.1167816455 0.1427789076
1 0.4629715079 0.6455926872 0.0670137689 0.3600046491
0 0.4420341643 0.6810440714 0.0468412343 0.1183736345
0 0.0860358347 0.5576732387 0.0469324990 0.0644646642
1 0.3232689659 0.5327414085 0.0544749723 0.1462480909
1 0.4772572281 0.6104323126 0.0524840402 0.2261477261
1 0.6627512073 0.6056641312 0.0782312450 0.1741248059
0 0.7823455735 0.7623359023 0.2603923684 0.2895719447
0 0.9101590827 0.6436204120 0.0798870880 0.1733010032
0 0.9601699527 0.7666070620 0.0743068280 0.2397056328
0 0.7885924613 0.7430890575 0.2875774875 0.4507452181
