0 0.139975 0.401855 0.050747 0.108240
0 0.460069 0.741795 0.037735 0.047355
0 0.780525 0.735695 0.138175 0.096634
0 0.494005 0.748002 0.124848 0.124895
0 0.146816 0.668234 0.214626 0.233380
0 0.149621 0.376052 0.129056 0.194180
0 0.376522 0.325000 0.058216 0.088429
0 0.777018 0.337763 0.020340 0.033731
0 0.920102 0.256171 0.090480 0.184152
0 0.617451 0.398388 0.043486 0.085694
1 0.877668 0.215603 0.082764 0.185063
0 0.161154 0.648060 0.077044 0.128592
0 0.151515 0.393334 0.091178 0.179596
0 0.707717 0.410077 0.291426 0.100445
0 0.767192 0.696133 0.131461 0.183097
1 0.863431 0.144285 0.064368 0.090924
0 0.460959 0.736144 0.058902 0.073618
0 0.136365 0.396818 0.041699 0.090661
0 0.729443 0.745972 0.048628 0.069222
1 0.494921 0.550996 0.796377 0.671757
0 0.502769 0.685896 0.724873 0.452237
0 0.136391 0.401559 0.056423 0.100003
0 0.459112 0.744904 0.035050 0.055557
0 0.790382 0.690458 0.054713 0.046668
