0 0.2476848220 0.6465675954 0.0222126153 0.0233341876
0 0.5189354787 0.5371193697 0.0179409907 0.0266676020
0 0.7508868402 0.5454529671 0.0256300318 0.0677801362
1 0.8544495513 0.7675768731 0.1052530756 0.1884496775
1 0.9048761725 0.1550876384 0.1612969194 0.1333370350
1 0.6403765989 0.1764215650 0.0833822919 0.1297813882
1 0.3779273837 0.0990860919 0.1571961396 0.1635600785
1 0.5612445346 0.7462429516 0.0847492080 0.0853356860
0 0.6859370392 0.1744310062 0.0680206204 0.0555355069
1 0.3372409667 0.1873041908 0.0630920789 0.0930368697
