0 0.806872 0.677410 0.081560 0.090709
0 0.181456 0.668433 0.079395 0.068977
0 0.184704 0.156305 0.116205 0.201261
1 0.639420 0.079769 0.179721 0.095434
1 0.823833 0.093470 0.108266 0.122835
1 0.528268 0.859301 0.550712 0.180473
0 0.097370 0.191266 0.087334 0.114331
0 0.923799 0.633000 0.058464 0.083150
1 0.371204 0.800988 0.171822 0.287511
1 0.617956 0.868638 0.161487 0.111622
1 0.786548 0.718963 0.080097 0.302732
1 0.949972 0.633555 0.078805 0.294276
1 0.837578 0.191295 0.073638 0.312880
1 0.636688 0.136330 0.165362 0.233391
1 0.329218 0.198060 0.095600 0.292585
1 0.125745 0.208208 0.122730 0.279055
1 0.645624 0.153138 0.255648 0.212918
1 0.144961 0.202023 0.143452 0.287869
1 0.810150 0.727245 0.182812 0.310353
1 0.393128 0.850125 0.138445 0.299749
1 0.607177 0.863877 0.108094 0.122020
1 0.777172 0.806463 0.070180 0.108986
1 0.130337 0.076364 0.112470 0.093150
1 0.633785 0.078594 0.155691 0.089967
