0 0.1658644565 0.7027156789 0.1153211175 0.1192020703
0 0.6404552056 0.7527036769 0.1182780579 0.1038211289
0 0.9198871465 0.2105263177 0.0916654680 0.1268925718
0 0.2944918610 0.1201634253 0.0946224558 0.0692141338
0 0.1679751216 0.6594102511 0.0664568130 0.1907987697
0 0.3535363013 0.6874689492 0.0388383890 0.0897877191
0 0.6310150383 0.7419026693 0.0655936465 0.1335591962
0 0.9218714041 0.7384892946 0.0535107043 0.1099899456
0 0.2905318070 0.1357895533 0.0560998882 0.1167239733
0 0.4661676136 0.1616035123 0.0431537480 0.0718301445
0 0.7086917848 0.1969574036 0.0362491420 0.0774418616
0 0.9395644077 0.2379230274 0.0595522701 0.0830536094
1 0.2365701128 0.6911302997 0.1298778445 0.2026722816
