0 0.6307336419 0.4823382123 0.0254790360 0.2664375075
1 0.3281436808 0.2635033333 0.5804487170 0.1993149632
1 0.7601716209 0.3948452663 0.1007588441 0.2345720254
0 0.6303535694 0.4468990461 0.0801265616 0.1759303017
0 0.8047164546 0.5033807058 0.0621522291 0.1908983868
0 0.3121962293 0.4039876111 0.0720925605 0.2112576791
1 0.1740880336 0.2535443827 0.2566316844 0.1566308259
1 0.7355585074 0.3863302896 0.1398783061 0.2196615823
1 0.4338931317 0.2674932665 0.1299770649 0.1061721260
1 0.6074449882 0.2841580104 0.0889089933 0.0765904748
1 0.3443714819 0.4003207800 0.0287394753 0.0615878249
0 0.6238385322 0.5241379735 0.0545060049 0.0526062134
0 0.3012622216 0.4657578465 0.0475688684 0.0538893417
0 0.8086634052 0.5459503153 0.0277485460 0.0526062543
1 0.2185122218 0.8506817214 0.0366676674 0.0487570740
