0 0.701780 0.199599 0.103614 0.041971
0 0.486443 0.215921 0.101812 0.034976
0 0.379225 0.240987 0.087396 0.054796
0 0.279982 0.188578 0.015435 0.037844
0 0.361221 0.261112 0.093425 0.086200
0 0.262922 0.249548 0.017060 0.029434
0 0.805192 0.220114 0.113735 0.151375
0 0.559850 0.224845 0.024372 0.051509
0 0.709934 0.172267 0.248028 0.108196
0 0.406476 0.194757 0.259302 0.184785
0 0.191330 0.194149 0.195416 0.161687
0 0.083758 0.134581 0.046035 0.057137
1 0.108185 0.253718 0.059188 0.166550
1 0.293266 0.249463 0.117437 0.306354
1 0.582632 0.248248 0.108042 0.328236
