0 0.562524 0.638497 0.043469 0.073585
0 0.925167 0.814050 0.094182 0.216550
0 0.529801 0.796592 0.106509 0.212382
1 0.355322 0.716516 0.129074 0.163710
1 0.222053 0.655318 0.065801 0.137715
1 0.667617 0.834991 0.095398 0.173743
1 0.774352 0.162075 0.124032 0.238629
1 0.459420 0.106043 0.125431 0.122905
1 0.703545 0.827621 0.075516 0.192643
1 0.449054 0.141299 0.234825 0.147554
1 0.768536 0.170444 0.089369 0.165334
1 0.469243 0.093855 0.095886 0.165334
1 0.299814 0.065894 0.082853 0.121569
1 0.680098 0.791661 0.076336 0.226118
1 0.383598 0.681033 0.114504 0.226118
1 0.210911 0.597759 0.065165 0.183569
1 0.057308 0.566151 0.040961 0.168981
1 0.978460 0.313895 0.040030 0.128863
