1 0.455051 0.134639 0.068678 0.152212
0 0.471942 0.355360 0.055575 0.068329
0 0.452612 0.230265 0.034634 0.089353
0 0.600459 0.604961 0.073205 0.126212
0 0.465346 0.609680 0.121104 0.109698
0 0.381037 0.670488 0.138501 0.150730
0 0.172856 0.771502 0.089919 0.249864
1 0.266191 0.785018 0.088922 0.121675
1 0.564647 0.746651 0.159935 0.183909
0 0.570652 0.182345 0.095974 0.141735
0 0.358214 0.200758 0.112685 0.097666
0 0.134944 0.154211 0.039228 0.182762
0 0.461643 0.614202 0.111801 0.107485
1 0.552471 0.634978 0.109030 0.264443
1 0.249458 0.686562 0.133562 0.256142
1 0.205846 0.249580 0.080864 0.311876
1 0.454798 0.243058 0.057241 0.324920
