0 0.510884 0.697299 0.185529 0.137783
0 0.648742 0.230060 0.643338 0.430015
1 0.188447 0.509602 0.124142 0.208763
0 0.592937 0.642548 0.057396 0.054087
1 0.383691 0.557426 0.156841 0.127605
1 0.645129 0.686405 0.108715 0.347892
0 0.513523 0.735805 0.151773 0.134964
0 0.725956 0.865444 0.045761 0.064468
1 0.625523 0.699166 0.107358 0.158538
1 0.909365 0.773874 0.118517 0.210732
1 0.357148 0.627481 0.087263 0.148805
1 0.185514 0.580019 0.078291 0.143073
1 0.204158 0.519472 0.089472 0.095902
1 0.626379 0.637421 0.132929 0.056219
1 0.918226 0.703560 0.145711 0.080470
