1 0.825864 0.209053 0.130966 0.202949
1 0.642383 0.740104 0.095955 0.206332
0 0.340959 0.319618 0.058030 0.118787
0 0.446944 0.595036 0.047552 0.055714
0 0.681080 0.704363 0.040299 0.078841
0 0.812050 0.597664 0.060448 0.128248
1 0.646826 0.778473 0.137822 0.294340
1 0.639331 0.729831 0.099100 0.209890
1 0.389324 0.713934 0.032046 0.185086
1 0.652781 0.736702 0.064915 0.165641
1 0.822316 0.694116 0.054692 0.165765
1 0.818666 0.200405 0.141077 0.148734
1 0.628036 0.204177 0.100085 0.151621
1 0.399851 0.211721 0.061281 0.163146
0 0.539137 0.625873 0.144382 0.147895
0 0.356842 0.340217 0.084662 0.106717
0 0.545498 0.325267 0.206255 0.165269
0 0.733842 0.645009 0.130953 0.148631
