0 0.683981 0.215023 0.038620 0.042049
0 0.450247 0.249187 0.028161 0.049407
0 0.811912 0.267058 0.054712 0.053612
1 0.662660 0.789511 0.461032 0.280674
1 0.803037 0.767739 0.092088 0.086107
1 0.521357 0.769509 0.083059 0.087287
1 0.335376 0.779535 0.068614 0.062516
1 0.160229 0.780125 0.050558 0.061337
1 0.145784 0.191529 0.046947 0.117955
1 0.306938 0.185042 0.058683 0.121494
1 0.476216 0.182683 0.050558 0.119135
1 0.701470 0.177375 0.060489 0.101441
0 0.614944 0.308995 0.686627 0.248924
0 0.701922 0.663742 0.529237 0.251329
