1 0.796172 0.115189 0.128994 0.136991
0 0.463688 0.636921 0.062361 0.083046
0 0.432103 0.273201 0.143349 0.156631
1 0.211411 0.758336 0.252683 0.391052
1 0.772253 0.209602 0.324762 0.351105
1 0.797069 0.168579 0.124190 0.210598
1 0.617169 0.156184 0.084958 0.183793
1 0.218374 0.744087 0.123023 0.134747
1 0.715065 0.802995 0.051383 0.121751
1 0.533560 0.752433 0.065771 0.103670
1 0.632683 0.213299 0.072714 0.161322
1 0.802955 0.188343 0.116666 0.246011
1 0.257209 0.230511 0.069967 0.177939
1 0.907946 0.774244 0.040986 0.166013
1 0.729639 0.730164 0.065403 0.197221
1 0.537093 0.706258 0.083703 0.171181
1 0.241690 0.663981 0.099762 0.194411
0 0.120226 0.390787 0.166906 0.094480
1 0.469790 0.178821 0.037502 0.117307
0 0.578713 0.287353 0.130813 0.236272
0 0.415947 0.412406 0.185168 0.086738
0 0.167287 0.590500 0.170539 0.183119
0 0.413007 0.620100 0.240425 0.209319
0 0.653370 0.661922 0.123227 0.157182
0 0.728959 0.368586 0.180134 0.142670
1 0.645102 0.252133 0.037659 0.045304
1 0.838447 0.278361 0.038577 0.054842
1 0.244175 0.693845 0.093687 0.108491
1 0.533504 0.730804 0.060621 0.120413
1 0.724553 0.765974 0.044088 0.083454
1 0.908713 0.780876 0.039496 0.094184
1 0.270352 0.274189 0.024800 0.063187
1 0.233734 0.770963 0.053762 0.194586
1 0.539764 0.791764 0.049627 0.179824
1 0.716559 0.808538 0.033084 0.130171
