0 0.406556 0.717371 0.123432 0.194475
0 0.687304 0.274810 0.217015 0.314313
0 0.395273 0.710507 0.066194 0.126843
0 0.396485 0.704044 0.099576 0.187548
0 0.741380 0.694017 0.025347 0.044823
0 0.189186 0.606731 0.070608 0.092005
0 0.701097 0.208633 0.140312 0.116775
0 0.515071 0.757713 0.061556 0.070773
0 0.403647 0.712336 0.103379 0.163271
0 0.541269 0.831125 0.104294 0.118335
0 0.748831 0.910721 0.067689 0.088446
1 0.682279 0.224724 0.176192 0.170028
1 0.390704 0.704053 0.061613 0.189007
0 0.398922 0.701595 0.067475 0.143466
1 0.482068 0.577884 0.066774 0.109999
0 0.402868 0.727642 0.119032 0.197039
