0 0.676698 0.496736 0.158258 0.152227
1 0.516443 0.612959 0.124536 0.205960
1 0.295571 0.616188 0.100824 0.189565
1 0.305406 0.630582 0.099606 0.186001
1 0.545578 0.655504 0.198282 0.187216
1 0.806695 0.589249 0.145220 0.130079
1 0.141567 0.102365 0.051199 0.177491
1 0.322162 0.091908 0.153598 0.183816
1 0.490655 0.092516 0.040029 0.185032
1 0.731292 0.090692 0.081919 0.181385
1 0.504874 0.657578 0.063863 0.085966
1 0.306900 0.669767 0.053055 0.071852
0 0.679760 0.461267 0.103163 0.085966
1 0.099592 0.638974 0.062880 0.102646
1 0.136927 0.074419 0.045195 0.112911
1 0.293145 0.073136 0.033405 0.087249
1 0.486207 0.095589 0.042248 0.093665
1 0.734288 0.082759 0.033405 0.075702
1 0.798151 0.628709 0.060915 0.048757
0 0.906718 0.270088 0.067793 0.034643
0 0.287741 0.298316 0.105128 0.070569
0 0.322431 0.489020 0.089352 0.133901
0 0.477136 0.512956 0.136654 0.200957
1 0.498102 0.409327 0.870391 0.351334
0 0.503061 0.619033 0.993879 0.517884
