0 0.520293 0.638662 0.029838 0.086200
0 0.481181 0.677557 0.029031 0.018922
0 0.593678 0.733271 0.034676 0.035741
0 0.320299 0.159021 0.545952 0.318041
0 0.100062 0.717504 0.200124 0.153177
0 0.323694 0.692582 0.185588 0.144667
0 0.684146 0.712033 0.432729 0.268667
0 0.515047 0.644571 0.029458 0.060343
0 0.806473 0.597943 0.028757 0.149943
0 0.681275 0.583314 0.028055 0.100571
0 0.037053 0.500571 0.052604 0.097829
0 0.976005 0.562743 0.047990 0.074057
0 0.619904 0.780343 0.080659 0.125257
0 0.617800 0.601600 0.023146 0.109714
0 0.246066 0.572800 0.020340 0.044800
1 0.480001 0.633691 0.111272 0.319421
1 0.656333 0.652317 0.124649 0.244124
1 0.828713 0.601590 0.085126 0.248879
0 0.772126 0.606825 0.172937 0.226662
0 0.301984 0.614832 0.143641 0.222966
