0 0.231327 0.156625 0.086002 0.131917
0 0.690473 0.618163 0.021868 0.038895
0 0.250681 0.628150 0.028348 0.063073
0 0.194796 0.591883 0.047786 0.072534
0 0.392823 0.601869 0.024298 0.033639
0 0.532941 0.313837 0.025918 0.058868
0 0.217474 0.163513 0.052645 0.145068
0 0.243391 0.580845 0.041306 0.039946
0 0.153879 0.554831 0.055437 0.089646
1 0.770958 0.148991 0.081359 0.248161
1 0.539077 0.139326 0.096769 0.255584
1 0.363962 0.140048 0.061373 0.237756
1 0.194196 0.094829 0.077325 0.176643
1 0.250244 0.836693 0.097552 0.306471
1 0.438175 0.819445 0.114564 0.236439
1 0.721971 0.847165 0.139464 0.248131
1 0.962506 0.813741 0.055471 0.234864
1 0.084720 0.810398 0.063280 0.262274
0 0.360564 0.372093 0.056349 0.084683
0 0.169275 0.499118 0.081063 0.066720
0 0.209312 0.328468 0.076120 0.094948
1 0.255775 0.744828 0.052395 0.078268
1 0.442616 0.754451 0.052395 0.074419
1 0.715463 0.765998 0.060303 0.082117
1 0.444903 0.764778 0.124245 0.149699
1 0.734345 0.763736 0.112638 0.094000
1 0.272063 0.748193 0.109777 0.135907
1 0.781428 0.256758 0.084299 0.119138
1 0.431588 0.717504 0.032783 0.133726
1 0.711647 0.721759 0.047769 0.147098
1 0.272356 0.733916 0.070249 0.156824
1 0.972671 0.697445 0.054657 0.113059
1 0.454186 0.776423 0.185852 0.214274
