1 0.2642455897 0.1633487591 0.0476620854 0.0483558414
1 0.1559961166 0.4109096258 0.0670500605 0.0977629281
1 0.1538670897 0.4068937423 0.0691010704 0.1356373975
0 0.1664732625 0.5909471647 0.0474372489 0.1436602163
0 0.3864095683 0.6678278602 0.1147118384 0.2188574169
0 0.7025140807 0.6133940850 0.0758995983 0.1279475014
0 0.6235957498 0.0735457022 0.0388122401 0.0987664552
0 0.3777846068 0.0881361965 0.0543371550 0.1391709013
0 0.2190854726 0.0404364917 0.0439872643 0.0662184082
1 0.1474983748 0.4220340937 0.0543372260 0.0931547533
0 0.3677702990 0.6251115626 0.1550818155 0.2504321305
