0 0.8434404751 0.7287059310 0.2361868399 0.0692778806
0 0.8260737863 0.5595079767 0.2570268075 0.0852651331
0 0.8327076984 0.2971985825 0.2800610430 0.1055425464
0 0.8357059399 0.5596730054 0.2160644531 0.0816277922
0 0.8728501570 0.7512881849 0.1985742934 0.0831969122
0 0.2660688870 0.7761241025 0.2015192029 0.1279040520
1 0.4535314342 0.7821687695 0.1403143694 0.1856012374
0 0.2604775851 0.4037680105 0.3174066344 0.3679394124
0 0.9099534383 0.8849736874 0.1454505122 0.0857410867
0 0.8693803919 0.7410930518 0.1653542634 0.0563777101
0 0.8341660799 0.5602144803 0.1776027219 0.0610758715
0 0.3120753830 0.9542712847 0.2020996389 0.0481560220
0 0.2431777856 0.7692818692 0.1898511558 0.1268499043
0 0.1444245705 0.3875576959 0.1301399084 0.4627671504
0 0.8050759480 0.3123874016 0.2174101260 0.0822175411
