0 0.662218 0.696478 0.023620 0.023127
0 0.292437 0.300171 0.048055 0.016819
0 0.358004 0.729066 0.032580 0.042049
0 0.292223 0.278816 0.042041 0.077850
1 0.707824 0.731433 0.085168 0.181349
1 0.971213 0.629568 0.057573 0.100291
1 0.413118 0.833631 0.107541 0.095804
1 0.219770 0.826906 0.067004 0.160030
1 0.058139 0.823384 0.059910 0.166885
1 0.111184 0.225733 0.088916 0.221166
1 0.280630 0.206412 0.053732 0.123664
1 0.555416 0.139807 0.051351 0.097045
0 0.519456 0.540892 0.782119 0.596291
1 0.216764 0.860682 0.070234 0.100112
1 0.117936 0.188405 0.077810 0.065761
