1 0.2815850909 0.6191797303 0.2058273426 0.2181702788
1 0.4553210607 0.4289149580 0.0265583589 0.0710321812
1 0.4851992451 0.4339886745 0.0420507144 0.0541197678
1 0.4911581404 0.4292266169 0.1393283103 0.3260334184
1 0.2578888124 0.5151736067 0.3293213948 0.5560324157
1 0.6151814303 0.4437528432 0.1087182696 0.3825242179
1 0.3090222379 0.5645510857 0.3452860350 0.4761998595
1 0.4608285490 0.3748224991 0.1095373260 0.4433553066
1 0.6242889970 0.4027676512 0.1376135224 0.4562362145
1 0.5682048198 0.4330325620 0.8635903604 0.6200018728
1 0.2693756374 0.4618361713 0.1575636084 0.3646527746
