0 0.671480 0.666742 0.127009 0.087781
0 0.794653 0.678409 0.037506 0.071114
0 0.361204 0.250061 0.115075 0.101115
0 0.292585 0.388399 0.199463 0.080003
0 0.229053 0.836377 0.155875 0.096422
0 0.187218 0.344524 0.070810 0.134880
0 0.281120 0.383860 0.147169 0.121958
1 0.133143 0.796866 0.084391 0.105595
1 0.325659 0.801034 0.048124 0.110106
1 0.521736 0.828556 0.049551 0.081287
1 0.808500 0.763945 0.078411 0.125509
1 0.461409 0.200012 0.136720 0.116181
1 0.790347 0.224238 0.080563 0.119425
1 0.219418 0.171237 0.058031 0.081019
0 0.635650 0.300522 0.249938 0.272315
0 0.885588 0.354621 0.227556 0.164118
0 0.884973 0.612347 0.230055 0.251648
0 0.398302 0.604445 0.133362 0.097255
0 0.608138 0.664014 0.293770 0.248001
1 0.318565 0.767347 0.080204 0.230981
1 0.133443 0.760053 0.073676 0.216393
1 0.434674 0.247640 0.168801 0.339178
1 0.217377 0.178953 0.056889 0.196942
1 0.789996 0.656112 0.125902 0.314864
1 0.784401 0.262836 0.084867 0.333099
1 0.444814 0.254612 0.082954 0.271439
