1 0.1495315285 0.4822851423 0.0686231902 0.2309195629
1 0.3174132829 0.4053119546 0.0563690468 0.1988473980
1 0.5704613164 0.3628163299 0.0404386511 0.1459283135
0 0.3816456191 0.4734568429 0.0963955377 0.1408626011
1 0.4161873689 0.2931736666 0.4145008405 0.4951216860
1 0.3464452899 0.3528756504 0.1190981958 0.0829015562
1 0.1487929465 0.4051036372 0.0886901478 0.1044559530
1 0.1496311545 0.4854398969 0.1478775056 0.3265586709
1 0.3264960025 0.3914305797 0.1235113331 0.3386534205
1 0.5546138618 0.3611936749 0.0890626131 0.3023691512
1 0.3243967483 0.3110755962 0.0709428718 0.0724426228
1 0.4034410883 0.4555211029 0.7255371086 0.3566194108
