0 0.4924832087 0.1551033045 0.0709123830 0.0925068031
0 0.1673340033 0.3038500538 0.0523784437 0.0452021782
0 0.1351011152 0.2770441206 0.1023394322 0.1387602231
1 0.3559933311 0.1072254381 0.1211296152 0.1897869357
1 0.5498648345 0.0984467474 0.1051071876 0.1839344752
1 0.3303574411 0.8893649790 0.0737032013 0.1571803671
1 0.3320226900 0.8654145963 0.0935917621 0.2632465517
0 0.5399431447 0.8073396945 0.0663129777 0.1944000786
0 0.4622891547 0.2319937600 0.1524447320 0.1835269589
0 0.7160635839 0.8228182939 0.1633789818 0.2335333262
1 0.4754993356 0.5531081784 0.8280133983 0.6816151855
1 0.5589581469 0.0601020415 0.5161900759 0.1160178714
