1 0.5592345435 0.2203975994 0.0617221988 0.0346078788
0 0.2846406466 0.5874233108 0.0469930618 0.1074665588
1 0.4889718095 0.7591488655 0.1521181393 0.1949920041
1 0.5514847993 0.2608657064 0.0610296729 0.1690424875
1 0.3950603537 0.2225918636 0.1010956605 0.1946506147
0 0.2700158631 0.5765051623 0.0441815117 0.1071485180
1 0.3788575996 0.1722037391 0.0691856942 0.1092362469
1 0.2926307877 0.8112069435 0.0717577550 0.1473432374
0 0.8364448784 0.3576686672 0.0795835663 0.0988923224
1 0.6310681009 0.7749053881 0.4817797957 0.3177887970
0 0.6633385489 0.4275619863 0.2808741081 0.1349415860
0 0.6329105193 0.7004843579 0.2986627931 0.1604710500
