0 0.4041750030 0.8003959902 0.5828179652 0.2897536739
0 0.7284117028 0.1965228204 0.4838298760 0.2910707474
0 0.3994891950 0.8422746720 0.5029966713 0.1600521949
0 0.7193351217 0.1088181188 0.4271732746 0.1294335335
0 0.1533305232 0.1122974750 0.2605757123 0.1503098303
0 0.7973580691 0.7640328684 0.0564315343 0.2158327164
1 0.9365966721 0.2052659189 0.0821937334 0.3005670609
0 0.2507793313 0.1938884766 0.0868895880 0.2123189311
0 0.8929477352 0.2275056562 0.0950355152 0.2559623165
0 0.5725423416 0.1785543288 0.1131374624 0.2311917397
0 0.6128192939 0.7465074847 0.0687876031 0.2866305936
0 0.7970071547 0.7571233688 0.0515906457 0.2583213068
0 0.9735016398 0.7901507716 0.0352987913 0.2182166807
1 0.8933617998 0.6363949437 0.0354915657 0.0525606709
1 0.7909204842 0.6032817471 0.0161325436 0.0494070238
1 0.4501216813 0.2074997687 0.1863302476 0.0904043874
0 0.5969273218 0.7583357288 0.1363195665 0.3279787125
0 0.6066676603 0.8261814979 0.0989286970 0.2454109930
0 0.7915193539 0.8349659335 0.0990214584 0.2013692056
0 0.8547531355 0.1708438635 0.1646446757 0.2961135603
1 0.7373364515 0.5909555004 0.1267676778 0.1111495972
1 0.9168698150 0.6294453283 0.1526480193 0.0944917740
0 0.7048130602 0.0772333822 0.3281097412 0.0981162287
