1 0.139065 0.806841 0.128298 0.185111
1 0.439117 0.843058 0.177962 0.134138
1 0.757275 0.833669 0.108639 0.174380
1 0.944597 0.824950 0.110806 0.151576
1 0.890746 0.163649 0.143818 0.197183
1 0.612422 0.171026 0.102431 0.187793
1 0.359448 0.191818 0.095189 0.197183
1 0.614543 0.163390 0.146107 0.284129
0 0.758977 0.653234 0.029998 0.114448
0 0.205736 0.601566 0.022284 0.080003
1 0.287158 0.752682 0.467962 0.391125
1 0.607703 0.210997 0.293119 0.387791
0 0.773547 0.113771 0.052282 0.106670
1 0.598651 0.071633 0.112233 0.136398
1 0.464099 0.777264 0.098784 0.271552
1 0.159515 0.738132 0.131712 0.288154
1 0.764568 0.777857 0.063112 0.203961
1 0.631026 0.233567 0.114334 0.260880
1 0.385438 0.301158 0.104272 0.279853
1 0.911372 0.282185 0.111590 0.320171
1 0.099638 0.205962 0.132001 0.176933
1 0.375488 0.252438 0.093834 0.146375
1 0.617731 0.195748 0.121545 0.240067
1 0.907781 0.215850 0.073195 0.184436
1 0.947968 0.777541 0.092643 0.171965
1 0.764619 0.782185 0.052371 0.159652
1 0.463142 0.808009 0.084168 0.169374
1 0.143874 0.760485 0.143486 0.197597
0 0.750476 0.427010 0.076974 0.069106
0 0.854236 0.407324 0.116206 0.092606
0 0.484977 0.639935 0.422520 0.194191
0 0.163823 0.562171 0.066247 0.086148
1 0.459635 0.396562 0.338513 0.503296
0 0.436126 0.581877 0.316701 0.553007
