0 0.929509 0.716287 0.095147 0.094609
0 0.676322 0.690007 0.074182 0.124043
1 0.684006 0.317494 0.084116 0.178846
1 0.850766 0.323141 0.058060 0.177613
1 0.420360 0.310286 0.075489 0.117969
1 0.196120 0.274413 0.052152 0.141554
1 0.088220 0.757979 0.054342 0.127880
1 0.356808 0.862151 0.071924 0.172806
1 0.636925 0.838424 0.059347 0.130969
1 0.804627 0.793276 0.033405 0.104478
0 0.154139 0.419178 0.069051 0.050897
0 0.315856 0.249983 0.085846 0.095777
0 0.554278 0.280510 0.069170 0.101589
0 0.771196 0.285831 0.036654 0.139898
0 0.802435 0.424145 0.034197 0.027810
0 0.688168 0.749495 0.070755 0.055922
0 0.938666 0.153500 0.075147 0.112899
0 0.591100 0.827134 0.046365 0.101336
0 0.110405 0.764021 0.064093 0.096003
0 0.454051 0.346232 0.047729 0.117337
