1 0.5981407095 0.7399395185 0.4229359446 0.4005124019
0 0.1841061350 0.5979568530 0.0856328540 0.1954014607
0 0.3895823508 0.6002455002 0.1072703277 0.2072141598
0 0.6860776500 0.5981359726 0.0596957127 0.1756159465
1 0.4225037983 0.0715545523 0.0634776598 0.0693968473
1 0.7082211518 0.8327933825 0.0962472574 0.0660320673
1 0.9184865839 0.8851276300 0.0837463644 0.0710322062
1 0.2629897702 0.1175472385 0.0665961477 0.1326626111
1 0.7143850593 0.7879996177 0.0741971058 0.0901811062
0 0.7666700899 0.1681017295 0.0279156566 0.1774265033
1 0.6614451210 0.1146916182 0.0685776712 0.0940659719
1 0.4381746409 0.1155684911 0.0665897717 0.1460903119
1 0.4717453769 0.4281698129 0.3433174185 0.3039224576
1 0.4980820918 0.4457973334 0.8794571415 0.3975306291
1 0.4965183130 0.5488832486 0.9545049248 0.7069644317
