1 0.848168 0.729349 0.078716 0.135662
1 0.664843 0.763600 0.118074 0.123573
1 0.375356 0.782404 0.092180 0.131632
1 0.349463 0.231028 0.073537 0.130289
1 0.626003 0.212223 0.079751 0.103425
1 0.819168 0.203492 0.120145 0.142377
1 0.262629 0.772002 0.420698 0.351105
1 0.646851 0.796705 0.161308 0.284879
1 0.354866 0.229068 0.066147 0.125111
1 0.630258 0.234915 0.076533 0.139024
1 0.815889 0.233563 0.115866 0.199699
1 0.664794 0.755952 0.069861 0.135813
1 0.853418 0.721830 0.087352 0.141435
1 0.383113 0.751896 0.072318 0.139777
0 0.452116 0.396357 0.128225 0.096346
0 0.232350 0.400394 0.088716 0.075091
0 0.150129 0.407699 0.075482 0.049079
1 0.749318 0.735132 0.220294 0.285687
