1 0.4227533370 0.3384087147 0.1021008082 0.1282480680
1 0.1063217413 0.1744193725 0.0623949556 0.0714825483
1 0.6593679578 0.2511579807 0.0972388434 0.0904044127
0 0.3585924946 0.3201778852 0.0959808557 0.1802483094
0 0.3654012509 0.3023439554 0.0786111324 0.1778726333
0 0.6665915948 0.2851496110 0.0338210918 0.1885450070
0 0.8265561439 0.3675639324 0.0429618887 0.0806356088
0 0.0657964321 0.2314764842 0.1000949867 0.1643680793
0 0.3515106069 0.3580399171 0.1064301197 0.1216323804
1 0.3827094867 0.1623404576 0.1061610975 0.2691522256
1 0.9303243919 0.3777083006 0.0979996152 0.1503221316
0 0.3529081009 0.3736537664 0.1063873310 0.1726946464
