1 0.770745 0.239496 0.132894 0.236774
1 0.953149 0.200597 0.091202 0.179272
1 0.888656 0.771392 0.084687 0.248613
0 0.433727 0.628675 0.023485 0.104070
1 0.527262 0.790036 0.440544 0.315364
1 0.758900 0.237771 0.093399 0.190518
1 0.585445 0.255090 0.132401 0.185189
1 0.879497 0.747374 0.082109 0.229155
1 0.694239 0.740713 0.085188 0.207838
1 0.744392 0.237891 0.042627 0.215215
1 0.692853 0.766027 0.092963 0.156464
1 0.892217 0.784732 0.060844 0.190159
1 0.403459 0.815486 0.083624 0.055920
1 0.753157 0.184745 0.152043 0.106905
0 0.769141 0.194593 0.302862 0.145850
1 0.336617 0.277117 0.054792 0.100648
1 0.764100 0.220083 0.059961 0.139565
1 0.886090 0.823971 0.041353 0.169088
