0 0.151647 0.186222 0.146567 0.248613
1 0.832907 0.735520 0.071571 0.084195
1 0.559011 0.728998 0.074323 0.087752
1 0.770512 0.144377 0.078911 0.097239
1 0.944392 0.118288 0.076159 0.097239
0 0.162578 0.226947 0.093541 0.183963
0 0.885692 0.567540 0.038230 0.034690
0 0.797031 0.267944 0.023589 0.022076
1 0.700643 0.723120 0.419715 0.333235
1 0.270836 0.702882 0.129395 0.094127
1 0.580510 0.725278 0.141574 0.096451
0 0.914911 0.580760 0.077490 0.230405
0 0.276926 0.560187 0.014729 0.039884
0 0.860129 0.605510 0.043486 0.183103
0 0.804720 0.298676 0.078555 0.116932
0 0.512943 0.678932 0.053305 0.032632
0 0.155235 0.261058 0.130458 0.212110
1 0.840841 0.737398 0.052604 0.144126
