1 0.7525065154 0.8634900118 0.1017545834 0.1314017188
1 0.7530969118 0.8395789124 0.0505340161 0.1795605685
1 0.4608190511 0.8049112383 0.0723865636 0.0604460663
1 0.1992713447 0.7480207767 0.0437051139 0.0817800876
1 0.2207104620 0.1996201065 0.3689033122 0.1920790362
1 0.6209005160 0.1771298360 0.3866480201 0.1884319401
1 0.8917408720 0.2172475954 0.0952610916 0.2540791850
1 0.1240484508 0.6451704496 0.2297473744 0.2735302558
1 0.4668016658 0.7412099800 0.0896574758 0.2054516523
1 0.7675279162 0.7867983559 0.0448287002 0.3014910844
1 0.9547812859 0.7947003218 0.0420269677 0.2200398403
0 0.5812820416 0.5703288268 0.1301128449 0.1064955450
