1 0.527714 0.361265 0.079321 0.267216
1 0.231234 0.405238 0.068919 0.287511
1 0.980690 0.280086 0.038619 0.219862
1 0.811840 0.341816 0.083222 0.204640
0 0.892140 0.150373 0.107497 0.146119
0 0.868297 0.272314 0.124471 0.089353
0 0.249986 0.278095 0.032330 0.096712
1 0.247965 0.432098 0.126895 0.320620
1 0.650877 0.413176 0.423523 0.417332
0 0.565607 0.675980 0.159225 0.190270
0 0.861092 0.292258 0.102519 0.088891
1 0.538498 0.430040 0.075181 0.208006
1 0.244610 0.474485 0.031439 0.147560
1 0.675874 0.467374 0.071080 0.094225
1 0.798213 0.386483 0.077915 0.092447
0 0.908355 0.153180 0.023833 0.085839
1 0.980313 0.304590 0.033916 0.133527
1 0.807982 0.359431 0.052249 0.116836
1 0.538944 0.388641 0.054999 0.163332
