1 0.5353324827 0.2569396563 0.0695778082 0.0935580465
0 0.5722403408 0.7295333145 0.0820024979 0.1386818700
0 0.3060574571 0.7083928051 0.0937171968 0.1234607261
0 0.1453064335 0.6847153836 0.1080351033 0.1369906227
0 0.5657321835 0.1680407991 0.1184481156 0.1386818803
0 0.3229786108 0.1807251233 0.0780976666 0.1065482837
0 0.1726406113 0.1578933511 0.0820025452 0.1251519530
1 0.4151501488 0.3845198510 0.7783734286 0.4701654319
1 0.6916083974 0.1734233933 0.0321284523 0.0578412869
1 0.0516999507 0.5642816326 0.0375420653 0.0595151351
