0 0.8452429363 0.6354561057 0.0341257700 0.0700024430
0 0.7006352191 0.7476822022 0.1561251582 0.1433383162
0 0.7897886546 0.6926802769 0.0546011438 0.1266710835
1 0.2961086198 0.1526129553 0.0739986235 0.1769599863
1 0.2630087397 0.6952415384 0.1325914759 0.1090622769
1 0.5315767019 0.7461431360 0.1537552116 0.1342036750
1 0.3109482410 0.1570709700 0.1306772616 0.2066673156
1 0.8658599066 0.1576788067 0.2156174919 0.2224712628
0 0.5805260783 0.2923218819 0.1542244705 0.1886991480
0 0.2467562003 0.6139718743 0.1316365024 0.1961162116
1 0.2668651585 0.7527236938 0.0608942054 0.0605096304
