0 0.061832 0.518166 0.083603 0.105121
0 0.076848 0.184406 0.053571 0.091456
1 0.183382 0.777472 0.058109 0.079610
1 0.349501 0.779951 0.075392 0.071686
1 0.390309 0.143240 0.103705 0.118167
0 0.491213 0.208284 0.148085 0.158607
0 0.652961 0.591680 0.214957 0.144667
0 0.782029 0.338209 0.131415 0.158040
0 0.592416 0.383797 0.063830 0.071726
0 0.480244 0.357052 0.122967 0.125216
1 0.076612 0.205699 0.062891 0.252863
1 0.389661 0.188071 0.122028 0.290550
1 0.663755 0.152208 0.041302 0.175059
1 0.533279 0.710210 0.086358 0.189648
1 0.813005 0.666445 0.067585 0.187216
1 0.353522 0.716896 0.106071 0.183569
1 0.197702 0.717504 0.128599 0.240707
1 0.530235 0.479877 0.772051 0.842161
1 0.526374 0.737414 0.041447 0.119435
