1 0.595461 0.819041 0.083513 0.068923
1 0.773712 0.821378 0.086207 0.139014
1 0.328309 0.808528 0.107759 0.059577
1 0.923676 0.259482 0.109555 0.078268
1 0.786575 0.769431 0.096588 0.268545
1 0.603816 0.786061 0.128784 0.222966
1 0.345775 0.751569 0.125943 0.220503
1 0.493971 0.223101 0.121208 0.227894
1 0.291799 0.230492 0.133518 0.230358
1 0.726444 0.194153 0.144882 0.197097
0 0.521501 0.261554 0.057228 0.088892
0 0.381847 0.717126 0.027333 0.071114
0 0.839671 0.584343 0.075165 0.098892
0 0.878535 0.736015 0.041853 0.051113
0 0.901170 0.817129 0.025624 0.035557
0 0.895191 0.409337 0.071748 0.062224
0 0.817036 0.441005 0.065769 0.074447
1 0.512532 0.805462 0.544947 0.321122
1 0.124297 0.183906 0.058980 0.244417
1 0.277219 0.258259 0.075397 0.314024
1 0.486386 0.253118 0.133769 0.338545
1 0.736595 0.257468 0.096679 0.283966
1 0.895294 0.248372 0.082086 0.254700
1 0.333463 0.752629 0.101543 0.236507
1 0.604346 0.764099 0.072965 0.297413
1 0.791015 0.753816 0.059588 0.232552
0 0.634477 0.648619 0.064897 0.171315
