1 0.9641818551 0.4818515762 0.0271312993 0.2014438614
1 0.8186589540 0.4554720224 0.1208580802 0.2318203723
1 0.6527875217 0.3363643049 0.0628954806 0.1630735834
1 0.4166210983 0.2636206876 0.0542627498 0.1646723736
1 0.2883636304 0.7400514656 0.0863271380 0.1294996392
1 0.5393289710 0.8399740564 0.0604290023 0.1726662509
1 0.7002674656 0.8959306464 0.0641286630 0.1534810139
1 0.0521972017 0.5745796908 0.0776944367 0.1151107849
0 0.1630164268 0.6952269527 0.1539688678 0.3436142029
0 0.5504701749 0.2982876084 0.0719415412 0.0929128134
0 0.7493702866 0.2978325411 0.0861128154 0.3741655097
0 0.3462882249 0.1550931877 0.0856541630 0.1321351078
0 0.6385244112 0.4497193608 0.4067815050 0.7352045389
