1 0.467328 0.882586 0.468216 0.183128
1 0.774304 0.267741 0.228423 0.203208
1 0.315908 0.313925 0.260464 0.170277
0 0.423401 0.379385 0.243927 0.143772
0 0.811513 0.308704 0.156072 0.090761
0 0.417915 0.375651 0.219936 0.177585
0 0.818591 0.313919 0.067505 0.111625
0 0.419025 0.392678 0.204374 0.126146
0 0.830479 0.352206 0.096096 0.083046
0 0.125998 0.856789 0.151589 0.068329
0 0.052911 0.359039 0.046018 0.048356
1 0.406167 0.879390 0.565750 0.229165
0 0.437198 0.405035 0.170098 0.096725
1 0.381005 0.934303 0.164023 0.131393
1 0.768282 0.347236 0.142761 0.228837
0 0.136188 0.477667 0.238445 0.227014
0 0.575581 0.519486 0.367282 0.158312
0 0.888059 0.440330 0.223061 0.256884
0 0.306369 0.766662 0.440354 0.258378
0 0.798642 0.700947 0.378820 0.070195
0 0.039080 0.654649 0.059611 0.085130
1 0.398670 0.933935 0.305748 0.115000
1 0.273679 0.285004 0.240368 0.116494
1 0.765952 0.267829 0.144221 0.076169
1 0.038118 0.821175 0.049996 0.119481
