1 0.611940 0.469513 0.717523 0.564464
0 0.494195 0.101167 0.728575 0.165561
1 0.815511 0.547819 0.092544 0.341522
1 0.556025 0.589916 0.065325 0.314248
0 0.444021 0.758821 0.284316 0.260454
0 0.653097 0.716018 0.084594 0.076520
0 0.789138 0.709537 0.106274 0.125569
0 0.924094 0.718726 0.138458 0.134940
1 0.818519 0.515361 0.069687 0.218962
1 0.981861 0.501467 0.036278 0.128338
1 0.554512 0.524718 0.044021 0.135681
1 0.182119 0.537839 0.280949 0.247191
1 0.363963 0.536238 0.127544 0.391615
1 0.818464 0.516393 0.101225 0.330756
1 0.576536 0.577252 0.115397 0.452474
1 0.817225 0.516659 0.066739 0.152985
