1 0.397162 0.311374 0.111674 0.454944
1 0.688035 0.282622 0.062330 0.285820
0 0.444436 0.376129 0.063396 0.121494
0 0.712965 0.287073 0.048000 0.082568
0 0.359304 0.373770 0.063396 0.168676
1 0.387736 0.391521 0.168114 0.211717
1 0.683086 0.349396 0.100716 0.124093
1 0.888557 0.291757 0.116053 0.128010
0 0.338304 0.328915 0.092012 0.131402
0 0.523943 0.334171 0.150125 0.108275
1 0.250731 0.440869 0.415669 0.534017
1 0.383728 0.266613 0.127536 0.424807
0 0.341668 0.337303 0.059919 0.139719
0 0.507066 0.348198 0.146629 0.076902
1 0.396416 0.504819 0.056203 0.085702
1 0.541432 0.595496 0.068246 0.168639
0 0.912335 0.862024 0.115447 0.180942
1 0.481854 0.409031 0.900095 0.307092
1 0.389821 0.394738 0.107342 0.181138
1 0.504655 0.254549 0.779612 0.428122
