1 0.441944 0.202281 0.297006 0.358901
0 0.070045 0.697299 0.068474 0.171117
0 0.609277 0.272284 0.054779 0.030001
1 0.694773 0.757150 0.133264 0.191252
0 0.091696 0.585231 0.107442 0.131711
0 0.110619 0.375375 0.139004 0.196860
1 0.526416 0.143545 0.118642 0.218639
0 0.292415 0.327356 0.091926 0.162635
1 0.379124 0.155299 0.076639 0.207344
1 0.188815 0.187906 0.069555 0.195639
0 0.117328 0.619316 0.094028 0.105344
1 0.190636 0.224477 0.119379 0.155911
1 0.376028 0.228248 0.135420 0.196490
1 0.217935 0.779276 0.107966 0.165166
1 0.672779 0.788887 0.168735 0.153063
0 0.226518 0.567242 0.297729 0.331494
