0 0.5255267077 0.6279852792 0.0241792131 0.0231267084
0 0.8418714693 0.6442790797 0.0314330299 0.0599191833
0 0.5613925292 0.7147103988 0.0540002502 0.0430997859
0 0.7088857972 0.6773923023 0.0443285952 0.1030189693
0 0.4453322911 0.2579580188 0.0346569401 0.0546631155
1 0.2183828071 0.2406814427 0.0645514762 0.1873591733
1 0.4102188904 0.7292383177 0.3754896032 0.1873591610
1 0.8179842127 0.6770623232 0.0727340396 0.1778726524
1 0.3825093921 0.7604655342 0.3489469963 0.1386704957
1 0.6578503599 0.1177810349 0.5016112375 0.0906691655
1 0.4034934091 0.6913666683 0.1901441517 0.2516478507
1 0.5428392297 0.5910722734 0.7801502530 0.3865894136
