0 0.648154 0.138021 0.089433 0.152212
0 0.426486 0.636185 0.040875 0.084448
0 0.646615 0.191725 0.108148 0.293344
0 0.746674 0.330619 0.042578 0.044446
0 0.634108 0.188380 0.052248 0.127978
1 0.754645 0.680558 0.196160 0.220075
1 0.291287 0.136949 0.041249 0.151900
1 0.586443 0.145321 0.088914 0.209311
1 0.744104 0.156684 0.065081 0.239212
1 0.918265 0.154292 0.077914 0.181801
0 0.435500 0.644476 0.034351 0.037746
0 0.638443 0.162630 0.053335 0.074312
1 0.756865 0.724096 0.241363 0.173394
0 0.658481 0.154211 0.112924 0.171143
0 0.441050 0.620506 0.063827 0.060403
0 0.894148 0.131789 0.069438 0.120807
0 0.646908 0.734906 0.044889 0.168397
1 0.750363 0.649793 0.206910 0.258087
1 0.264300 0.705162 0.378049 0.183955
1 0.578523 0.093808 0.094688 0.151008
1 0.747558 0.132247 0.094688 0.205920
1 0.764920 0.693371 0.217610 0.225869
1 0.598035 0.152836 0.092390 0.184034
1 0.748268 0.126108 0.073427 0.165205
