1 0.786824 0.710507 0.128888 0.319645
1 0.451182 0.801074 0.407843 0.356362
1 0.800744 0.723652 0.152109 0.276680
1 0.438938 0.825630 0.379060 0.208189
1 0.766849 0.212002 0.059239 0.180302
1 0.924803 0.164594 0.027012 0.108330
0 0.594840 0.560429 0.017797 0.042227
1 0.589737 0.889087 0.117757 0.083009
1 0.241942 0.038836 0.062987 0.061664
1 0.796220 0.701342 0.145493 0.317413
1 0.761316 0.169915 0.074791 0.307008
1 0.393963 0.144100 0.053117 0.258167
1 0.608474 0.154191 0.032881 0.262115
1 0.913533 0.156517 0.065601 0.266828
1 0.123578 0.557633 0.178982 0.185439
1 0.841876 0.762260 0.066203 0.192643
