0 0.150542 0.612215 0.110047 0.216103
1 0.177664 0.154032 0.086630 0.127647
1 0.345800 0.191718 0.080109 0.193295
1 0.737031 0.228189 0.134136 0.249216
1 0.429169 0.749720 0.164876 0.151961
1 0.691387 0.702308 0.083835 0.178706
1 0.165641 0.211085 0.105192 0.263459
1 0.317044 0.237669 0.096679 0.289647
1 0.456895 0.257905 0.102760 0.287266
1 0.699506 0.268221 0.133162 0.298376
1 0.914754 0.272982 0.071141 0.312660
1 0.228574 0.701500 0.075398 0.277743
1 0.434701 0.729671 0.126474 0.307105
1 0.703762 0.686026 0.119785 0.207117
