0 0.4658450172 0.6402384577 0.0355040746 0.0872507230
1 0.2769553696 0.7813041620 0.0796770210 0.0754911457
1 0.1008511103 0.7789450689 0.0407439206 0.0660547731
1 0.4838439436 0.7930996690 0.0769607196 0.0707730417
1 0.7672404414 0.7665597886 0.0679065396 0.0436433058
1 0.2543198722 0.0995245128 0.0742444183 0.0330274020
1 0.4526069120 0.1225257251 0.0525143388 0.0365660366
1 0.7047664729 0.1355007684 0.0715282116 0.0412842435
0 0.5988786907 0.9357203910 0.0923830273 0.0620001949
0 0.9133541826 0.1272865445 0.0979819604 0.0644315590
1 0.2932682788 0.7564061397 0.0765192415 0.2334125130
1 0.4859661454 0.4767974216 0.8799713996 0.2966283900
0 0.4424955613 0.5038178046 0.7848099458 0.5041698988
