0 0.7233129641 0.7745831245 0.1741078127 0.2944221036
1 0.6211448584 0.7024805709 0.0935760838 0.2621968178
1 0.7996780793 0.7024805463 0.1058886598 0.2845794359
1 0.3391854004 0.6457245536 0.0960385726 0.2605980208
0 0.7153365314 0.7880142470 0.1711456790 0.3309435181
0 0.4511533829 0.8476889527 0.0372405968 0.0714825287
0 0.7037416668 0.7394139113 0.1619155298 0.2081402927
0 0.6523334829 0.1954107891 0.5124627814 0.3458493356
1 0.0981488588 0.6576775499 0.0735734233 0.3221277926
1 0.3328541752 0.6667571309 0.0845182435 0.3592356454
1 0.6116427359 0.6924168164 0.1191768150 0.4563476857
1 0.8183779805 0.7121550605 0.0899906277 0.3900273170
0 0.7055340735 0.7898143667 0.1318112058 0.2831161143
