0 0.561814 0.457327 0.059246 0.036793
0 0.130048 0.255494 0.051130 0.053612
0 0.300888 0.297543 0.030840 0.062022
0 0.585756 0.331707 0.034087 0.044151
0 0.132593 0.272348 0.074876 0.128754
0 0.297192 0.311225 0.074876 0.166377
0 0.684805 0.665717 0.293695 0.231590
1 0.575073 0.795308 0.061321 0.201492
1 0.729501 0.341881 0.351159 0.315344
1 0.570884 0.754018 0.168358 0.199756
1 0.844058 0.792310 0.097510 0.157021
1 0.100268 0.738972 0.122163 0.201040
1 0.271206 0.757072 0.056049 0.166526
1 0.179803 0.225463 0.096871 0.188110
1 0.348007 0.257469 0.080176 0.227594
