1 0.274066 0.724096 0.075057 0.274835
1 0.548521 0.747097 0.088622 0.242987
1 0.724408 0.760072 0.056971 0.247705
1 0.878591 0.761252 0.048832 0.254783
1 0.281300 0.180324 0.069631 0.182830
1 0.701348 0.238122 0.090430 0.180471
1 0.412294 0.784616 0.410209 0.302750
1 0.549754 0.705595 0.061378 0.336529
1 0.279059 0.695260 0.074282 0.309598
0 0.713986 0.616213 0.071771 0.198679
0 0.714417 0.357708 0.080753 0.128211
1 0.874823 0.830358 0.045023 0.129199
1 0.735702 0.829183 0.072937 0.089265
1 0.545255 0.810391 0.104453 0.115105
1 0.276469 0.798645 0.096349 0.103359
1 0.516441 0.138556 0.095448 0.091614
1 0.689779 0.157349 0.072937 0.086916
1 0.849610 0.174379 0.082842 0.097487
1 0.287725 0.170269 0.063032 0.063425
